2 0.1796875 0.86875 0.08671875 0.04375
2 0.18046875 0.95 0.06796875 0.03984375
2 0.39609375 0.86484375 0.0796875 0.03671875
2 0.39375 0.946875 0.06796875 0.03828125
2 0.68828125 0.44375 0.07265625 0.04375
2 0.6921875 0.5296875 0.075 0.0453125
2 0.69140625 0.61328125 0.07421875 0.04296875
2 0.690625 0.6984375 0.06796875 0.04375
2 0.69140625 0.78046875 0.0765625 0.04375
2 0.85625 0.77734375 0.0765625 0.04140625
2 0.85546875 0.85625 0.06796875 0.03984375
1 0.40703125 0.41484375 0.08125 0.04296875
1 0.17890625 0.78828125 0.0796875 0.03984375
1 0.696875 0.86171875 0.08125 0.04140625
0 0.29375 0.5984375 0.375 0.2796875