0 0.21953125 0.778125 0.32265625 0.3296875
1 0.06328125 0.6359375 0.05859375 0.03828125
1 0.32421875 0.39765625 0.09921875 0.18203125
1 0.671875 0.25234375 0.11328125 0.18046875
1 0.5734375 0.16015625 0.03515625 0.05703125
1 0.57265625 0.2546875 0.03984375 0.02109375
1 0.4515625 0.40234375 0.03125 0.05703125
1 0.80859375 0.315625 0.02421875 0.0453125
1 0.7875 0.6390625 0.05234375 0.02578125
1 0.7859375 0.58984375 0.05 0.02265625
1 0.70078125 0.6375 0.04375 0.02265625
1 0.6140625 0.79375 0.02421875 0.0484375
1 0.39765625 0.78125 0.0140625 0.034375
1 0.440625 0.790625 0.01953125 0.046875
1 0.440625 0.87890625 0.02265625 0.0453125
1 0.20625 0.46640625 0.090625 0.1125
1 0.15859375 0.578125 0.02421875 0.04296875
1 0.20078125 0.5859375 0.01875 0.0328125
1 0.49765625 0.62109375 0.04375 0.02265625
1 0.6359375 0.49296875 0.02421875 0.0484375
2 0.5 0.57578125 0.0484375 0.02734375
2 0.5015625 0.52734375 0.05078125 0.02578125
1 0.503125 0.47578125 0.0484375 0.02265625
1 0.396875 0.85 0.015625 0.0328125
1 0.61328125 0.6828125 0.02578125 0.046875
2 0.91171875 0.409375 0.03671875 0.0625
2 0.51640625 0.40390625 0.03828125 0.05859375
2 0.640625 0.403125 0.034375 0.059375
2 0.3453125 0.61953125 0.03671875 0.0625