0 0.80703125 0.565625 0.28984375 0.22421875
0 0.303125 0.11796875 0.234375 0.1875
0 0.3109375 0.54453125 0.25 0.29140625
0 0.2984375 0.78515625 0.22734375 0.14453125
1 0.55390625 0.3234375 0.10234375 0.08671875
1 0.453125 0.1015625 0.03671875 0.05546875
1 0.5171875 0.1015625 0.03984375 0.05546875
1 0.45390625 0.20078125 0.03828125 0.05546875
1 0.51640625 0.20078125 0.03515625 0.05546875
1 0.43515625 0.3015625 0.05234375 0.03828125
1 0.43671875 0.36796875 0.05234375 0.03671875
1 0.31484375 0.275 0.10625 0.08671875
1 0.22734375 0.36875 0.05703125 0.03515625
1 0.32421875 0.36796875 0.05546875 0.03984375
1 0.21171875 0.27578125 0.03984375 0.05703125
1 0.62421875 0.54609375 0.0296875 0.046875
1 0.8375 0.4328125 0.05 0.02734375
1 0.83515625 0.1984375 0.3125 0.30546875
1 0.97265625 0.05546875 0.046875 0.028125
1 0.48125 0.49609375 0.04296875 0.05703125
1 0.45234375 0.73828125 0.046875 0.0296875
2 0.10625 0.04453125 0.05390625 0.03828125
2 0.10546875 0.1390625 0.0625 0.04296875
2 0.10390625 0.23046875 0.0625 0.04140625
2 0.103125 0.32421875 0.0609375 0.04296875
2 0.10390625 0.41796875 0.065625 0.04296875
2 0.103125 0.5109375 0.0609375 0.04140625
2 0.10546875 0.60546875 0.059375 0.0484375
2 0.103125 0.69765625 0.0609375 0.04296875
2 0.0984375 0.90234375 0.04375 0.075
2 0.6328125 0.10546875 0.08671875 0.05546875
2 0.63203125 0.21328125 0.090625 0.05390625
1 0.0484375 0.89453125 0.028125 0.046875