2 0.61953125 0.1890625 0.05703125 0.03671875
1 0.475 0.69296875 0.03828125 0.05390625
2 0.5359375 0.69140625 0.03515625 0.0625
2 0.6078125 0.69296875 0.04296875 0.0625
2 0.678125 0.69296875 0.04140625 0.065625
2 0.25703125 0.6609375 0.03671875 0.0609375
2 0.31640625 0.66328125 0.03515625 0.05703125
1 0.45703125 0.58515625 0.0484375 0.028125
1 0.62109375 0.878125 0.125 0.0625
1 0.30703125 0.74609375 0.05078125 0.034375
1 0.1421875 0.73046875 0.04296875 0.028125
1 0.17265625 0.67578125 0.05234375 0.03828125
1 0.1546875 0.4875 0.1078125 0.090625
1 0.04921875 0.4859375 0.03515625 0.05703125