1 0.2921875 0.771875 0.2125 0.2203125
1 0.28828125 0.13125 0.21875 0.215625
1 0.29140625 0.346875 0.221875 0.209375
1 0.29140625 0.55859375 0.209375 0.209375
1 0.04609375 0.71015625 0.040625 0.025
1 0.06640625 0.95546875 0.053125 0.0203125
1 0.15 0.95546875 0.05625 0.025
1 0.88671875 0.67265625 0.025 0.04375
1 0.846875 0.671875 0.021875 0.034375
1 0.8171875 0.671875 0.021875 0.034375
1 0.77734375 0.84140625 0.040625 0.021875
1 0.08515625 0.1078125 0.021875 0.0375
2 0.8234375 0.62734375 0.03125 0.021875
2 0.825 0.59765625 0.0375 0.01875
2 0.825 0.56953125 0.040625 0.021875
2 0.8234375 0.534375 0.04375 0.01875
1 0.775 0.5109375 0.025 0.0375
1 0.7734375 0.58203125 0.01875 0.0375
1 0.840625 0.41953125 0.021875 0.040625
2 0.821875 0.50390625 0.040625 0.01875
2 0.82421875 0.47578125 0.040625 0.01875
1 0.8015625 0.4203125 0.01875 0.0375
1 0.79375 0.3609375 0.04375 0.03125
1 0.9703125 0.27890625 0.025 0.05
1 0.9328125 0.27578125 0.021875 0.05
1 0.97421875 0.34765625 0.021875 0.0375
2 0.9390625 0.34375 0.021875 0.04375
2 0.91015625 0.35 0.025 0.040625
2 0.85078125 0.35 0.025 0.04375
1 0.85078125 0.15390625 0.05 0.021875