2 0.2828125 0.13671875 0.0640625 0.034375
2 0.6203125 0.0453125 0.059375 0.03125
2 0.53359375 0.0515625 0.065625 0.034375
2 0.28046875 0.26796875 0.06875 0.0328125
2 0.27890625 0.30625 0.0703125 0.028125
1 0.284375 0.34765625 0.0671875 0.034375
1 0.2265625 0.5 0.040625 0.06875
1 0.709375 0.0484375 0.053125 0.034375
2 0.221875 0.2015625 0.034375 0.05
1 0.525 0.62890625 0.05 0.028125
1 0.89765625 0.78984375 0.028125 0.0453125
1 0.23046875 0.87265625 0.234375 0.240625
1 0.4453125 0.05078125 0.0625 0.034375
1 0.96015625 0.01640625 0.05 0.028125
1 0.9640625 0.05703125 0.046875 0.034375