1 0.73828125 0.1390625 0.08125 0.084375
1 0.52109375 0.3015625 0.0796875 0.075
1 0.45703125 0.375 0.0875 0.08125
1 0.6359375 0.403125 0.071875 0.075
1 0.5734375 0.4765625 0.08125 0.071875
1 0.06875 0.58203125 0.090625 0.0828125
1 0.73828125 0.80078125 0.03125 0.059375
1 0.78671875 0.7953125 0.0375 0.0765625
1 0.38984375 0.46640625 0.06875 0.06875
1 0.46796875 0.69921875 0.3 0.36875
2 0.71015625 0.71640625 0.084375 0.040625
2 0.1375 0.821875 0.090625 0.046875
2 0.6296875 0.73828125 0.059375 0.04375
2 0.484375 0.44296875 0.071875 0.075
2 0.5875 0.34375 0.078125 0.065625
2 0.521875 0.4109375 0.075 0.075
2 0.55546875 0.3734375 0.0765625 0.0765625
2 0.7046875 0.4359375 0.075 0.06875
2 0.0625 0.478125 0.0796875 0.08125
2 0.60703125 0.5390625 0.075 0.075
2 0.63671875 0.503125 0.078125 0.08125
2 0.66953125 0.47265625 0.075 0.071875