1 0.415625 0.49375 0.0875 0.0921875
1 0.3921875 0.184375 0.259375 0.2640625
1 0.728125 0.8875 0.221875 0.2015625
0 0.84296875 0.6890625 0.146875 0.19375
0 0.84140625 0.81953125 0.046875 0.065625
1 0.67578125 0.48046875 0.26875 0.265625
2 0.209375 0.21015625 0.028125 0.0625
1 0.1765625 0.209375 0.01875 0.046875
1 0.18125 0.40078125 0.025 0.05
1 0.28203125 0.48046875 0.021875 0.04375
2 0.2515625 0.478125 0.025 0.046875
1 0.2015625 0.46484375 0.0375 0.021875
1 0.20390625 0.49140625 0.0375 0.028125
1 0.25859375 0.5265625 0.034375 0.025
2 0.38515625 0.565625 0.025 0.04375
1 0.33046875 0.61328125 0.034375 0.0296875
1 0.18984375 0.525 0.034375 0.028125
1 0.27109375 0.76796875 0.025 0.034375
1 0.25546875 0.55546875 0.0453125 0.021875
1 0.2609375 0.5890625 0.04375 0.0296875
1 0.19375 0.55390625 0.0375 0.021875
1 0.19140625 0.58125 0.0453125 0.021875
1 0.31484375 0.03359375 0.046875 0.021875
1 0.259375 0.0421875 0.025 0.05
1 0.2234375 0.0390625 0.021875 0.05
1 0.1953125 0.03828125 0.025 0.0484375
1 0.3875 0.03125 0.05 0.028125
1 0.4796875 0.09921875 0.025 0.0484375
1 0.0234375 0.846875 0.021875 0.05
2 0.3296875 0.640625 0.05625 0.028125
2 0.32734375 0.67421875 0.05625 0.028125