0 0.32421875 0.89765625 0.178125 0.13125
0 0.49453125 0.1875 0.2125 0.253125
1 0.475 0.81484375 0.028125 0.046875
2 0.06953125 0.9109375 0.028125 0.04375
2 0.1125 0.9109375 0.028125 0.04375
1 0.153125 0.91171875 0.028125 0.0453125
1 0.084375 0.4921875 0.04375 0.025
2 0.56484375 0.39453125 0.028125 0.040625
1 0.6 0.390625 0.0296875 0.040625
1 0.8515625 0.53046875 0.24375 0.240625
1 0.58046875 0.60859375 0.240625 0.2125
1 0.25 0.671875 0.3296875 0.2953125
2 0.48046875 0.87578125 0.03125 0.046875
2 0.48125 0.94765625 0.025 0.04375
2 0.1796875 0.46328125 0.0296875 0.0484375
2 0.2 0.9125 0.025 0.0375
2 0.1109375 0.9828125 0.028125 0.034375
2 0.16015625 0.98046875 0.0328125 0.0390625
2 0.4 0.4265625 0.0296875 0.05
2 0.44140625 0.42578125 0.028125 0.0375
2 0.4765625 0.42578125 0.0296875 0.0375
2 0.86796875 0.16640625 0.03125 0.0484375
2 0.38125 0.74765625 0.0328125 0.034375
2 0.42421875 0.7484375 0.028125 0.0453125