2 0.86328125 0.2828125 0.034375 0.0640625
2 0.9546875 0.6203125 0.03125 0.059375
2 0.9484375 0.53359375 0.034375 0.065625
2 0.73203125 0.28046875 0.0328125 0.06875
2 0.69375 0.27890625 0.028125 0.0703125
1 0.65234375 0.284375 0.034375 0.0671875
1 0.5 0.2265625 0.06875 0.040625
1 0.9515625 0.709375 0.034375 0.053125
2 0.7984375 0.221875 0.05 0.034375
1 0.37109375 0.525 0.028125 0.05
1 0.21015625 0.89765625 0.0453125 0.028125
1 0.12734375 0.23046875 0.240625 0.234375
1 0.94921875 0.4453125 0.034375 0.0625
1 0.98359375 0.96015625 0.028125 0.05
1 0.94296875 0.9640625 0.034375 0.0484375