0 0.4828125 0.31640625 0.271875 0.221875
0 0.084375 0.26171875 0.1546875 0.221875
2 0.41484375 0.15234375 0.034375 0.0625
2 0.453125 0.1546875 0.0375 0.065625
2 0.50703125 0.16015625 0.034375 0.065625
2 0.66640625 0.24609375 0.0484375 0.034375
2 0.66796875 0.196875 0.0609375 0.0328125
2 0.6671875 0.15859375 0.053125 0.0296875
2 0.6234375 0.471875 0.025 0.059375
2 0.3375 0.45703125 0.046875 0.0296875
1 0.46484375 0.59765625 0.259375 0.2953125
2 0.5265625 0.44609375 0.04375 0.028125
2 0.10078125 0.396875 0.0625 0.0328125