1 0.49375 0.584375 0.0921875 0.0875
1 0.184375 0.6078125 0.2640625 0.259375
1 0.8875 0.271875 0.2015625 0.221875
0 0.6890625 0.15703125 0.19375 0.146875
0 0.81953125 0.15859375 0.065625 0.046875
1 0.48046875 0.32421875 0.265625 0.26875
2 0.21015625 0.790625 0.0625 0.0265625
1 0.209375 0.8234375 0.046875 0.01875
1 0.40078125 0.81875 0.05 0.025
1 0.48046875 0.71796875 0.04375 0.021875
2 0.478125 0.7484375 0.046875 0.025
1 0.46484375 0.7984375 0.021875 0.0375
1 0.49140625 0.79609375 0.028125 0.0375
1 0.5265625 0.74140625 0.025 0.034375
2 0.565625 0.61484375 0.04375 0.025
1 0.61328125 0.66953125 0.0296875 0.034375
1 0.525 0.81015625 0.028125 0.034375
1 0.76796875 0.72890625 0.034375 0.025
1 0.55546875 0.74453125 0.021875 0.0453125
1 0.5890625 0.7390625 0.0296875 0.04375
1 0.55390625 0.80625 0.021875 0.0375
1 0.58125 0.80859375 0.021875 0.0453125
1 0.03359375 0.68515625 0.021875 0.046875
1 0.0421875 0.740625 0.05 0.025
1 0.0390625 0.7765625 0.05 0.021875
1 0.03828125 0.8046875 0.0484375 0.025
1 0.03125 0.6125 0.028125 0.05
1 0.09921875 0.5203125 0.0484375 0.025
1 0.846875 0.9765625 0.05 0.021875
2 0.640625 0.6703125 0.028125 0.05625
2 0.67421875 0.67265625 0.028125 0.05625