2 0.52734375 0.9234375 0.05 0.1
2 0.55546875 0.73046875 0.0453125 0.084375
2 0.584375 0.5328125 0.046875 0.0796875
2 0.5953125 0.33984375 0.0484375 0.075
2 0.59296875 0.14453125 0.04375 0.084375
2 0.09296875 0.60859375 0.04375 0.08125
2 0.14296875 0.3921875 0.046875 0.08125
2 0.14140625 0.26875 0.05 0.084375
2 0.0859375 0.06640625 0.05 0.0875
2 0.73828125 0.92734375 0.053125 0.0796875
2 0.73828125 0.72890625 0.04375 0.0796875
2 0.7375 0.53359375 0.0484375 0.075
2 0.7328125 0.33828125 0.05 0.084375
2 0.7296875 0.140625 0.046875 0.090625