1 0.33203125 0.4546875 0.234375 0.271875
1 0.5765625 0.45 0.253125 0.278125
1 0.82578125 0.45078125 0.246875 0.2796875
2 0.68359375 0.30546875 0.04375 0.021875
2 0.68671875 0.2734375 0.053125 0.025
2 0.6828125 0.23984375 0.046875 0.021875
1 0.7484375 0.234375 0.040625 0.025
1 0.68359375 0.19921875 0.040625 0.021875
0 0.6828125 0.78984375 0.29375 0.30625
0 0.53984375 0.17890625 0.134375 0.1625
2 0.76171875 0.0875 0.04375 0.0296875
2 0.6796875 0.16796875 0.04375 0.025
2 0.67578125 0.125 0.0453125 0.021875
2 0.67265625 0.09453125 0.040625 0.021875