1 0.23046875 0.70390625 0.40234375 0.33984375
1 0.5015625 0.26953125 0.01953125 0.03984375
1 0.8890625 0.47890625 0.01953125 0.03671875
2 0.66015625 0.38203125 0.01953125 0.03671875
2 0.6953125 0.38671875 0.02109375 0.03671875
1 0.7296875 0.38671875 0.02109375 0.03671875
1 0.4953125 0.7234375 0.02109375 0.0328125
2 0.5296875 0.721875 0.02578125 0.03671875
1 0.56640625 0.721875 0.01953125 0.03671875
2 0.4953125 0.609375 0.02421875 0.034375
2 0.528125 0.6078125 0.01953125 0.034375
2 0.5640625 0.6078125 0.01953125 0.03984375
2 0.59921875 0.60703125 0.02265625 0.03828125
2 0.6359375 0.60546875 0.02109375 0.03671875
1 0.69921875 0.60546875 0.02421875 0.03671875
1 0.4796875 0.39296875 0.02421875 0.04140625
1 0.55 0.26953125 0.04296875 0.0765625
2 0.60078125 0.26484375 0.01953125 0.04140625
2 0.81328125 0.26171875 0.02734375 0.034375
2 0.84765625 0.259375 0.02265625 0.03828125
2 0.775 0.15078125 0.02734375 0.04296875
2 0.80859375 0.15078125 0.02421875 0.03671875
2 0.8453125 0.14609375 0.02578125 0.03984375
2 0.66171875 0.47265625 0.02578125 0.03515625
2 0.69765625 0.47578125 0.02265625 0.03984375
2 0.48359375 0.48671875 0.02421875 0.04140625
2 0.634375 0.72109375 0.02109375 0.03515625
2 0.70078125 0.67265625 0.02109375 0.03828125
2 0.73671875 0.66953125 0.02421875 0.03828125
2 0.76953125 0.8734375 0.065625 0.034375
2 0.8046875 0.59921875 0.02421875 0.03125
2 0.8421875 0.59765625 0.01953125 0.0328125
2 0.87734375 0.59921875 0.02421875 0.034375
2 0.7359375 0.6 0.02265625 0.0328125
2 0.76953125 0.6 0.01953125 0.0328125
0 0.81015625 0.4375 0.11796875 0.15625
0 0.56328125 0.44140625 0.1125 0.16015625