0 0.89765625 0.67578125 0.13046875 0.17734375
0 0.1875 0.50546875 0.253125 0.21328125
1 0.81484375 0.525 0.046875 0.02734375
2 0.9109375 0.93046875 0.04375 0.028125
2 0.9109375 0.8875 0.04375 0.028125
1 0.91171875 0.846875 0.0453125 0.028125
1 0.4921875 0.915625 0.02421875 0.04375
2 0.39453125 0.43515625 0.04140625 0.02734375
1 0.390625 0.4 0.03984375 0.0296875
1 0.53046875 0.1484375 0.23984375 0.24296875
1 0.60859375 0.41953125 0.21171875 0.23984375
1 0.671875 0.75 0.2953125 0.3296875
2 0.87578125 0.51953125 0.046875 0.03125
2 0.94765625 0.51875 0.04296875 0.02578125
2 0.46328125 0.8203125 0.0484375 0.0296875
2 0.9125 0.8 0.03828125 0.02578125
2 0.9828125 0.8890625 0.034375 0.028125
2 0.98046875 0.83984375 0.0390625 0.0328125
2 0.4265625 0.6 0.05 0.0296875
2 0.42578125 0.55859375 0.03671875 0.028125
2 0.42578125 0.5234375 0.03828125 0.0296875
2 0.16640625 0.13203125 0.0484375 0.03125
2 0.74765625 0.61875 0.03515625 0.0328125
2 0.7484375 0.57578125 0.0453125 0.02734375