2 0.35859375 0.24453125 0.08125 0.0453125
2 0.65546875 0.16171875 0.075 0.0453125
2 0.8203125 0.15703125 0.075 0.0375
2 0.82109375 0.23828125 0.075 0.04375
2 0.925 0.390625 0.065625 0.04375
2 0.659375 0.39296875 0.071875 0.040625
2 0.65859375 0.47890625 0.075 0.04375
2 0.6578125 0.5578125 0.075 0.046875
2 0.65703125 0.6375 0.065625 0.0453125
2 0.65703125 0.7203125 0.06875 0.040625
2 0.38125 0.74375 0.075 0.040625
2 0.36015625 0.33203125 0.071875 0.04375
2 0.14453125 0.253125 0.0765625 0.0453125
2 0.14609375 0.33125 0.06875 0.0375
2 0.92890625 0.63671875 0.08125 0.04375
2 0.65625 0.07734375 0.0796875 0.04375
1 0.1421875 0.16875 0.0875 0.04375
1 0.65703125 0.24140625 0.0875 0.0453125
1 0.1453125 0.74375 0.084375 0.046875
1 0.93125 0.72265625 0.075 0.0484375
1 0.93125 0.55859375 0.08125 0.05
0 0.265625 0.55625 0.3875 0.275