2 0.1875 0.49609375 0.09375 0.178125
2 0.2046875 0.81171875 0.09375 0.16875
2 0.77578125 0.21328125 0.05 0.103125
1 0.859375 0.2140625 0.028125 0.04375
2 0.90390625 0.21796875 0.028125 0.040625
1 0.85859375 0.34140625 0.025 0.05625
1 0.0953125 0.84453125 0.053125 0.028125
1 0.096875 0.88359375 0.05 0.025
2 0.365625 0.69296875 0.0875 0.05
2 0.36171875 0.75234375 0.0953125 0.05
2 0.3609375 0.91953125 0.09375 0.053125
2 0.35625 0.97734375 0.090625 0.0453125
2 0.36328125 0.8078125 0.0953125 0.05
2 0.36171875 0.86328125 0.0953125 0.05
2 0.8015625 0.81640625 0.0875 0.153125