12 0.5109375 0.0859375 0.74296875 0.14140625
5 0.11640625 0.265625 0.02890625 0.034375
10 0.4859375 0.3234375 0.02890625 0.0359375
5 0.83828125 0.275 0.0484375 0.0203125
5 0.8390625 0.25078125 0.04609375 0.0203125
5 0.78984375 0.25078125 0.0484375 0.0203125
5 0.7890625 0.27421875 0.05 0.0203125
10 0.7921875 0.3234375 0.04453125 0.0203125
10 0.90703125 0.4546875 0.04609375 0.0203125
10 0.73671875 0.590625 0.0234375 0.034375
10 0.56953125 0.53515625 0.025 0.034375
10 0.5125 0.5625 0.025 0.0359375
10 0.45859375 0.53203125 0.025 0.03671875
10 0.4328125 0.496875 0.04453125 0.02109375
10 0.35703125 0.56171875 0.04296875 0.01875
10 0.54453125 0.46484375 0.04609375 0.0203125
10 0.45234375 0.4703125 0.04453125 0.02109375
12 0.50625 0.90703125 0.74140625 0.1453125
5 0.07890625 0.478125 0.1 0.05703125
5 0.0828125 0.371875 0.0234375 0.03828125
5 0.1140625 0.37109375 0.02109375 0.034375
10 0.22890625 0.26640625 0.04609375 0.02109375
10 0.2671875 0.3546875 0.0234375 0.0359375
10 0.31875 0.42265625 0.04453125 0.01875
10 0.4328125 0.35625 0.0265625 0.03671875
10 0.51640625 0.37421875 0.025 0.0359375
10 0.48984375 0.37421875 0.01953125 0.0359375
10 0.65 0.353125 0.04609375 0.02109375
10 0.65234375 0.453125 0.04140625 0.02109375
10 0.675 0.4828125 0.04609375 0.02109375
10 0.6109375 0.4609375 0.025 0.03671875
10 0.63203125 0.4953125 0.04296875 0.0203125
10 0.61953125 0.51484375 0.04609375 0.0203125
10 0.56640625 0.49609375 0.02109375 0.0359375
10 0.58828125 0.47734375 0.0234375 0.03828125
10 0.65859375 0.57890625 0.025 0.034375
10 0.58359375 0.63984375 0.025 0.0359375
10 0.55390625 0.63125 0.02109375 0.0359375
10 0.49375 0.621875 0.0265625 0.03671875
10 0.45859375 0.59453125 0.025 0.034375
10 0.5328125 0.53359375 0.0234375 0.03671875
10 0.49765625 0.52890625 0.0234375 0.034375
10 0.52578125 0.5 0.04140625 0.01875
10 0.4953125 0.47265625 0.0265625 0.0359375
10 0.47890625 0.50078125 0.04296875 0.0203125
10 0.38203125 0.49765625 0.0390625 0.0203125
10 0.3515625 0.4796875 0.04609375 0.0171875
10 0.3328125 0.49765625 0.0484375 0.0203125
10 0.35625 0.5390625 0.04453125 0.0171875
10 0.3796875 0.6015625 0.04453125 0.02109375
10 0.42265625 0.634375 0.0265625 0.03828125
10 0.25234375 0.74375 0.04453125 0.02109375
10 0.07109375 0.56640625 0.02109375 0.034375
10 0.16796875 0.56953125 0.025 0.03671875
10 0.45859375 0.43046875 0.025 0.03828125
12 0.0515625 0.20625 0.0609375 0.146875
12 0.94765625 0.7484375 0.0625 0.10703125