5 0.11640625 0.09765625 0.00859375 0.02109375
5 0.12734375 0.096875 0.00625 0.01875
5 0.16953125 0.103125 0.00625 0.01875
5 0.18125 0.103125 0.00625 0.01875
5 0.19140625 0.103125 0.00625 0.01875
5 0.20234375 0.103125 0.00625 0.01875
5 0.21484375 0.103125 0.00625 0.01875
5 0.22734375 0.103125 0.00859375 0.01875
5 0.2375 0.103125 0.00625 0.01875
5 0.24765625 0.103125 0.00625 0.01875
5 0.09609375 0.15703125 0.00859375 0.01875
5 0.10390625 0.15703125 0.00859375 0.01875
5 0.1125 0.15703125 0.00859375 0.01875
5 0.06484375 0.21328125 0.00859375 0.01875
5 0.07578125 0.21328125 0.00625 0.01875
5 0.0875 0.21328125 0.00859375 0.01875
5 0.09765625 0.21328125 0.00859375 0.01875
5 0.11015625 0.21328125 0.00859375 0.01875
5 0.12109375 0.21328125 0.00859375 0.01875
5 0.13125 0.21328125 0.00625 0.01875
5 0.14375 0.21328125 0.00625 0.01875
5 0.15390625 0.21328125 0.00625 0.01875
5 0.16484375 0.21328125 0.00859375 0.01875
5 0.17734375 0.21328125 0.00625 0.01875
5 0.1875 0.21328125 0.00859375 0.01875
5 0.2 0.215625 0.00625 0.01875
5 0.21015625 0.21328125 0.00625 0.01875
5 0.22109375 0.21328125 0.00625 0.01875
5 0.23359375 0.215625 0.00625 0.01875
5 0.25625 0.215625 0.00859375 0.01640625
5 0.27890625 0.215625 0.00859375 0.01875
5 0.26640625 0.21328125 0.00859375 0.01875
5 0.28984375 0.215625 0.00859375 0.01875
5 0.30234375 0.215625 0.00859375 0.01875
5 0.3125 0.215625 0.00859375 0.01875
5 0.32265625 0.215625 0.00859375 0.01875
5 0.33515625 0.215625 0.00859375 0.01875
5 0.34609375 0.215625 0.00859375 0.01875
5 0.35625 0.215625 0.00859375 0.01875
5 0.36875 0.215625 0.00859375 0.01640625
5 0.38125 0.215625 0.00859375 0.01875
5 0.39140625 0.215625 0.00859375 0.01875
5 0.41484375 0.215625 0.00859375 0.01875
5 0.425 0.215625 0.00859375 0.01875
5 0.38984375 0.18046875 0.00859375 0.01875
5 0.39765625 0.18046875 0.00859375 0.01875
5 0.43359375 0.18203125 0.00859375 0.01875
5 0.44375 0.18203125 0.00859375 0.01875
5 0.38984375 0.10546875 0.00859375 0.01875
5 0.4 0.10546875 0.00859375 0.01875
5 0.43359375 0.10546875 0.00859375 0.01875
5 0.44453125 0.10546875 0.00625 0.01875
5 0.47421875 0.04375 0.00625 0.02109375
5 0.47265625 0.07578125 0.00859375 0.01875
5 0.47265625 0.109375 0.00859375 0.01875
5 0.47265625 0.14453125 0.00859375 0.01875
5 0.44765625 0.278125 0.00859375 0.01875
5 0.47109375 0.278125 0.00859375 0.01875
0 0.521875 0.05546875 0.02109375 0.03125
0 0.70546875 0.07265625 0.03515625 0.05
5 0.59140625 0.18203125 0.00859375 0.01875
5 0.60234375 0.18203125 0.00859375 0.01875
5 0.6375 0.184375 0.00859375 0.01640625
5 0.64765625 0.184375 0.00859375 0.01640625
5 0.59375 0.10703125 0.00859375 0.01640625
5 0.60234375 0.10703125 0.00859375 0.01640625
5 0.6375 0.109375 0.00859375 0.01875
5 0.64765625 0.109375 0.00859375 0.01875
5 0.775 0.10703125 0.00859375 0.01875
5 0.78515625 0.10703125 0.00859375 0.01875
5 0.79765625 0.10703125 0.00859375 0.01875
5 0.80859375 0.10703125 0.00859375 0.01875
5 0.82109375 0.10703125 0.00859375 0.01875
5 0.83125 0.10703125 0.00859375 0.01875
5 0.84375 0.10703125 0.00859375 0.01875
5 0.85390625 0.10703125 0.00859375 0.01875
5 0.90078125 0.13125 0.01484375 0.00859375
5 0.90078125 0.14296875 0.01484375 0.01015625
5 0.88515625 0.13671875 0.00859375 0.01875
5 0.92734375 0.16953125 0.01640625 0.01015625
5 0.92890625 0.18046875 0.01640625 0.01015625
10 0.92890625 0.19296875 0.02109375 0.01015625
10 0.884375 0.18671875 0.01015625 0.00625
0 0.85625 0.196875 0.03359375 0.03515625
7 0.95625 0.18203125 0.02890625 0.03515625
5 0.83046875 0.18671875 0.01484375 0.01015625
5 0.83046875 0.20703125 0.01484375 0.01015625
10 0.36484375 0.33828125 0.00859375 0.02734375
10 0.4 0.33828125 0.00859375 0.02734375
10 0.38203125 0.33203125 0.01484375 0.01015625
10 0.38203125 0.34453125 0.01484375 0.01015625
10 0.38203125 0.35546875 0.01484375 0.01015625
10 0.38203125 0.365625 0.01484375 0.01015625
10 0.38203125 0.378125 0.01015625 0.00625
10 0.38203125 0.38984375 0.01015625 0.00859375
10 0.85703125 0.2375 0.00390625 0.0125
10 0.890625 0.22734375 0.00390625 0.0125
12 0.978125 0.26640625 0.03125 0.09609375
5 0.83828125 0.34296875 0.01484375 0.01015625
5 0.83828125 0.353125 0.01484375 0.01015625
5 0.83828125 0.36328125 0.01484375 0.01015625
5 0.83828125 0.37578125 0.01484375 0.01015625
5 0.83671875 0.3875 0.01484375 0.00859375
5 0.890625 0.353125 0.01484375 0.01015625
5 0.890625 0.365625 0.01484375 0.01015625
5 0.890625 0.37578125 0.01484375 0.01015625
5 0.890625 0.38828125 0.01484375 0.01015625
10 0.82578125 0.26171875 0.01015625 0.00625
10 0.82578125 0.28828125 0.01015625 0.00625
10 0.88671875 0.290625 0.01015625 0.00625
10 0.82421875 0.3125 0.00625 0.0125
10 0.871875 0.3125 0.00625 0.0125
5 0.95546875 0.34296875 0.01484375 0.01015625
5 0.953125 0.37578125 0.01484375 0.01015625
0 0.865625 0.36484375 0.03125 0.04609375
5 0.88515625 0.31015625 0.00859375 0.02109375
10 0.07578125 0.39140625 0.01015625 0.00859375
10 0.12109375 0.42578125 0.00859375 0.02734375
10 0.134375 0.425 0.00625 0.0125
10 0.14296875 0.425 0.00625 0.0125
10 0.15078125 0.425 0.00390625 0.0125
10 0.159375 0.425 0.00390625 0.0125
10 0.16953125 0.425 0.00390625 0.0125
10 0.178125 0.425 0.00390625 0.0125
10 0.1875 0.425 0.00390625 0.0125
10 0.19453125 0.425 0.00625 0.0125
5 0.05703125 0.446875 0.01484375 0.01015625
5 0.08046875 0.446875 0.01484375 0.01015625
5 0.146875 0.44453125 0.01484375 0.01015625
10 0.24765625 0.45546875 0.00859375 0.02734375
10 0.26015625 0.45390625 0.00859375 0.01640625
10 0.27109375 0.453125 0.00859375 0.01875
10 0.28046875 0.453125 0.00625 0.01484375
10 0.28828125 0.453125 0.00625 0.01484375
10 0.296875 0.453125 0.00625 0.01484375
5 0.246875 0.41875 0.01484375 0.01640625
5 0.253125 0.41015625 0.01484375 0.01640625
10 0.29453125 0.41953125 0.01484375 0.01875
10 0.303125 0.43046875 0.01484375 0.01875
10 0.28671875 0.409375 0.02265625 0.02734375
10 0.271875 0.38984375 0.04375 0.05234375
5 0.47421875 0.375 0.01484375 0.01640625
5 0.503125 0.4125 0.01484375 0.01640625
10 0.48984375 0.39375 0.02890625 0.03359375
10 0.47890625 0.40859375 0.02109375 0.025
10 0.47109375 0.41953125 0.02109375 0.02734375
10 0.4625 0.42890625 0.0125 0.01640625
10 0.45546875 0.43828125 0.01484375 0.01875
10 0.446875 0.446875 0.01484375 0.01875
5 0.70078125 0.43203125 0.01484375 0.01015625
5 0.79296875 0.41953125 0.01484375 0.01015625
10 0.80703125 0.45390625 0.01015625 0.00859375
5 0.06953125 0.55078125 0.01484375 0.01015625
5 0.0875 0.546875 0.00859375 0.01875
5 0.10625 0.525 0.00859375 0.01875
5 0.11484375 0.525 0.00859375 0.01875
10 0.12265625 0.525 0.00859375 0.01875
10 0.13203125 0.52421875 0.00390625 0.0125
5 0.17890625 0.51328125 0.00625 0.01875
5 0.20546875 0.49765625 0.01484375 0.00859375
10 0.24765625 0.603125 0.00859375 0.02734375
10 0.25859375 0.603125 0.00859375 0.01875
10 0.26875 0.603125 0.00859375 0.01875
10 0.278125 0.603125 0.00625 0.0125
10 0.28671875 0.603125 0.00625 0.0125
10 0.296875 0.60390625 0.00625 0.0125
10 0.378125 0.48125 0.01015625 0.0125
10 0.36953125 0.49375 0.01015625 0.0125
10 0.35546875 0.5125 0.01015625 0.0125
10 0.378125 0.55625 0.01015625 0.0125
10 0.38828125 0.55625 0.01015625 0.0125
10 0.37890625 0.50625 0.00859375 0.0125
10 0.38046875 0.521875 0.00625 0.0125
10 0.403125 0.51875 0.01015625 0.0125
10 0.403125 0.53125 0.01015625 0.0125
10 0.40703125 0.54140625 0.01015625 0.0125
10 0.38828125 0.53671875 0.01015625 0.0125
10 0.39296875 0.54140625 0.01015625 0.0125
10 0.17578125 0.490625 0.01015625 0.00625
10 0.475 0.48984375 0.00859375 0.01640625
10 0.50234375 0.51796875 0.00859375 0.01875
10 0.51015625 0.51796875 0.00859375 0.01875
10 0.51875 0.51796875 0.00859375 0.01875
10 0.51875 0.540625 0.00859375 0.01875
10 0.51015625 0.53828125 0.00859375 0.01875
10 0.50234375 0.540625 0.00859375 0.01875
10 0.475 0.56328125 0.00859375 0.01875
10 0.475 0.59453125 0.00859375 0.01875
5 0.48828125 0.484375 0.01484375 0.01015625
5 0.48828125 0.496875 0.01484375 0.00859375
5 0.48828125 0.55703125 0.01484375 0.01015625
5 0.48828125 0.56796875 0.01484375 0.00859375
5 0.4875 0.58828125 0.01640625 0.01015625
5 0.4875 0.59921875 0.01640625 0.00859375
10 0.5375 0.5125 0.02109375 0.0125
10 0.5375 0.52890625 0.02109375 0.0125
10 0.5375 0.54609375 0.02109375 0.0125
10 0.56953125 0.51796875 0.03515625 0.03125
10 0.56484375 0.546875 0.025 0.01875
10 0.484375 0.51640625 0.00625 0.0125
10 0.49296875 0.51640625 0.00625 0.0125
10 0.484375 0.53984375 0.00625 0.0125
10 0.490625 0.53984375 0.00625 0.0125
10 0.57890625 0.634375 0.00859375 0.01875
10 0.59765625 0.634375 0.00859375 0.01875
2 0.58984375 0.63515625 0.00859375 0.02109375
5 0.65625 0.63828125 0.00859375 0.01875
5 0.66484375 0.63828125 0.00859375 0.01875
5 0.675 0.63828125 0.00859375 0.01875
5 0.6875 0.63828125 0.00859375 0.01875
5 0.69609375 0.63828125 0.00859375 0.01875
5 0.70625 0.63828125 0.00859375 0.01875
5 0.71484375 0.63828125 0.00859375 0.01875
5 0.80546875 0.465625 0.01484375 0.01015625
5 0.80546875 0.509375 0.01484375 0.00859375
5 0.80546875 0.53125 0.01484375 0.00859375
10 0.80546875 0.47578125 0.01015625 0.00625
10 0.80546875 0.51953125 0.01015625 0.00625
10 0.80546875 0.54296875 0.01015625 0.00625
5 0.790625 0.57578125 0.01484375 0.00859375
5 0.79609375 0.63203125 0.00859375 0.01875
5 0.78515625 0.63203125 0.00859375 0.01875
10 0.80546875 0.63203125 0.00625 0.01875
10 0.80390625 0.65546875 0.00859375 0.01875
5 0.84453125 0.61171875 0.01484375 0.00859375
5 0.86875 0.615625 0.00859375 0.01875
5 0.88203125 0.621875 0.01484375 0.01015625
0 0.82734375 0.64296875 0.025 0.02734375
5 0.86796875 0.66171875 0.04375 0.02734375
10 0.946875 0.734375 0.02734375 0.01875
5 0.946875 0.75703125 0.01484375 0.01015625
0 0.0625 0.634375 0.0375 0.05234375
10 0.09296875 0.63515625 0.00625 0.0125
10 0.11796875 0.625 0.00625 0.01640625
10 0.128125 0.625 0.00625 0.01640625
10 0.13828125 0.625 0.00390625 0.0125
10 0.14921875 0.62578125 0.00625 0.0125
10 0.15703125 0.62578125 0.00625 0.0125
10 0.165625 0.62578125 0.00625 0.0125
10 0.17578125 0.62578125 0.00625 0.0125
10 0.184375 0.62578125 0.00625 0.0125
10 0.19296875 0.62578125 0.00625 0.0125
10 0.20078125 0.62578125 0.00625 0.0125
10 0.3625 0.715625 0.00859375 0.02734375
10 0.39765625 0.71796875 0.00859375 0.02734375
10 0.38046875 0.65625 0.01015625 0.00859375
10 0.38046875 0.66640625 0.01015625 0.00859375
10 0.38046875 0.67734375 0.01015625 0.00859375
10 0.38046875 0.68828125 0.01484375 0.00859375
10 0.38046875 0.7 0.01484375 0.00859375
10 0.38046875 0.71015625 0.01484375 0.00859375
10 0.38046875 0.721875 0.01484375 0.00859375
10 0.45234375 0.61796875 0.0125 0.01875
10 0.46015625 0.628125 0.01640625 0.01875
10 0.46796875 0.63828125 0.02109375 0.02734375
10 0.478125 0.65 0.02734375 0.03359375
10 0.48203125 0.684375 0.01484375 0.01015625
5 0.47890625 0.70078125 0.00859375 0.01875
5 0.4875 0.70078125 0.00859375 0.01875
0 0.58359375 0.74296875 0.05859375 0.06015625
5 0.62109375 0.75546875 0.00859375 0.02265625
5 0.66640625 0.67421875 0.00859375 0.01875
5 0.68671875 0.68046875 0.01484375 0.01015625
5 0.68203125 0.79296875 0.01484375 0.01015625
10 0.68046875 0.803125 0.01484375 0.01015625
10 0.24140625 0.72578125 0.025 0.01875
5 0.28828125 0.728125 0.00625 0.01875
5 0.296875 0.72578125 0.00625 0.01875
10 0.29296875 0.71171875 0.01015625 0.00625
5 0.08125 0.72421875 0.00859375 0.01875
5 0.08984375 0.72421875 0.00859375 0.01875
5 0.125 0.72421875 0.00625 0.01875
5 0.13359375 0.72421875 0.00625 0.01875
5 0.17109375 0.72578125 0.00625 0.01875
5 0.17890625 0.72578125 0.00625 0.01875
5 0.05703125 0.80546875 0.01484375 0.01015625
5 0.05703125 0.81796875 0.01484375 0.00859375
5 0.05390625 0.83203125 0.00859375 0.01875
5 0.0625 0.83203125 0.00859375 0.01875
10 0.05703125 0.84921875 0.01484375 0.00859375
5 0.084375 0.80546875 0.01484375 0.01015625
5 0.08203125 0.81796875 0.01484375 0.01015625
5 0.07890625 0.83203125 0.00859375 0.01875
5 0.0875 0.83203125 0.00859375 0.01875
10 0.08359375 0.84921875 0.01640625 0.01015625
5 0.109375 0.80546875 0.01484375 0.01015625
5 0.109375 0.81796875 0.01484375 0.01015625
5 0.10390625 0.834375 0.00859375 0.01875
5 0.1125 0.834375 0.00859375 0.01875
10 0.10859375 0.85078125 0.01640625 0.01015625
10 0.13515625 0.85078125 0.01640625 0.01015625
5 0.13125 0.834375 0.00625 0.01875
5 0.13984375 0.834375 0.00625 0.01875
5 0.134375 0.81796875 0.01484375 0.01015625
5 0.13671875 0.80546875 0.01484375 0.01015625
5 0.16171875 0.80546875 0.01484375 0.01015625
5 0.16171875 0.81796875 0.01484375 0.01015625
5 0.15859375 0.834375 0.00625 0.01875
5 0.16640625 0.834375 0.00625 0.01875
10 0.1625 0.85078125 0.01640625 0.01015625
5 0.18515625 0.80546875 0.01640625 0.01015625
5 0.184375 0.81796875 0.01484375 0.01015625
5 0.18984375 0.834375 0.00625 0.01875
5 0.18125 0.834375 0.00625 0.01875
10 0.18515625 0.85078125 0.01640625 0.01015625
5 0.10859375 0.90078125 0.00859375 0.01875
5 0.11875 0.90078125 0.00859375 0.01875
5 0.13984375 0.90078125 0.00625 0.01875
5 0.15234375 0.903125 0.00625 0.01875
5 0.21875 0.903125 0.00859375 0.01875
5 0.23359375 0.903125 0.00625 0.01875
5 0.3 0.90546875 0.00859375 0.01875
5 0.3125 0.90546875 0.00859375 0.01875
5 0.37890625 0.89453125 0.00859375 0.01875
5 0.45 0.896875 0.00859375 0.01875
5 0.52109375 0.896875 0.00859375 0.01875
5 0.59375 0.896875 0.00859375 0.01875
0 0.24140625 0.825 0.02734375 0.0375
10 0.26328125 0.83359375 0.00625 0.0125
2 0.26875 0.81171875 0.01640625 0.01015625
10 0.31328125 0.82265625 0.01484375 0.03359375
10 0.34453125 0.82265625 0.01484375 0.03359375
2 0.33046875 0.82265625 0.01484375 0.03359375
10 0.35625 0.821875 0.00859375 0.01875
10 0.36640625 0.821875 0.00859375 0.01875
5 0.46875 0.796875 0.00859375 0.01875
5 0.47734375 0.79921875 0.00859375 0.01875
10 0.48515625 0.796875 0.00859375 0.01875
10 0.48515625 0.81953125 0.00859375 0.01875
10 0.67265625 0.88671875 0.00859375 0.01875
10 0.79765625 0.88828125 0.00859375 0.01875
5 0.70859375 0.86328125 0.01640625 0.01015625
5 0.77265625 0.86328125 0.01640625 0.01015625
5 0.83515625 0.865625 0.01640625 0.01015625
5 0.89765625 0.865625 0.01640625 0.01015625
5 0.95625 0.85703125 0.01640625 0.01015625
5 0.69140625 0.8875 0.00859375 0.02109375
5 0.7 0.8875 0.00859375 0.02109375
5 0.7 0.91953125 0.00859375 0.01875
5 0.69140625 0.91953125 0.00859375 0.01875
5 0.68984375 0.95546875 0.00859375 0.01875
5 0.69765625 0.953125 0.00859375 0.01875
0 0.72734375 0.88828125 0.025 0.02734375
0 0.72734375 0.91953125 0.025 0.02734375
0 0.72734375 0.95546875 0.025 0.02734375
0 0.85234375 0.88828125 0.025 0.02734375
0 0.85234375 0.921875 0.025 0.02734375
0 0.85234375 0.95546875 0.025 0.02734375
5 0.75390625 0.8875 0.00859375 0.02109375
5 0.7625 0.8875 0.00859375 0.02109375
5 0.7625 0.92109375 0.00859375 0.02109375
5 0.75390625 0.92109375 0.00859375 0.02109375
5 0.75390625 0.95625 0.00859375 0.02109375
5 0.7625 0.95625 0.00859375 0.02109375
5 0.815625 0.88828125 0.00625 0.01875
5 0.825 0.88828125 0.00859375 0.01875
5 0.81640625 0.921875 0.00859375 0.01875
5 0.825 0.921875 0.00859375 0.01875
5 0.81640625 0.95625 0.00859375 0.02109375
5 0.825 0.95625 0.00859375 0.02109375
5 0.87890625 0.88828125 0.00859375 0.01875
5 0.8875 0.88984375 0.00859375 0.02109375
5 0.875 0.92421875 0.00859375 0.01875
5 0.88359375 0.92421875 0.00859375 0.01875
5 0.875 0.95625 0.00859375 0.02109375
5 0.88515625 0.95625 0.00859375 0.02109375
7 0.95 0.82890625 0.02890625 0.03515625
5 0.92890625 0.82421875 0.00859375 0.01875
0 0.509375 0.80234375 0.02734375 0.02734375
5 0.83515625 0.790625 0.00859375 0.01875
5 0.84375 0.81796875 0.00859375 0.01875
5 0.85234375 0.815625 0.00859375 0.01875