5 0.32578125 0.071875 0.0234375 0.0140625
1 0.38515625 0.07734375 0.0328125 0.02890625
12 0.49296875 0.08828125 0.09765625 0.078125
7 0.353125 0.08515625 0.0234375 0.01953125
0 0.3640625 0.1828125 0.10078125 0.10078125
10 0.30078125 0.134375 0.0109375 0.02109375
10 0.33046875 0.125 0.02109375 0.01171875
10 0.421875 0.15234375 0.0109375 0.02109375
10 0.3078125 0.215625 0.01015625 0.0203125
10 0.31875 0.2453125 0.01015625 0.0203125
10 0.33046875 0.2453125 0.0109375 0.02265625
10 0.3421875 0.2453125 0.01171875 0.0203125
10 0.36015625 0.24296875 0.02265625 0.0125
10 0.38984375 0.24296875 0.021875 0.0125
10 0.48125 0.22890625 0.01171875 0.0203125
10 0.35625 0.403125 0.01015625 0.02734375
10 0.3859375 0.35859375 0.009375 0.02578125
10 0.4015625 0.359375 0.0125 0.021875
5 0.29453125 0.215625 0.0125 0.02265625
5 0.42890625 0.19375 0.021875 0.01171875
5 0.56640625 0.12890625 0.0140625 0.021875
5 0.57890625 0.1296875 0.0125 0.02265625
5 0.59296875 0.1296875 0.01484375 0.02265625
5 0.60703125 0.1296875 0.0140625 0.021875
5 0.6203125 0.1296875 0.0125 0.02109375
5 0.6703125 0.10234375 0.0125 0.02109375
1 0.60234375 0.07890625 0.03125 0.028125
0 0.45234375 0.22421875 0.040625 0.0328125
2 0.46796875 0.1546875 0.02421875 0.015625
7 0.60859375 0.10703125 0.01015625 0.0203125
5 0.5046875 0.28828125 0.0125 0.02265625
12 0.13828125 0.490625 0.16484375 0.18046875
10 0.390625 0.46171875 0.021875 0.01328125
5 0.23671875 0.42109375 0.02734375 0.01015625
5 0.23671875 0.43515625 0.02734375 0.00859375
5 0.2375 0.44921875 0.02578125 0.01015625
5 0.23671875 0.46328125 0.02734375 0.01015625
5 0.2375 0.47734375 0.0265625 0.009375
5 0.23671875 0.490625 0.02734375 0.01015625
5 0.2375 0.50546875 0.02734375 0.00859375
5 0.23671875 0.51875 0.025 0.009375
0 0.49375 0.35859375 0.165625 0.11015625
0 0.49375 0.54140625 0.1734375 0.175
10 0.5875 0.42265625 0.00859375 0.025
10 0.62578125 0.4453125 0.02734375 0.00859375
10 0.665625 0.43671875 0.02734375 0.00859375
10 0.596875 0.46015625 0.02109375 0.01328125
10 0.596875 0.4734375 0.021875 0.0125
0 0.684375 0.515625 0.078125 0.09296875
10 0.65078125 0.5703125 0.021875 0.01328125
10 0.71640625 0.57421875 0.02734375 0.00859375
10 0.59765625 0.61953125 0.021875 0.0125
10 0.596875 0.63359375 0.02734375 0.009375
10 0.390625 0.6203125 0.02265625 0.01171875
10 0.390625 0.634375 0.02734375 0.009375
0 0.28125 0.58828125 0.09375 0.0796875
10 0.3359375 0.59765625 0.01015625 0.02421875
10 0.31796875 0.6375 0.021875 0.01328125
10 0.36796875 0.671875 0.02734375 0.0109375
10 0.1765625 0.71171875 0.0171875 0.0296875
10 0.15546875 0.71171875 0.01484375 0.0296875
10 0.134375 0.7125 0.01796875 0.0296875
10 0.13671875 0.675 0.0171875 0.0296875
5 0.20390625 0.65390625 0.02265625 0.01171875
5 0.09296875 0.66015625 0.01015625 0.0234375
5 0.07890625 0.6734375 0.01015625 0.025
5 0.07890625 0.70390625 0.009375 0.02421875
0 0.10625 0.7 0.03828125 0.03828125
2 0.12109375 0.7703125 0.07421875 0.0796875
7 0.2046875 0.62734375 0.02734375 0.0265625
13 0.178125 0.625 0.01875 0.0359375
12 0.49609375 0.85703125 0.46796875 0.16484375
2 0.6796875 0.21171875 0.09921875 0.0921875
2 0.8625 0.2109375 0.1 0.0921875
2 0.84296875 0.34609375 0.06796875 0.071875
0 0.7 0.096875 0.040625 0.0359375
10 0.6875 0.12734375 0.02265625 0.01171875
10 0.7953125 0.1 0.01171875 0.0203125
10 0.7875 0.21171875 0.03125 0.0171875
10 0.7875 0.2359375 0.03046875 0.01875
10 0.7484375 0.2109375 0.03046875 0.01796875
10 0.75 0.2359375 0.03125 0.0171875
10 0.71953125 0.26640625 0.021875 0.01171875
10 0.81015625 0.2609375 0.01171875 0.02265625
10 0.73671875 0.29296875 0.01015625 0.02734375
10 0.79609375 0.32265625 0.02265625 0.0125
10 0.72890625 0.3515625 0.01796875 0.03046875
10 0.74921875 0.35078125 0.01875 0.0296875
10 0.76875 0.35078125 0.01875 0.03125
10 0.78984375 0.35078125 0.01796875 0.03125
5 0.71015625 0.12734375 0.02265625 0.01328125
5 0.73828125 0.10625 0.0234375 0.05234375
0 0.76953125 0.10546875 0.03125 0.025
5 0.74140625 0.2671875 0.02265625 0.0125
5 0.7921875 0.265625 0.02265625 0.01171875
5 0.79296875 0.3109375 0.02265625 0.01171875
12 0.85078125 0.490625 0.16484375 0.17578125
5 0.75078125 0.44375 0.02578125 0.009375
5 0.75078125 0.45859375 0.02578125 0.00859375
5 0.75078125 0.471875 0.02734375 0.009375
5 0.75078125 0.48671875 0.02734375 0.00859375
5 0.75078125 0.5 0.02734375 0.009375
5 0.75078125 0.51328125 0.02578125 0.00859375
5 0.75078125 0.52734375 0.02734375 0.01015625
5 0.75078125 0.54140625 0.02734375 0.009375
10 0.8328125 0.59609375 0.028125 0.01015625
7 0.84765625 0.64453125 0.09296875 0.07890625
0 0.8453125 0.7484375 0.040625 0.0359375
5 0.87890625 0.73359375 0.021875 0.0125
5 0.875 0.7546875 0.0125 0.02109375
5 0.81640625 0.76640625 0.01171875 0.021875
5 0.7359375 0.64375 0.01171875 0.021875
5 0.7875 0.66484375 0.021875 0.0125
5 0.78671875 0.6375 0.0125 0.02109375
13 0.7609375 0.6140625 0.03671875 0.01640625
7 0.7609375 0.63984375 0.03125 0.0265625
10 0.76328125 0.665625 0.021875 0.0125
10 0.8484375 0.71875 0.02734375 0.00859375
10 0.80234375 0.740625 0.01171875 0.02578125
10 0.81640625 0.740625 0.0109375 0.021875
10 0.85234375 0.77578125 0.02109375 0.01171875
5 0.23203125 0.73515625 0.02265625 0.01171875
5 0.23203125 0.76328125 0.02265625 0.0125
5 0.2546875 0.73515625 0.02265625 0.0125
5 0.27734375 0.73515625 0.02265625 0.0125
5 0.3 0.73515625 0.02265625 0.0125
5 0.32265625 0.73515625 0.02265625 0.0125
5 0.34609375 0.73515625 0.02265625 0.0125
5 0.36875 0.734375 0.02265625 0.0125
5 0.2546875 0.7625 0.02265625 0.01328125
5 0.27734375 0.7625 0.0234375 0.01328125
5 0.3 0.7625 0.0234375 0.0125
5 0.32265625 0.7625 0.02265625 0.01328125
5 0.34609375 0.7625 0.02265625 0.0125
5 0.36875 0.7625 0.02265625 0.0125
5 0.3921875 0.76171875 0.02265625 0.01328125
5 0.41484375 0.76171875 0.02265625 0.01328125
5 0.3921875 0.734375 0.02265625 0.0140625
5 0.41484375 0.734375 0.02265625 0.0140625
5 0.4375 0.734375 0.02265625 0.0125
5 0.4375 0.76171875 0.0234375 0.01328125
5 0.46015625 0.734375 0.02265625 0.0125
5 0.46015625 0.76171875 0.02265625 0.01328125
10 0.23125 0.74921875 0.02265625 0.01328125
10 0.25390625 0.7484375 0.02265625 0.01328125
10 0.27734375 0.7484375 0.02265625 0.01328125
10 0.3 0.7484375 0.02265625 0.01171875
10 0.3234375 0.7484375 0.02265625 0.0125
10 0.34609375 0.7484375 0.02265625 0.01328125
10 0.36875 0.7484375 0.02265625 0.0125
10 0.39140625 0.7484375 0.02265625 0.0125
10 0.41484375 0.74765625 0.02265625 0.01328125
10 0.4375 0.74765625 0.0234375 0.01328125
10 0.46015625 0.74765625 0.02265625 0.01328125
10 0.48359375 0.74765625 0.02265625 0.0140625
10 0.50625 0.74765625 0.02265625 0.0140625
10 0.52890625 0.74765625 0.02265625 0.0140625
10 0.55234375 0.74765625 0.02265625 0.01328125
10 0.575 0.74765625 0.02265625 0.01328125
10 0.59765625 0.74765625 0.02265625 0.01328125
10 0.6203125 0.74765625 0.02265625 0.01328125
10 0.64296875 0.74765625 0.02265625 0.0125
10 0.66640625 0.746875 0.02265625 0.0125
10 0.6890625 0.746875 0.02265625 0.01328125
10 0.71171875 0.74609375 0.02265625 0.0125
10 0.734375 0.74609375 0.02265625 0.0125
10 0.75703125 0.746875 0.02265625 0.01171875
5 0.52890625 0.73359375 0.02265625 0.0125
5 0.5515625 0.73359375 0.02265625 0.0125
5 0.575 0.73359375 0.02265625 0.01328125
5 0.59765625 0.73359375 0.02265625 0.01328125
5 0.6203125 0.73359375 0.02265625 0.01328125
5 0.64375 0.73359375 0.02265625 0.01328125
5 0.66640625 0.73359375 0.02265625 0.01328125
5 0.6890625 0.7328125 0.02265625 0.0125
5 0.71171875 0.7328125 0.02265625 0.0125
5 0.734375 0.7328125 0.02265625 0.01328125
5 0.75625 0.7328125 0.02265625 0.01328125
5 0.52890625 0.7609375 0.0234375 0.0125
5 0.5515625 0.76171875 0.02265625 0.01328125
5 0.575 0.7609375 0.02265625 0.01328125
5 0.59765625 0.7609375 0.02265625 0.0125
5 0.6203125 0.7609375 0.02265625 0.0125
5 0.64296875 0.7609375 0.02265625 0.01328125
5 0.66640625 0.76015625 0.02265625 0.0140625
5 0.6890625 0.7609375 0.02265625 0.01328125
5 0.71171875 0.76015625 0.02265625 0.01328125
5 0.734375 0.7609375 0.02265625 0.01328125
5 0.75703125 0.759375 0.021875 0.0140625
5 0.48359375 0.76171875 0.02265625 0.0125
5 0.50625 0.76171875 0.02265625 0.01171875
5 0.48359375 0.73359375 0.02265625 0.0125
5 0.50625 0.734375 0.02265625 0.01328125