12 0.2265625 0.3328125 0.0125 0.07734375
5 0.63046875 0.3328125 0.015625 0.01015625
5 0.76640625 0.3328125 0.015625 0.01015625
12 0.696875 0.33671875 0.01328125 0.07734375
10 0.71953125 0.33671875 0.0171875 0.01015625
10 0.2953125 0.3375 0.01640625 0.01171875
10 0.43359375 0.34375 0.01640625 0.01171875
10 0.15546875 0.34375 0.01640625 0.0109375
5 0.340625 0.34453125 0.015625 0.0109375
12 0.5453125 0.34609375 0.0140625 0.0796875
10 0.12890625 0.346875 0.01640625 0.040625
5 0.19609375 0.3484375 0.015625 0.01015625
5 0.76640625 0.35546875 0.015625 0.009375
5 0.4859375 0.35703125 0.01640625 0.0109375
5 0.43359375 0.35859375 0.01484375 0.01015625
5 0.6296875 0.36015625 0.01640625 0.0109375
10 0.19609375 0.3609375 0.01640625 0.0109375
10 0.5796875 0.3671875 0.0171875 0.0109375
5 0.5984375 0.3671875 0.01484375 0.01015625
5 0.484375 0.3703125 0.01484375 0.009375
5 0.34140625 0.3734375 0.01484375 0.009375
5 0.196875 0.3734375 0.01640625 0.01015625
5 0.48515625 0.38359375 0.015625 0.00859375
5 0.165625 0.38515625 0.01953125 0.01640625
10 0.1359375 0.38828125 0.03046875 0.02109375
5 0.48515625 0.39609375 0.01484375 0.0109375
12 0.234375 0.396875 0.04453125 0.0203125
0 0.44140625 0.40390625 0.0375 0.05546875
0 0.60078125 0.40859375 0.03828125 0.0578125
13 0.6765625 0.41015625 0.04453125 0.02578125
10 0.26328125 0.41171875 0.00625 0.0234375
12 0.234375 0.4171875 0.0453125 0.01796875
0 0.2765625 0.4203125 0.01640625 0.03359375
10 0.4703125 0.4234375 0.00703125 0.025
12 0.7671875 0.42421875 0.03046875 0.06640625
5 0.30078125 0.42578125 0.015625 0.01015625
12 0.54296875 0.43203125 0.05546875 0.01796875
5 0.3015625 0.440625 0.015625 0.009375
13 0.678125 0.44765625 0.04765625 0.02734375
5 0.5140625 0.44921875 0.015625 0.0109375
5 0.46640625 0.44921875 0.01640625 0.01015625
1 0.534375 0.45390625 0.0203125 0.0125
5 0.30234375 0.453125 0.01640625 0.009375
5 0.51484375 0.45390625 0.015625 0.01015625
10 0.42265625 0.4546875 0.01640625 0.021875
10 0.640625 0.4578125 0.00625 0.0234375
10 0.2015625 0.459375 0.009375 0.025
10 0.35625 0.459375 0.015625 0.021875
10 0.2296875 0.4609375 0.00625 0.02421875
12 0.13828125 0.46328125 0.09296875 0.121875
5 0.3015625 0.465625 0.015625 0.0109375
12 0.7265625 0.46640625 0.0515625 0.175
1 0.53515625 0.46953125 0.0203125 0.01171875
5 0.5171875 0.4703125 0.01484375 0.01171875
0 0.2625 0.4765625 0.028125 0.0390625
10 0.3015625 0.47734375 0.01640625 0.0109375
12 0.5765625 0.48046875 0.015625 0.08046875
1 0.534375 0.48359375 0.01953125 0.01328125
5 0.51640625 0.484375 0.01640625 0.0125
13 0.6765625 0.484375 0.04921875 0.02578125
10 0.2125 0.48671875 0.00625 0.0234375
5 0.19296875 0.48828125 0.00625 0.02265625
5 0.21796875 0.490625 0.00625 0.0234375
12 0.4421875 0.490625 0.04609375 0.06328125
10 0.30625 0.49375 0.03046875 0.02109375
1 0.534375 0.5 0.01875 0.0125
5 0.51640625 0.5 0.015625 0.01171875
12 0.50234375 0.5046875 0.01171875 0.07734375
5 0.30234375 0.50859375 0.01484375 0.009375
10 0.32734375 0.509375 0.015625 0.0234375
1 0.53515625 0.5140625 0.01875 0.01171875
5 0.5171875 0.5140625 0.01484375 0.01171875
12 0.76640625 0.51484375 0.03359375 0.0671875
10 0.46640625 0.515625 0.01640625 0.02265625
5 0.30078125 0.52109375 0.015625 0.00859375
10 0.2484375 0.5234375 0.00625 0.0234375
5 0.19375 0.5234375 0.015625 0.01015625
12 0.6109375 0.52421875 0.0203125 0.05859375
5 0.23984375 0.52421875 0.00703125 0.0203125
5 0.25859375 0.52421875 0.0078125 0.0234375
5 0.26171875 0.5265625 0.00625 0.021875
1 0.53515625 0.528125 0.01875 0.01171875
5 0.278125 0.52890625 0.01640625 0.01015625
5 0.221875 0.5296875 0.015625 0.01015625
10 0.55703125 0.53125 0.01640625 0.0109375
10 0.22265625 0.54375 0.01640625 0.009375
0 0.390625 0.54375 0.11875 0.1640625
10 0.265625 0.55 0.0046875 0.02421875
11 0.27890625 0.55078125 0.01875 0.03203125
10 0.3140625 0.55625 0.00625 0.0234375
10 0.253125 0.559375 0.01640625 0.0421875
10 0.22421875 0.5609375 0.015625 0.00859375
7 0.55234375 0.5609375 0.05 0.0890625
10 0.303125 0.56171875 0.015625 0.0421875
10 0.290625 0.56640625 0.00625 0.02265625
10 0.240625 0.5671875 0.00625 0.02421875
0 0.5515625 0.56796875 0.05 0.05390625
10 0.51875 0.56953125 0.015625 0.03984375
10 0.50234375 0.57109375 0.01484375 0.0421875
5 0.225 0.575 0.01640625 0.0125
5 0.71015625 0.578125 0.015625 0.0109375
10 0.634375 0.58984375 0.00625 0.02421875
10 0.45234375 0.5953125 0.01484375 0.0203125
13 0.6515625 0.59609375 0.01953125 0.04609375
12 0.14765625 0.59765625 0.13125 0.14453125
10 0.7296875 0.5984375 0.01640625 0.00859375
2 0.3328125 0.6 0.015625 0.02109375
5 0.225 0.60078125 0.01640625 0.01171875
12 0.28125 0.6015625 0.0734375 0.021875
5 0.48046875 0.60234375 0.015625 0.021875
5 0.4953125 0.6046875 0.00625 0.021875
10 0.225 0.61484375 0.01640625 0.01015625
5 0.75703125 0.6171875 0.00703125 0.02265625
0 0.73046875 0.6234375 0.0421875 0.0390625
12 0.49375 0.625 0.0609375 0.01953125
5 0.30703125 0.63125 0.00625 0.021875
10 0.325 0.63203125 0.00546875 0.021875
10 0.2671875 0.6328125 0.00625 0.0234375
5 0.31640625 0.6328125 0.00625 0.02109375
5 0.2875 0.6328125 0.00625 0.021875
10 0.29609375 0.6328125 0.00625 0.0203125
13 0.5359375 0.6328125 0.01953125 0.0609375
5 0.24921875 0.6328125 0.00703125 0.0234375
5 0.278125 0.6328125 0.00703125 0.021875
5 0.25859375 0.63359375 0.00625 0.0234375
5 0.225 0.634375 0.01640625 0.0109375
10 0.4203125 0.6359375 0.015625 0.02109375
11 0.3625 0.6375 0.01953125 0.0328125
10 0.33984375 0.63828125 0.00625 0.02421875
10 0.35 0.63828125 0.00625 0.02421875
10 0.23984375 0.63984375 0.00625 0.02421875
12 0.4953125 0.6453125 0.059375 0.01953125
10 0.225 0.646875 0.01640625 0.01015625
5 0.63125 0.65546875 0.00703125 0.02421875
5 0.60625 0.6578125 0.00703125 0.02265625
10 0.36328125 0.66015625 0.01640625 0.009375
5 0.53359375 0.6609375 0.01640625 0.01015625
5 0.57109375 0.66171875 0.015625 0.01171875
12 0.48828125 0.66484375 0.075 0.01953125
5 0.2875 0.66640625 0.00625 0.02265625
10 0.278125 0.6671875 0.00703125 0.02421875
5 0.32578125 0.6671875 0.00625 0.02265625
5 0.315625 0.66640625 0.00703125 0.0234375
10 0.30703125 0.6671875 0.00625 0.02421875
5 0.225 0.6671875 0.01484375 0.009375
10 0.25 0.6671875 0.00625 0.0234375
5 0.296875 0.6671875 0.00625 0.02265625
5 0.2671875 0.6671875 0.00703125 0.02265625
5 0.25859375 0.66796875 0.00703125 0.0234375
5 0.4359375 0.66875 0.01640625 0.01171875
5 0.74296875 0.66953125 0.01484375 0.00859375
5 0.725 0.6703125 0.01484375 0.009375
5 0.7671875 0.6734375 0.00703125 0.0234375
12 0.78359375 0.69296875 0.01875 0.03515625
12 0.82578125 0.69453125 0.06484375 0.0703125
10 0.19921875 0.69609375 0.01640625 0.01171875
7 0.61796875 0.69921875 0.0390625 0.06171875
1 0.76796875 0.7 0.00859375 0.02734375
7 0.56484375 0.7015625 0.0375 0.065625
7 0.7390625 0.7015625 0.046875 0.053125
12 0.35390625 0.703125 0.0453125 0.021875
5 0.27109375 0.70703125 0.01484375 0.01015625
5 0.19921875 0.7078125 0.015625 0.01171875
5 0.5140625 0.7109375 0.00625 0.0234375
5 0.27109375 0.7203125 0.015625 0.01015625
5 0.2 0.72109375 0.015625 0.0109375
12 0.13203125 0.725 0.09921875 0.1203125
10 0.4859375 0.7296875 0.015625 0.01015625
5 0.38515625 0.73046875 0.01640625 0.009375
10 0.2 0.7328125 0.015625 0.01015625
12 0.27578125 0.73984375 0.0140625 0.0203125
12 0.246875 0.7390625 0.0140625 0.0203125
5 0.79453125 0.7421875 0.015625 0.00859375
5 0.38515625 0.7421875 0.01640625 0.0109375
5 0.7765625 0.7421875 0.015625 0.00859375
5 0.2 0.7453125 0.01640625 0.01171875
13 0.615625 0.7453125 0.0453125 0.02578125
13 0.56484375 0.74609375 0.0453125 0.0265625
5 0.50234375 0.75 0.0046875 0.00390625
5 0.50234375 0.75 0.015625 0.00859375
13 0.72265625 0.753125 0.0453125 0.0265625
10 0.47421875 0.75390625 0.00625 0.02421875
0 0.45625 0.7546875 0.0265625 0.0484375
5 0.38515625 0.7546875 0.01484375 0.0109375
12 0.41640625 0.76328125 0.03046875 0.0234375
7 0.209375 0.765625 0.01875 0.02421875
12 0.675 0.77421875 0.01640625 0.04296875
12 0.26328125 0.77578125 0.03046875 0.0203125
7 0.78046875 0.7765625 0.06875 0.04921875
5 0.31171875 0.778125 0.00703125 0.02265625
7 0.5125 0.7859375 0.06796875 0.053125
12 0.4171875 0.7875 0.03046875 0.02265625
12 0.321875 0.790625 0.01484375 0.0625
7 0.36328125 0.790625 0.06171875 0.0609375
5 0.3984375 0.79296875 0.00625 0.021875
12 0.26328125 0.79765625 0.03046875 0.02109375
12 0.1734375 0.8015625 0.08671875 0.01875
5 0.78671875 0.80234375 0.01640625 0.00625
1 0.7671875 0.803125 0.01875 0.00703125
5 0.4828125 0.8046875 0.01015625 0.01015625
1 0.62890625 0.809375 0.0203125 0.01171875
1 0.57890625 0.81015625 0.0203125 0.01171875
10 0.71015625 0.81328125 0.03046875 0.02109375
5 0.6484375 0.81484375 0.00703125 0.02265625
5 0.5984375 0.81640625 0.00703125 0.0234375
12 0.1109375 0.81953125 0.0359375 0.0609375
5 0.31640625 0.825 0.01484375 0.01015625
12 0.62890625 0.83046875 0.0265625 0.0265625
12 0.578125 0.8328125 0.0265625 0.0265625
12 0.24765625 0.8359375 0.01796875 0.0203125
12 0.2765625 0.83671875 0.01640625 0.0203125
12 0.7796875 0.86640625 0.0703125 0.1203125
12 0.29921875 0.871875 0.0453125 0.04765625
12 0.25546875 0.87265625 0.0453125 0.04765625
12 0.21015625 0.87421875 0.0453125 0.0484375
12 0.16484375 0.87421875 0.04375 0.04765625
12 0.1203125 0.87421875 0.0453125 0.0484375
12 0.52421875 0.88203125 0.06875 0.1171875
12 0.7140625 0.88203125 0.05234375 0.090625
12 0.45546875 0.88203125 0.06875 0.11796875
12 0.38671875 0.884375 0.0671875 0.12109375
12 0.6328125 0.8875 0.0484375 0.08515625
12 0.5828125 0.890625 0.0484375 0.0890625
12 0.74140625 0.10703125 0.075 0.0375
12 0.6078125 0.10859375 0.07734375 0.0390625
12 0.465625 0.1125 0.07734375 0.0375
12 0.3203125 0.11484375 0.07734375 0.0390625
12 0.17421875 0.11640625 0.075 0.03828125
12 0.74296875 0.13359375 0.06171875 0.0453125
12 0.609375 0.13359375 0.059375 0.04453125
12 0.465625 0.1359375 0.059375 0.0484375
12 0.3203125 0.13984375 0.059375 0.046875
12 0.17421875 0.14453125 0.0609375 0.046875
5 0.77421875 0.1734375 0.0421875 0.02578125
5 0.71171875 0.17421875 0.04296875 0.02734375
5 0.64375 0.17421875 0.04375 0.02890625
5 0.5015625 0.1765625 0.04375 0.025
5 0.56875 0.1765625 0.04296875 0.02734375
5 0.43046875 0.178125 0.04375 0.02734375
5 0.35703125 0.17890625 0.04375 0.028125
5 0.28515625 0.1796875 0.04375 0.0265625
5 0.2140625 0.18125 0.04375 0.02578125
10 0.43984375 0.2046875 0.01640625 0.02265625
10 0.58359375 0.2046875 0.01640625 0.0234375
10 0.72265625 0.20703125 0.01484375 0.021875
10 0.29765625 0.209375 0.01640625 0.0234375
10 0.15 0.2109375 0.015625 0.021875
12 0.11875 0.2265625 0.0296875 0.021875
10 0.12890625 0.26015625 0.01484375 0.04140625
0 0.60859375 0.26171875 0.04453125 0.0625
0 0.74375 0.2625 0.0453125 0.0640625
0 0.46640625 0.26328125 0.0453125 0.06171875
0 0.3203125 0.265625 0.0453125 0.06328125
0 0.175 0.26640625 0.04609375 0.06640625
10 0.128125 0.303125 0.01484375 0.0421875
10 0.57734375 0.30546875 0.01640625 0.01171875
10 0.71796875 0.30546875 0.01640625 0.009375
10 0.62890625 0.30625 0.0171875 0.0109375
10 0.76640625 0.309375 0.01640625 0.0078125
10 0.2953125 0.3140625 0.01640625 0.0109375
10 0.48515625 0.31640625 0.0171875 0.01015625
10 0.34296875 0.3171875 0.01640625 0.0109375
10 0.43359375 0.31875 0.01640625 0.0109375
5 0.6296875 0.31875 0.01640625 0.009375
10 0.57734375 0.31796875 0.01640625 0.01171875
10 0.15234375 0.31875 0.01640625 0.0109375
12 0.103125 0.31953125 0.025 0.15703125
5 0.76640625 0.321875 0.015625 0.0078125
10 0.71796875 0.321875 0.01640625 0.0109375
12 0.41015625 0.32265625 0.0171875 0.0625
5 0.19609375 0.32421875 0.01640625 0.0109375
10 0.2953125 0.3265625 0.01640625 0.0109375
12 0.36953125 0.32734375 0.01328125 0.07890625
5 0.340625 0.33046875 0.015625 0.01015625
5 0.48515625 0.33046875 0.015625 0.009375
10 0.43359375 0.33125 0.01640625 0.0109375
10 0.57734375 0.33125 0.01640625 0.0109375
10 0.15234375 0.33125 0.01640625 0.01171875
12 0.51796875 0.33203125 0.01328125 0.07890625