12 0.3875 0.3328125 0.015625 0.08125
12 0.165625 0.41796875 0.0296875 0.05546875
12 0.38984375 0.42109375 0.059375 0.02265625
12 0.43203125 0.49453125 0.0140625 0.08125
12 0.16484375 0.509375 0.02578125 0.05390625
12 0.321875 0.51640625 0.0203125 0.059375
12 0.14453125 0.6921875 0.02109375 0.03828125
12 0.6796875 0.728125 0.0421875 0.02109375
12 0.52109375 0.76875 0.025 0.05078125
12 0.678125 0.7765625 0.02734375 0.0390625
12 0.61796875 0.78203125 0.0140625 0.06015625
12 0.67890625 0.82734375 0.04296875 0.0203125
12 0.30390625 0.83125 0.0265625 0.02734375
12 0.35546875 0.83203125 0.02734375 0.02890625
12 0.32109375 0.0921875 0.08046875 0.04296875
12 0.184375 0.09296875 0.08046875 0.03984375
12 0.465625 0.09453125 0.07890625 0.0421875
12 0.61328125 0.09609375 0.0796875 0.0390625
12 0.7609375 0.09609375 0.0765625 0.03984375
12 0.56484375 0.3109375 0.01640625 0.0828125
12 0.70859375 0.3140625 0.015625 0.08203125
12 0.41328125 0.31953125 0.015625 0.08359375
12 0.23203125 0.325 0.01640625 0.0828125