10 0.58125 0.490625 0.0125 0.01484375
5 0.46875 0.5015625 0.01171875 0.0125
5 0.1296875 0.50390625 0.015625 0.01796875
10 0.47734375 0.50703125 0.00703125 0.028125
10 0.4578125 0.5078125 0.00703125 0.028125
5 0.46796875 0.5140625 0.0125 0.0125
10 0.4609375 0.5265625 0.01328125 0.0109375
1 0.10546875 0.5265625 0.0359375 0.05703125
10 0.38828125 0.528125 0.01484375 0.01484375
0 0.68828125 0.53125 0.203125 0.38828125
0 0.221875 0.5328125 0.01171875 0.021875
0 0.26953125 0.53359375 0.01171875 0.021875
10 0.465625 0.53828125 0.0140625 0.01328125
10 0.3890625 0.5421875 0.0140625 0.01328125
10 0.29140625 0.546875 0.0140625 0.0140625
0 0.425 0.5515625 0.04453125 0.0859375
10 0.46015625 0.5515625 0.015625 0.0140625
10 0.25859375 0.55234375 0.01484375 0.015625
10 0.2328125 0.553125 0.01328125 0.01484375
10 0.21015625 0.55859375 0.0078125 0.02734375
5 0.13046875 0.56015625 0.01484375 0.01640625
12 0.84375 0.5734375 0.0546875 0.36953125
12 0.5203125 0.57578125 0.03515625 0.36796875
1 0.1046875 0.5828125 0.03515625 0.053125
0 0.30390625 0.58828125 0.0125 0.02265625
10 0.78515625 0.590625 0.01328125 0.02890625
12 0.93203125 0.59375 0.12265625 0.12734375
10 0.590625 0.59765625 0.01171875 0.025
0 0.22578125 0.60703125 0.01796875 0.02578125
10 0.77578125 0.60859375 0.015625 0.03046875
5 0.1296875 0.6171875 0.0140625 0.01484375
5 0.19921875 0.62734375 0.0140625 0.01484375
10 0.44140625 0.63125 0.00546875 0.021875
10 0.434375 0.6328125 0.00546875 0.02265625
10 0.7625 0.63359375 0.015625 0.03046875
1 0.10546875 0.6375 0.034375 0.05625
10 0.275 0.640625 0.00859375 0.0296875
10 0.2375 0.6453125 0.00703125 0.0265625
5 0.30234375 0.64609375 0.0140625 0.01484375
10 0.753125 0.6515625 0.0140625 0.02734375
5 0.79140625 0.65390625 0.015625 0.01796875
7 0.18828125 0.6578125 0.0234375 0.0390625
10 0.37734375 0.66484375 0.0078125 0.02734375
10 0.6296875 0.66875 0.01328125 0.02421875
10 0.76953125 0.67421875 0.01328125 0.01328125
5 0.33359375 0.678125 0.0078125 0.02890625
10 0.3265625 0.67890625 0.00703125 0.0296875
5 0.2984375 0.68359375 0.00703125 0.02421875
5 0.3140625 0.68359375 0.00703125 0.0296875
10 0.2109375 0.68828125 0.01328125 0.0125
0 0.22578125 0.7 0.01171875 0.03359375
5 0.63359375 0.7140625 0.01328125 0.01640625
10 0.76171875 0.7140625 0.01484375 0.0140625
0 0.19296875 0.7140625 0.01953125 0.0296875
10 0.71640625 0.7203125 0.015625 0.03125
10 0.2375 0.72265625 0.015625 0.01484375
10 0.659375 0.72421875 0.0109375 0.02421875
0 0.43203125 0.72578125 0.0125 0.02265625
10 0.375 0.7265625 0.00703125 0.0265625
5 0.55390625 0.72734375 0.0078125 0.02578125
10 0.215625 0.72890625 0.00859375 0.028125
5 0.63359375 0.7296875 0.0140625 0.01484375
10 0.3890625 0.73359375 0.01328125 0.01484375
10 0.184375 0.740625 0.00703125 0.02578125
0 0.321875 0.74609375 0.04375 0.0859375
5 0.5453125 0.746875 0.00859375 0.02890625
0 0.2375 0.75 0.02265625 0.03203125
0 0.4015625 0.75 0.01171875 0.0234375
5 0.584375 0.75078125 0.0140625 0.0171875
10 0.55703125 0.753125 0.0078125 0.0265625
12 0.6515625 0.75546875 0.1015625 0.03671875
0 0.7625 0.7609375 0.06328125 0.075
5 0.515625 0.7625 0.01640625 0.01171875
0 0.19375 0.76484375 0.01171875 0.03515625
5 0.52265625 0.77421875 0.01484375 0.01484375
10 0.209375 0.7765625 0.0125 0.01328125
10 0.57265625 0.7796875 0.00859375 0.028125
10 0.71484375 0.78046875 0.01484375 0.0171875
10 0.18125 0.78828125 0.0140625 0.0140625
12 0.0734375 0.7890625 0.13984375 0.1171875
5 0.5890625 0.78984375 0.01484375 0.01640625
5 0.5765625 0.803125 0.01484375 0.01875
10 0.5109375 0.80625 0.01328125 0.01328125
0 0.54609375 0.809375 0.0359375 0.06796875
10 0.30390625 0.81171875 0.00703125 0.02734375
10 0.31796875 0.8125 0.00625 0.028125
10 0.2171875 0.8140625 0.01328125 0.01484375
12 0.921875 0.8171875 0.13984375 0.12109375
10 0.3515625 0.81953125 0.0125 0.0125
7 0.17890625 0.82890625 0.0203125 0.04140625
10 0.35078125 0.83515625 0.0125 0.01171875
5 0.57421875 0.83671875 0.00859375 0.0296875
5 0.59453125 0.83671875 0.0078125 0.02578125
10 0.51796875 0.84140625 0.0078125 0.028125
7 0.21953125 0.8421875 0.0203125 0.0359375
12 0.72109375 0.8453125 0.2390625 0.09140625
10 0.4953125 0.84765625 0.00859375 0.028125
0 0.3625 0.8515625 0.0125 0.01875
5 0.17890625 0.85703125 0.01484375 0.0171875
10 0.19140625 0.859375 0.00859375 0.02734375
0 0.4046875 0.859375 0.0125 0.021875
5 0.55 0.871875 0.01484375 0.01796875
10 0.2265625 0.87734375 0.00703125 0.02890625
0 0.528125 0.88203125 0.0171875 0.046875
5 0.21015625 0.88515625 0.0140625 0.01484375
5 0.57265625 0.8875 0.00859375 0.02890625
10 0.5671875 0.10859375 0.00859375 0.0296875
10 0.3796875 0.11484375 0.00625 0.0296875
12 0.2984375 0.115625 0.05234375 0.06640625
10 0.81875 0.11640625 0.02421875 0.025
12 0.68359375 0.1171875 0.16640625 0.0671875
10 0.37265625 0.1171875 0.00703125 0.0265625
5 0.84375 0.1390625 0.0140625 0.01484375
10 0.47890625 0.14140625 0.00703125 0.02734375
10 0.81953125 0.14375 0.02265625 0.02578125
10 0.3515625 0.14453125 0.0078125 0.02578125
5 0.8671875 0.1453125 0.00859375 0.0296875
5 0.84296875 0.15390625 0.0140625 0.01484375
10 0.3484375 0.16796875 0.0140625 0.0140625
5 0.16015625 0.1703125 0.00859375 0.0296875
10 0.6171875 0.18203125 0.015625 0.01640625
5 0.778125 0.18359375 0.01484375 0.01484375
0 0.81796875 0.18359375 0.02578125 0.046875
10 0.8390625 0.184375 0.00859375 0.02890625
5 0.1671875 0.184375 0.0078125 0.02890625
10 0.42734375 0.1859375 0.0140625 0.01484375
10 0.85078125 0.1859375 0.0140625 0.046875
10 0.34375 0.1875 0.0140625 0.0140625
0 0.3890625 0.18828125 0.05234375 0.09765625
12 0.75 0.19375 0.03515625 0.0390625
12 0.6671875 0.19453125 0.03515625 0.0375
10 0.42734375 0.19921875 0.01484375 0.0140625
10 0.34375 0.20078125 0.01640625 0.0140625
5 0.62890625 0.21875 0.0125 0.01484375
10 0.81875 0.225 0.021875 0.0265625
10 0.3453125 0.22578125 0.015625 0.01796875
5 0.84375 0.2296875 0.01328125 0.0125
5 0.628125 0.23125 0.01328125 0.0109375
5 0.12890625 0.2421875 0.0140625 0.0140625
5 0.84375 0.24296875 0.01328125 0.0125
5 0.628125 0.24375 0.0140625 0.0125
5 0.73515625 0.24375 0.015625 0.01640625
0 0.540625 0.24609375 0.1046875 0.2
12 0.70546875 0.246875 0.02421875 0.084375
10 0.4625 0.24765625 0.01484375 0.01640625
10 0.81796875 0.2515625 0.02421875 0.0234375
1 0.1046875 0.25546875 0.0328125 0.06015625
5 0.628125 0.25625 0.0140625 0.01171875
10 0.6109375 0.2609375 0.00859375 0.0296875
10 0.36640625 0.26484375 0.00625 0.02578125
10 0.3734375 0.26640625 0.00625 0.028125
10 0.4109375 0.26640625 0.0078125 0.0296875
10 0.39140625 0.26640625 0.00703125 0.028125
10 0.384375 0.26640625 0.00703125 0.028125
10 0.40390625 0.26640625 0.0078125 0.028125
5 0.628125 0.26875 0.01484375 0.0125
12 0.65859375 0.271875 0.01875 0.0671875
5 0.75546875 0.27578125 0.0140625 0.01484375
7 0.27265625 0.27890625 0.0203125 0.0390625
5 0.628125 0.28125 0.01484375 0.01171875
5 0.73125 0.28359375 0.00859375 0.028125
10 0.2515625 0.284375 0.00859375 0.028125
5 0.628125 0.29375 0.01484375 0.0125
5 0.7234375 0.29765625 0.00703125 0.0265625
7 0.7984375 0.30078125 0.01953125 0.0390625
5 0.75625 0.303125 0.01484375 0.015625
5 0.3171875 0.30546875 0.00703125 0.02578125
5 0.3453125 0.30625 0.00859375 0.02734375
5 0.325 0.30703125 0.0078125 0.028125
10 0.82734375 0.30703125 0.025 0.0265625
5 0.33671875 0.3078125 0.00859375 0.028125
5 0.75546875 0.31875 0.01484375 0.0140625
10 0.69609375 0.32265625 0.0125 0.025
5 0.66484375 0.325 0.0140625 0.015625
5 0.62421875 0.32890625 0.0140625 0.01484375
12 0.87890625 0.33046875 0.05078125 0.103125
5 0.16015625 0.33125 0.00859375 0.028125
5 0.7921875 0.3359375 0.0125 0.0125
10 0.28671875 0.33671875 0.01328125 0.046875
0 0.82109375 0.3421875 0.0203125 0.02734375
5 0.7609375 0.34375 0.01640625 0.01796875
5 0.62421875 0.34375 0.0140625 0.015625
5 0.33671875 0.34453125 0.0078125 0.028125
5 0.16796875 0.3453125 0.0078125 0.0296875
5 0.31640625 0.3453125 0.00859375 0.0265625
5 0.3453125 0.3453125 0.0078125 0.03046875
5 0.325 0.346875 0.0078125 0.02734375
5 0.36953125 0.34765625 0.0078125 0.02578125
5 0.39765625 0.34765625 0.00859375 0.02578125
10 0.6515625 0.34765625 0.01484375 0.028125
5 0.378125 0.3484375 0.0078125 0.0265625
5 0.79296875 0.3484375 0.0125 0.0125
5 0.38984375 0.34921875 0.0078125 0.028125
5 0.62421875 0.36015625 0.01484375 0.0140625
10 0.4875 0.365625 0.015625 0.0171875
12 0.26640625 0.3671875 0.01796875 0.06875
5 0.62421875 0.375 0.0140625 0.01484375
10 0.73828125 0.37578125 0.0125 0.02265625
10 0.82734375 0.378125 0.025 0.02265625
10 0.52578125 0.38203125 0.01328125 0.01484375
5 0.58984375 0.38671875 0.009375 0.03125
5 0.5734375 0.38671875 0.00546875 0.0265625
5 0.56015625 0.38671875 0.00703125 0.03046875
5 0.74375 0.38671875 0.01015625 0.01796875
5 0.540625 0.3875 0.00703125 0.028125
5 0.55390625 0.3875 0.00625 0.025
5 0.58046875 0.3875 0.00703125 0.028125
5 0.54765625 0.3875 0.00625 0.028125
5 0.5671875 0.38828125 0.00703125 0.02734375
12 0.35234375 0.39609375 0.1484375 0.07109375
5 0.1296875 0.3984375 0.01484375 0.01796875
5 0.6203125 0.40859375 0.01015625 0.01875
10 0.75703125 0.4109375 0.0125 0.02109375
1 0.10390625 0.41171875 0.03671875 0.05546875
5 0.61640625 0.4171875 0.009375 0.01953125
5 0.803125 0.41875 0.0078125 0.025
10 0.6109375 0.4265625 0.01171875 0.02265625
12 0.87734375 0.42734375 0.0140625 0.0703125
0 0.778125 0.434375 0.02421875 0.04609375
12 0.56875 0.4421875 0.0359375 0.0375
5 0.1296875 0.446875 0.0140625 0.01640625
1 0.10546875 0.46953125 0.03515625 0.05625
10 0.440625 0.48203125 0.00625 0.028125
10 0.446875 0.4828125 0.00703125 0.02890625
10 0.78828125 0.48515625 0.01328125 0.02578125