13 0.8859375 0.709375 0.028125 0.0640625
5 0.81015625 0.71171875 0.00703125 0.03359375
2 0.1375 0.07109375 0.03203125 0.053125
10 0.5296875 0.715625 0.00546875 0.015625
10 0.521875 0.71796875 0.00703125 0.03125
10 0.490625 0.7234375 0.0109375 0.046875
2 0.50703125 0.7265625 0.0140625 0.0609375
2 0.54140625 0.72890625 0.01328125 0.06328125
0 0.83984375 0.7375 0.04296875 0.07890625
10 0.6828125 0.7390625 0.00859375 0.01015625
10 0.56640625 0.740625 0.02578125 0.09765625
10 0.5953125 0.740625 0.0265625 0.09765625
0 0.75390625 0.7484375 0.053125 0.09921875
10 0.79921875 0.7484375 0.025 0.01953125
2 0.1859375 0.75234375 0.03203125 0.053125
5 0.15 0.7671875 0.00703125 0.03125
2 0.525 0.77421875 0.0140625 0.0640625
0 0.6859375 0.77890625 0.0140625 0.02421875
5 0.65390625 0.78125 0.0375 0.04921875
10 0.38046875 0.79453125 0.00859375 0.03046875
10 0.37265625 0.8 0.00546875 0.01328125
5 0.13125 0.80078125 0.00703125 0.03046875
5 0.9328125 0.81171875 0.01640625 0.01328125
10 0.19609375 0.81953125 0.015625 0.06640625
12 0.796875 0.0828125 0.165625 0.12421875
0 0.16015625 0.8359375 0.040625 0.07578125
5 0.13125 0.8375 0.00703125 0.03203125
5 0.10078125 0.0859375 0.0078125 0.03125
12 0.8125 0.86171875 0.02578125 0.04609375
12 0.759375 0.8640625 0.02421875 0.0453125
12 0.25078125 0.87265625 0.01875 0.1203125
10 0.13359375 0.87890625 0.0171875 0.015625
10 0.3765625 0.88046875 0.02578125 0.096875
5 0.5375 0.88125 0.01640625 0.01640625
10 0.17578125 0.90078125 0.03984375 0.03515625
10 0.1109375 0.946875 0.053125 0.05
12 0.8671875 0.9515625 0.02421875 0.03984375
13 0.17578125 0.953125 0.0515625 0.0578125
5 0.62109375 0.959375 0.01640625 0.015625
1 0.6453125 0.96015625 0.021875 0.01875
10 0.371875 0.1140625 0.0265625 0.096875
10 0.30390625 0.11875 0.0265625 0.096875
10 0.4 0.1203125 0.00859375 0.01015625
5 0.07890625 0.1203125 0.00703125 0.03125
10 0.14765625 0.1390625 0.01484375 0.06796875
10 0.21640625 0.1421875 0.00703125 0.03046875
5 0.19453125 0.14296875 0.00703125 0.03125
5 0.20546875 0.14296875 0.00703125 0.0296875
5 0.07890625 0.15703125 0.00703125 0.03125
0 0.11171875 0.15703125 0.03984375 0.078125
10 0.0875 0.19921875 0.01640625 0.01640625
10 0.2359375 0.20234375 0.00859375 0.03203125
10 0.18359375 0.20234375 0.009375 0.04609375
10 0.221875 0.20234375 0.01171875 0.04765625
0 0.20234375 0.203125 0.01953125 0.05390625
5 0.59609375 0.21328125 0.034375 0.0171875
10 0.12734375 0.21953125 0.0390625 0.03359375
7 0.38359375 0.2375 0.02734375 0.05859375
10 0.3390625 0.26875 0.0046875 0.015625
5 0.27265625 0.275 0.0078125 0.0296875
5 0.3109375 0.275 0.0078125 0.0296875
5 0.3203125 0.275 0.0078125 0.0296875
10 0.33046875 0.275 0.00703125 0.03125
10 0.209375 0.275 0.053125 0.04765625
5 0.25390625 0.2765625 0.0078125 0.0296875
5 0.2640625 0.2765625 0.0078125 0.0296875
5 0.28203125 0.2765625 0.0078125 0.0296875
5 0.2921875 0.2765625 0.0078125 0.0296875
5 0.3015625 0.2765625 0.0078125 0.0296875
5 0.38359375 0.284375 0.0171875 0.015625
0 0.6671875 0.29921875 0.05859375 0.1421875
12 0.84765625 0.3015625 0.30234375 0.34140625
2 0.13671875 0.31875 0.07890625 0.14453125
5 0.61953125 0.0328125 0.01640625 0.01328125
1 0.6421875 0.03203125 0.0203125 0.01640625
10 0.4609375 0.325 0.0265625 0.096875
0 0.49375 0.3265625 0.02421875 0.04609375
10 0.521875 0.3265625 0.02578125 0.09609375
10 0.55 0.328125 0.025 0.096875
10 0.57890625 0.32734375 0.0265625 0.09609375
10 0.209375 0.33046875 0.053125 0.046875
10 0.33984375 0.33671875 0.0046875 0.015625
12 0.03359375 0.340625 0.0515625 0.27421875
5 0.33046875 0.34296875 0.00703125 0.03125
5 0.25390625 0.34375 0.00703125 0.03125
5 0.27265625 0.34375 0.00703125 0.03125
5 0.3015625 0.34375 0.00703125 0.03125
5 0.3109375 0.34375 0.00703125 0.03125
5 0.32109375 0.34375 0.00703125 0.03125
5 0.2640625 0.34453125 0.00703125 0.03125
5 0.2828125 0.34453125 0.00703125 0.03125
5 0.2921875 0.34453125 0.00703125 0.03125
1 0.0953125 0.03515625 0.0265625 0.025
10 0.6265625 0.35859375 0.0078125 0.0296875
5 0.49375 0.365625 0.01640625 0.01640625
5 0.09140625 0.37734375 0.00859375 0.03203125
5 0.203125 0.384375 0.034375 0.0171875
10 0.240625 0.40625 0.01484375 0.06953125
5 0.0796875 0.41015625 0.00859375 0.03125
5 0.6734375 0.41484375 0.01640625 0.01328125
10 0.14921875 0.4296875 0.01484375 0.06953125
5 0.6734375 0.43203125 0.01640625 0.01328125
10 0.3625 0.04453125 0.01640625 0.015625
10 0.42578125 0.4453125 0.025 0.09765625
0 0.1109375 0.4453125 0.03984375 0.07578125
10 0.6296875 0.44765625 0.0265625 0.09609375
5 0.07890625 0.44765625 0.0078125 0.03125
0 0.32578125 0.4484375 0.134375 0.1609375
5 0.6734375 0.45 0.01640625 0.01328125
2 0.73125 0.47109375 0.0328125 0.025
10 0.76484375 0.471875 0.025 0.01953125
10 0.24140625 0.490625 0.01640625 0.06953125
10 0.0875 0.49140625 0.0171875 0.0140625
10 0.1921875 0.05 0.05390625 0.04921875
10 0.85546875 0.50234375 0.0359375 0.0296875
10 0.9078125 0.50234375 0.05234375 0.04765625
10 0.621875 0.509375 0.01640625 0.015625
0 0.6875 0.51015625 0.02421875 0.053125
10 0.12890625 0.5109375 0.03984375 0.0359375
0 0.528125 0.53359375 0.16328125 0.2984375
2 0.1859375 0.54296875 0.03203125 0.0515625
5 0.86953125 0.55 0.015625 0.015625
5 0.69453125 0.55703125 0.0078125 0.03046875
10 0.621875 0.559375 0.01640625 0.0140625
5 0.15 0.56015625 0.00859375 0.03125
0 0.746875 0.57734375 0.08125 0.14921875
5 0.09609375 0.0578125 0.01640625 0.01328125
5 0.12890625 0.59296875 0.00703125 0.03046875
10 0.24140625 0.59453125 0.01640625 0.0703125
10 0.89765625 0.59765625 0.00703125 0.01015625
0 0.865625 0.61015625 0.0453125 0.08359375
10 0.19609375 0.61171875 0.01484375 0.06796875
2 0.690625 0.61796875 0.0140625 0.06328125
10 0.6296875 0.61875 0.0265625 0.096875
10 0.42578125 0.6203125 0.025 0.096875
5 0.65546875 0.62109375 0.00859375 0.06328125
10 0.8328125 0.62421875 0.0078125 0.01015625
10 0.9046875 0.628125 0.003125 0.01328125
0 0.16015625 0.6296875 0.040625 0.0765625
5 0.13046875 0.6296875 0.0078125 0.03046875
0 0.32578125 0.63515625 0.134375 0.1609375
10 0.834375 0.6359375 0.00703125 0.0078125
5 0.8265625 0.6515625 0.01640625 0.0140625
10 0.828125 0.671875 0.0046875 0.0140625
10 0.83515625 0.671875 0.00546875 0.01640625
10 0.815625 0.67265625 0.01640625 0.0140625
10 0.85234375 0.67265625 0.02421875 0.01953125
10 0.24140625 0.67734375 0.01640625 0.06953125
5 0.73828125 0.67890625 0.01640625 0.01328125
10 0.13828125 0.68203125 0.01640625 0.015625
0 0.7125 0.6875 0.025 0.04609375
10 0.17578125 0.69296875 0.03984375 0.034375
12 0.9359375 0.70234375 0.065625 0.17890625