10 0.2296875 0.0578125 0.00703125 0.01875
10 0.23984375 0.05546875 0.0046875 0.01640625
10 0.24609375 0.059375 0.003125 0.01015625
10 0.57421875 0.1515625 0.00625 0.0203125
10 0.565625 0.15078125 0.00390625 0.01640625
10 0.55859375 0.14765625 0.003125 0.01015625
10 0.23984375 0.1515625 0.003125 0.0109375
10 0.23125 0.1515625 0.0046875 0.01640625
10 0.22265625 0.15234375 0.00703125 0.01953125
10 0.41328125 0.65546875 0.0078125 0.0046875
10 0.5859375 0.64296875 0.003125 0.0109375
10 0.6890625 0.70546875 0.0140625 0.009375
10 0.6890625 0.71875 0.0125 0.00703125
10 0.615625 0.67421875 0.01171875 0.00625
10 0.61484375 0.6875 0.00703125 0.0046875
10 0.565625 0.66328125 0.00625 0.01953125
10 0.55703125 0.6640625 0.0046875 0.0171875
10 0.5265625 0.66015625 0.00234375 0.01015625
10 0.50859375 0.6625 0.00703125 0.01953125
10 0.4984375 0.6625 0.00703125 0.01953125
10 0.42421875 0.66953125 0.0046875 0.0171875
10 0.41328125 0.66953125 0.0078125 0.0046875
10 0.3515625 0.72578125 0.0078125 0.0046875
10 0.371875 0.7265625 0.0125 0.00703125
10 0.39296875 0.7265625 0.0078125 0.0046875
10 0.41171875 0.7078125 0.0078125 0.0046875
10 0.42265625 0.7609375 0.01171875 0.00625
10 0.42265625 0.771875 0.0140625 0.00859375
10 0.4515625 0.69765625 0.003125 0.01015625
10 0.46953125 0.6984375 0.003125 0.0109375
10 0.48125 0.7 0.003125 0.0109375
10 0.4875 0.72265625 0.00703125 0.0046875
10 0.55390625 0.7109375 0.0078125 0.0046875
10 0.5578125 0.73515625 0.00703125 0.0046875
10 0.6375 0.75859375 0.00703125 0.00546875
10 0.6703125 0.75 0.0140625 0.009375
10 0.65234375 0.7796875 0.0140625 0.00859375
10 0.65234375 0.79453125 0.0140625 0.009375
10 0.67265625 0.81015625 0.0125 0.00703125
10 0.6375 0.8234375 0.00703125 0.0046875
10 0.63671875 0.840625 0.00703125 0.0046875
10 0.6265625 0.775 0.00703125 0.0046875
10 0.5578125 0.8203125 0.00703125 0.0046875
10 0.56484375 0.8359375 0.003125 0.01171875
10 0.57578125 0.7765625 0.00703125 0.0046875
10 0.5421875 0.78125 0.0125 0.00625
10 0.52890625 0.78046875 0.0125 0.00625
10 0.51640625 0.78046875 0.01171875 0.00546875
10 0.5015625 0.78046875 0.0125 0.00703125
10 0.4890625 0.78046875 0.01171875 0.00703125
10 0.47578125 0.78046875 0.01171875 0.00625
10 0.49921875 0.8328125 0.00625 0.003125
10 0.50625 0.834375 0.0078125 0.01015625
10 0.4234375 0.7875 0.0140625 0.009375
10 0.42421875 0.7984375 0.01171875 0.00703125
10 0.3984375 0.8 0.0078125 0.0046875
10 0.4265625 0.82578125 0.00234375 0.0109375
10 0.42265625 0.86171875 0.0125 0.00703125
10 0.38203125 0.87578125 0.00703125 0.0046875
10 0.39765625 0.8828125 0.0078125 0.00390625
10 0.40078125 0.921875 0.0078125 0.0046875
10 0.41171875 0.90546875 0.0140625 0.00859375
10 0.421875 0.87265625 0.0140625 0.009375
10 0.42421875 0.88125 0.00703125 0.00390625
10 0.40234375 0.87578125 0.00703125 0.0046875
10 0.41875 0.89296875 0.00703125 0.0046875
10 0.428125 0.9015625 0.00390625 0.0109375
10 0.44140625 0.8953125 0.00703125 0.0046875
10 0.44140625 0.92421875 0.003125 0.01015625
10 0.46484375 0.9125 0.00703125 0.0046875
10 0.47265625 0.9125 0.00703125 0.0046875
10 0.484375 0.84140625 0.003125 0.0109375
10 0.48515625 0.85390625 0.003125 0.009375
10 0.50078125 0.865625 0.00390625 0.0171875
10 0.509375 0.7921875 0.00390625 0.01640625
10 0.509375 0.81015625 0.0046875 0.0171875
10 0.51796875 0.85703125 0.003125 0.0109375
10 0.49140625 0.890625 0.0078125 0.0046875
10 0.5109375 0.89921875 0.00625 0.0203125
10 0.5296875 0.90078125 0.00390625 0.0171875
10 0.546875 0.90234375 0.00703125 0.01953125
10 0.565625 0.903125 0.00390625 0.0171875
10 0.5734375 0.903125 0.00703125 0.0203125
10 0.640625 0.89375 0.003125 0.0109375
12 0.95078125 0.340625 0.0265625 0.10703125
5 0.95 0.57734375 0.0125 0.02109375
5 0.95 0.6078125 0.0125 0.0203125
5 0.95 0.65390625 0.01328125 0.0203125
5 0.5375 0.66015625 0.003125 0.0109375
5 0.51796875 0.6625 0.00703125 0.00390625
5 0.5328125 0.6609375 0.00234375 0.0109375
5 0.484375 0.6578125 0.0078125 0.0046875
5 0.4765625 0.66640625 0.0078125 0.0046875
5 0.4671875 0.653125 0.0078125 0.00546875
5 0.46328125 0.66640625 0.00859375 0.0046875
5 0.45390625 0.665625 0.0078125 0.00390625
5 0.44375 0.66640625 0.0078125 0.0046875
5 0.43203125 0.64296875 0.0078125 0.0046875
5 0.425 0.69453125 0.0078125 0.0046875
5 0.51875 0.92734375 0.00390625 0.009375
5 0.49453125 0.90078125 0.003125 0.0109375
5 0.490625 0.90078125 0.003125 0.0109375
5 0.51015625 0.92421875 0.00234375 0.01015625
5 0.50390625 0.925 0.003125 0.0109375
10 0.48671875 0.91328125 0.00703125 0.0046875
5 0.4859375 0.92265625 0.003125 0.009375
5 0.475 0.921875 0.00234375 0.009375
5 0.4703125 0.921875 0.00234375 0.0109375
5 0.46640625 0.921875 0.00234375 0.009375
5 0.4625 0.921875 0.003125 0.01015625
5 0.46484375 0.93125 0.0078125 0.0046875
5 0.4671875 0.940625 0.003125 0.009375
5 0.4625 0.940625 0.00234375 0.01015625
10 0.46484375 0.95078125 0.0078125 0.0046875
10 0.4734375 0.73515625 0.0078125 0.00546875
10 0.47109375 0.75546875 0.003125 0.0109375
10 0.48203125 0.74765625 0.0078125 0.0046875
10 0.4828125 0.753125 0.0078125 0.00546875
10 0.4890625 0.75703125 0.003125 0.009375
10 0.49140625 0.77109375 0.0078125 0.0046875
10 0.49375 0.7625 0.003125 0.01015625
10 0.49375 0.75 0.003125 0.0109375
10 0.49609375 0.72890625 0.0078125 0.0046875
10 0.509375 0.71171875 0.00390625 0.0171875
10 0.509375 0.734375 0.00390625 0.01640625
10 0.509375 0.7515625 0.00390625 0.015625
10 0.509375 0.76875 0.00390625 0.0171875
10 0.4984375 0.73828125 0.003125 0.0109375
10 0.5 0.753125 0.0078125 0.0046875
10 0.4984375 0.7625 0.003125 0.0109375
10 0.50234375 0.76875 0.00234375 0.0109375
10 0.5203125 0.7265625 0.00390625 0.0109375
10 0.53359375 0.7140625 0.003125 0.0109375
10 0.53359375 0.72578125 0.003125 0.0109375
10 0.52265625 0.74765625 0.0078125 0.00546875
10 0.515625 0.75546875 0.003125 0.009375
10 0.5203125 0.75703125 0.003125 0.0109375
10 0.525 0.75703125 0.003125 0.0109375
10 0.5296875 0.75078125 0.003125 0.0109375
10 0.515625 0.76796875 0.003125 0.0109375
10 0.5203125 0.76875 0.003125 0.0109375
10 0.52734375 0.771875 0.0078125 0.0046875
10 0.53359375 0.75703125 0.003125 0.01015625
10 0.54765625 0.73203125 0.003125 0.0109375
10 0.540625 0.74765625 0.0078125 0.00625
10 0.53984375 0.753125 0.00703125 0.00546875
10 0.5515625 0.75703125 0.00234375 0.01015625
10 0.5359375 0.765625 0.00703125 0.0046875
10 0.5359375 0.771875 0.0078125 0.00546875
10 0.46953125 0.8296875 0.00546875 0.01015625
10 0.48203125 0.78984375 0.0078125 0.0046875
10 0.49140625 0.78984375 0.00703125 0.00546875
10 0.50234375 0.79296875 0.00390625 0.0109375
10 0.49375 0.79921875 0.003125 0.0109375
10 0.49765625 0.79921875 0.003125 0.0109375
10 0.50234375 0.80546875 0.00390625 0.0109375
10 0.484375 0.8046875 0.003125 0.0109375
10 0.4890625 0.8109375 0.003125 0.0109375
10 0.49765625 0.81171875 0.00390625 0.0109375
10 0.515625 0.79296875 0.00234375 0.0109375
10 0.521875 0.79609375 0.00703125 0.0046875
10 0.52890625 0.79296875 0.00234375 0.009375
10 0.51796875 0.8078125 0.00703125 0.00390625
10 0.5171875 0.8140625 0.0078125 0.0046875
10 0.52421875 0.81171875 0.003125 0.0109375
10 0.5296875 0.81171875 0.00390625 0.01015625
10 0.53359375 0.80546875 0.003125 0.01171875
10 0.53984375 0.80859375 0.0078125 0.0046875
10 0.53984375 0.8140625 0.00703125 0.0046875
10 0.5359375 0.8328125 0.0078125 0.0046875
10 0.53359375 0.84765625 0.003125 0.0109375
10 0.546875 0.8296875 0.003125 0.0109375
10 0.5515625 0.80546875 0.003125 0.0109375
10 0.62890625 0.85859375 0.00703125 0.0046875
10 0.62890625 0.865625 0.00703125 0.00546875
10 0.60078125 0.8546875 0.0125 0.00625
10 0.60078125 0.86796875 0.0140625 0.01015625
12 0.42578125 0.371875 0.228125 0.2890625