12 0.07265625 0.3265625 0.0890625 0.196875
14 0.2125 0.240625 0.20234375 0.46015625
12 0.5921875 0.10390625 0.40390625 0.05078125
12 0.896875 0.2234375 0.07734375 0.0640625
12 0.878125 0.31875 0.090625 0.03359375
12 0.8515625 0.2078125 0.003125 0.0109375
5 0.90546875 0.29296875 0.003125 0.01015625
5 0.89453125 0.29375 0.00234375 0.009375
5 0.90546875 0.3421875 0.003125 0.00859375
5 0.89921875 0.36640625 0.003125 0.01015625
5 0.88203125 0.3421875 0.003125 0.009375
5 0.87734375 0.3640625 0.00234375 0.01015625
5 0.871875 0.34140625 0.00234375 0.01015625
5 0.8609375 0.3421875 0.003125 0.009375
5 0.8765625 0.44609375 0.003125 0.0109375
3 0.8890625 0.40703125 0.04609375 0.0609375
5 0.75 0.33515625 0.003125 0.01015625
5 0.72578125 0.33671875 0.003125 0.009375
1 0.75078125 0.3671875 0.01171875 0.03671875
1 0.72578125 0.36640625 0.01171875 0.0375
12 0.78046875 0.4109375 0.0125 0.01796875
5 0.62890625 0.31328125 0.0078125 0.0046875
10 0.63125 0.33359375 0.00703125 0.0046875
10 0.61171875 0.271875 0.0046875 0.01640625
10 0.60625 0.2734375 0.003125 0.01015625
10 0.57265625 0.27265625 0.00390625 0.01640625
10 0.56640625 0.275 0.00234375 0.01015625
10 0.56171875 0.275 0.003125 0.0109375
10 0.5546875 0.27109375 0.00625 0.0203125
10 0.54296875 0.2703125 0.00390625 0.015625
10 0.50625 0.30078125 0.00703125 0.0046875
10 0.5 0.325 0.0140625 0.00859375
10 0.50625 0.334375 0.0078125 0.0046875
10 0.50390625 0.35859375 0.00703125 0.0046875
10 0.503125 0.37578125 0.00703125 0.0046875
10 0.50390625 0.3828125 0.00703125 0.00546875
10 0.47109375 0.34296875 0.003125 0.0109375
10 0.4765625 0.34375 0.003125 0.0109375
10 0.5015625 0.403125 0.0125 0.00703125
11 0.45234375 0.3796875 0.0328125 0.04765625
10 0.0203125 0.54140625 0.00625 0.01484375
10 0.0203125 0.61875 0.00703125 0.01484375
10 0.08515625 0.6015625 0.0140625 0.01171875
10 0.1 0.6015625 0.01328125 0.0109375
10 0.11484375 0.5890625 0.00625 0.0140625
10 0.121875 0.59140625 0.00546875 0.01015625
10 0.16015625 0.55234375 0.00859375 0.01953125
10 0.1796875 0.5 0.00859375 0.01953125
10 0.1796875 0.52265625 0.0109375 0.009375
10 0.1890625 0.57109375 0.00625 0.01484375
10 0.21640625 0.534375 0.00625 0.01484375
10 0.16875 0.56796875 0.01015625 0.01015625
10 0.16796875 0.5984375 0.01015625 0.009375
10 0.1859375 0.6109375 0.00625 0.0140625
10 0.19921875 0.60234375 0.01015625 0.009375
10 0.2125 0.60234375 0.0109375 0.009375
10 0.2125 0.59296875 0.0109375 0.0109375
10 0.5015625 0.59921875 0.0078125 0.0046875
10 0.5015625 0.590625 0.0078125 0.0046875
10 0.52890625 0.43828125 0.00390625 0.01015625
10 0.55859375 0.4453125 0.00625 0.01953125
10 0.565625 0.44296875 0.003125 0.0109375
10 0.5703125 0.440625 0.003125 0.01015625
10 0.6046875 0.44921875 0.00625 0.01953125
10 0.6265625 0.409375 0.00703125 0.00390625
10 0.55390625 0.52578125 0.00625 0.01953125
10 0.56484375 0.52578125 0.0046875 0.01640625
10 0.57109375 0.52109375 0.00390625 0.01015625
10 0.57578125 0.52109375 0.003125 0.0109375
10 0.58125 0.52578125 0.0046875 0.0171875
10 0.59140625 0.52734375 0.00625 0.01875
10 0.81953125 0.50703125 0.01015625 0.009375
10 0.8140625 0.5203125 0.0109375 0.00859375
10 0.84140625 0.50703125 0.009375 0.00859375
10 0.84140625 0.52265625 0.00625 0.0140625
10 0.853125 0.52421875 0.00859375 0.01875
10 0.84140625 0.56875 0.00625 0.01484375
10 0.81953125 0.55 0.00703125 0.00703125
10 0.83359375 0.54609375 0.00703125 0.00703125
10 0.81953125 0.54140625 0.00703125 0.00703125
10 0.88125 0.50546875 0.0109375 0.009375
10 0.91484375 0.5234375 0.00703125 0.015625
10 0.89921875 0.63671875 0.01328125 0.0125
10 0.89921875 0.65078125 0.01328125 0.01171875
10 0.86953125 0.63359375 0.00625 0.0140625
10 0.8015625 0.60390625 0.00625 0.01484375
10 0.83984375 0.596875 0.00625 0.01484375
10 0.8015625 0.57734375 0.00625 0.0140625
10 0.8140625 0.57109375 0.01015625 0.00859375
10 0.1859375 0.63515625 0.00703125 0.01484375
10 0.15234375 0.64765625 0.0046875 0.009375
10 0.159375 0.63515625 0.00625 0.015625
10 0.15234375 0.6328125 0.00546875 0.01015625
10 0.159375 0.65390625 0.00625 0.01484375
10 0.53984375 0.8796875 0.00703125 0.0046875
10 0.53125 0.8796875 0.00703125 0.0046875
10 0.5203125 0.88046875 0.00703125 0.00390625
10 0.51015625 0.8828125 0.003125 0.01015625
10 0.49453125 0.8828125 0.003125 0.0109375
10 0.35234375 0.97109375 0.003125 0.01015625
10 0.4390625 0.92734375 0.00625 0.01953125
10 0.484375 0.9421875 0.00703125 0.0046875
10 0.5046875 0.95234375 0.003125 0.01015625
10 0.49921875 0.95234375 0.003125 0.01171875
10 0.5125 0.93359375 0.00234375 0.0125
10 0.51875 0.934375 0.003125 0.0109375
10 0.52421875 0.953125 0.003125 0.01015625
10 0.51953125 0.953125 0.00390625 0.01015625
5 0.50234375 0.3140625 0.00859375 0.0046875
5 0.2578125 0.4765625 0.00703125 0.0046875
5 0.4375 0.34375 0.00390625 0.01015625
5 0.50390625 0.353125 0.00703125 0.0046875
5 0.50390625 0.36484375 0.00703125 0.00546875
5 0.50390625 0.3703125 0.0078125 0.0046875
5 0.55234375 0.47421875 0.00390625 0.01015625
5 0.5578125 0.47421875 0.003125 0.0109375
5 0.5796875 0.47421875 0.003125 0.0109375
5 0.58125 0.4453125 0.003125 0.0109375
5 0.59140625 0.4734375 0.003125 0.0109375
10 0.62890625 0.36171875 0.0078125 0.00546875
10 0.62890625 0.3671875 0.00703125 0.0046875
10 0.62734375 0.3828125 0.00703125 0.00546875
10 0.6359375 0.39375 0.0140625 0.009375
5 0.88046875 0.490625 0.0140625 0.01171875
5 0.87265625 0.52421875 0.00859375 0.01875
5 0.8625 0.52421875 0.0078125 0.01953125
5 0.8109375 0.534375 0.00859375 0.01796875
5 0.81015625 0.55546875 0.00859375 0.01953125
5 0.77890625 0.59921875 0.00859375 0.01875
5 0.81796875 0.609375 0.00859375 0.01796875
5 0.51328125 0.59609375 0.00390625 0.009375
5 0.48046875 0.57421875 0.003125 0.0109375
5 0.23203125 0.553125 0.00859375 0.01875
5 0.2234375 0.553125 0.009375 0.01953125
5 0.1890625 0.55234375 0.00859375 0.01953125
5 0.1796875 0.55234375 0.00859375 0.01796875
5 0.1703125 0.55234375 0.009375 0.01875
5 0.14375 0.59765625 0.0078125 0.0203125
5 0.16796875 0.5890625 0.009375 0.00859375
5 0.16796875 0.57890625 0.01015625 0.00859375
5 0.29765625 0.6 0.00546875 0.01171875
5 0.296875 0.6140625 0.00390625 0.0109375
5 0.4046875 0.49375 0.003125 0.009375
5 0.41171875 0.49453125 0.00234375 0.009375
5 0.6859375 0.59453125 0.003125 0.01015625
5 0.8296875 0.64609375 0.00859375 0.01875
5 0.80390625 0.6421875 0.0078125 0.01796875
5 0.546875 0.63828125 0.00703125 0.0046875
5 0.53359375 0.63984375 0.00703125 0.0046875
5 0.5515625 0.665625 0.00703125 0.00390625
5 0.5578125 0.69453125 0.00703125 0.0046875
5 0.5390625 0.66796875 0.0078125 0.0046875
5 0.521875 0.6390625 0.0078125 0.0046875
5 0.51640625 0.65 0.00703125 0.0046875
5 0.52578125 0.6609375 0.00859375 0.0046875
5 0.51328125 0.6609375 0.0078125 0.00546875
10 0.4921875 0.65546875 0.00625 0.01953125
10 0.4734375 0.6546875 0.0046875 0.0171875
5 0.56015625 0.70859375 0.003125 0.01015625
5 0.55625 0.75078125 0.003125 0.0109375
5 0.5453125 0.88671875 0.0078125 0.0046875
5 0.5453125 0.8921875 0.00703125 0.0046875
5 0.525 0.88515625 0.00703125 0.0046875
5 0.525 0.890625 0.00703125 0.00390625
5 0.50234375 0.8796875 0.00703125 0.0046875
5 0.44921875 0.896875 0.003125 0.009375
5 0.44296875 0.896875 0.003125 0.01015625
5 0.34375 0.865625 0.003125 0.01015625
5 0.46171875 0.971875 0.003125 0.009375
10 0.68046875 0.96875 0.003125 0.00859375
5 0.4171875 0.371875 0.00390625 0.009375
12 0.41640625 0.3859375 0.01328125 0.0125
12 0.42734375 0.34140625 0.01328125 0.01796875
0 0.56640625 0.35703125 0.1015625 0.1421875
5 0.47734375 0.38984375 0.00234375 0.01015625
6 0.03828125 0.5796875 0.04140625 0.07578125
11 0.0890625 0.53984375 0.04921875 0.11015625
7 0.146875 0.50703125 0.05234375 0.03984375
7 0.22890625 0.52890625 0.01640625 0.0203125
2 0.20625 0.553125 0.0203125 0.01953125
0 0.209375 0.57578125 0.01484375 0.02109375
5 0.18046875 0.58359375 0.00859375 0.01484375
6 0.0375 0.6421875 0.0421875 0.04609375
12 0.078125 0.65234375 0.02421875 0.01875
0 0.12421875 0.63125 0.04921875 0.0671875
12 0.31796875 0.56875 0.03515625 0.04921875
12 0.31875 0.6453125 0.03515625 0.0484375
12 0.50546875 0.53203125 0.0125 0.01875
12 0.53046875 0.54375 0.01328125 0.01796875
12 0.55546875 0.5640625 0.01484375 0.01875
12 0.57421875 0.56328125 0.0140625 0.01953125
12 0.59296875 0.5640625 0.0140625 0.01796875
12 0.609375 0.56484375 0.0125 0.0203125
12 0.6265625 0.5640625 0.01328125 0.01953125
12 0.64375 0.5640625 0.01328125 0.01875
12 0.715625 0.55625 0.034375 0.046875
12 0.71484375 0.63203125 0.03515625 0.0484375
0 0.821875 0.490625 0.01796875 0.01875
0 0.84375 0.49140625 0.01875 0.01796875
2 0.83046875 0.5265625 0.01328125 0.028125
0 0.84765625 0.5453125 0.01796875 0.01875
12 0.25625 0.640625 0.0125 0.01796875
11 0.46796875 0.60234375 0.03515625 0.0328125
7 0.81640625 0.6421875 0.01640625 0.0203125
2 0.790625 0.59921875 0.01328125 0.02890625
13 0.81328125 0.5875 0.01484375 0.021875
2 0.83125 0.5640625 0.01328125 0.028125
0 0.8828125 0.6375 0.0171875 0.01953125
2 0.8640625 0.58046875 0.02890625 0.0484375
12 0.86171875 0.81796875 0.034375 0.25234375
12 0.8 0.8171875 0.03515625 0.25234375
12 0.72578125 0.73046875 0.01484375 0.02109375
12 0.68046875 0.95390625 0.0125 0.01328125
12 0.55703125 0.934375 0.01484375 0.034375
0 0.48046875 0.77265625 0.14375 0.196875
12 0.31875 0.82890625 0.034375 0.04765625
12 0.31796875 0.90546875 0.03515625 0.0484375
12 0.2609375 0.96328125 0.0140625 0.01953125
12 0.1265625 0.8234375 0.0359375 0.25703125
12 0.20078125 0.8234375 0.034375 0.25625
10 0.39921875 0.9890625 0.00390625 0.0171875
10 0.40859375 0.99140625 0.003125 0.01171875
10 0.41640625 0.98828125 0.00546875 0.01640625
10 0.425 0.990625 0.00390625 0.0109375
10 0.4328125 0.98984375 0.00390625 0.0171875
10 0.45078125 0.99296875 0.003125 0.01015625
10 0.4984375 0.98125 0.003125 0.009375
0 0.5015625 0.93125 0.0125 0.01953125
5 0.53203125 0.8875 0.00234375 0.01015625
5 0.5359375 0.8875 0.003125 0.01015625
10 0.5375 0.95703125 0.0125 0.00703125
2 0.53828125 0.98359375 0.00625 0.01953125