10 0.3453125 0.4015625 0.0109375 0.05
10 0.38671875 0.4015625 0.01015625 0.04921875
10 0.3671875 0.4015625 0.0109375 0.04921875
5 0.1828125 0.43125 0.01171875 0.04921875
1 0.0734375 0.43125 0.0421875 0.03515625
5 0.2078125 0.43125 0.0109375 0.05078125
7 0.24609375 0.43203125 0.0421875 0.05546875
1 0.07265625 0.46875 0.0421875 0.0375
1 0.07265625 0.50625 0.04140625 0.0359375
12 0.771875 0.5359375 0.27265625 0.78984375
1 0.07265625 0.54375 0.0421875 0.03671875
1 0.0734375 0.58125 0.0421875 0.03671875
5 0.12734375 0.59921875 0.028125 0.06015625
10 0.4875 0.60078125 0.0109375 0.05
0 0.36953125 0.61328125 0.11484375 0.18046875
1 0.0734375 0.61875 0.04140625 0.0375
5 0.1390625 0.6671875 0.01328125 0.0515625
1 0.1171875 0.671875 0.02265625 0.06171875
5 0.16171875 0.74375 0.01015625 0.05
5 0.18203125 0.74453125 0.01015625 0.04921875
0 0.2375 0.746875 0.07265625 0.14921875
5 0.5875 0.79140625 0.0125 0.046875
5 0.6140625 0.7921875 0.01171875 0.04921875
12 0.07421875 0.80859375 0.115625 0.209375
1 0.18984375 0.82421875 0.02109375 0.06796875
13 0.29921875 0.83046875 0.040625 0.0515625
5 0.2234375 0.8484375 0.01796875 0.0140625
10 0.15546875 0.865625 0.009375 0.04765625
5 0.33671875 0.8671875 0.01171875 0.05078125
5 0.3 0.88828125 0.03203125 0.01796875
5 0.209375 0.909375 0.01015625 0.0484375
5 0.1890625 0.909375 0.01171875 0.0484375
10 0.23046875 0.909375 0.01015625 0.0515625
12 0.5234375 0.1546875 0.228125 0.1625
12 0.21953125 0.1578125 0.371875 0.159375
5 0.1828125 0.278125 0.0109375 0.0515625
5 0.2109375 0.27890625 0.0125 0.0515625
5 0.23828125 0.27890625 0.0109375 0.0515625
5 0.26640625 0.28046875 0.01171875 0.04921875
5 0.54375 0.28046875 0.01171875 0.04921875
5 0.48828125 0.28046875 0.01171875 0.0484375
5 0.51640625 0.28046875 0.0125 0.04921875
11 0.3625 0.325 0.14921875 0.084375
1 0.07265625 0.3546875 0.040625 0.03515625
5 0.12890625 0.378125 0.0296875 0.05703125
1 0.07265625 0.39296875 0.04140625 0.03515625