5 0.259375 0.16796875 0.0046875 0.04296875
5 0.28046875 0.1703125 0.00546875 0.046875
5 0.3546875 0.1703125 0.00390625 0.053125
5 0.17734375 0.17265625 0.00546875 0.0484375
10 0.20859375 0.17265625 0.00625 0.0484375
5 0.22265625 0.17265625 0.00390625 0.0484375
10 0.22734375 0.17421875 0.0046875 0.0453125
5 0.2171875 0.17421875 0.00546875 0.0453125
5 0.17109375 0.1765625 0.00546875 0.05
7 0.11875 0.17734375 0.00625 0.06171875
10 0.59609375 0.17734375 0.0046875 0.05859375
5 0.12734375 0.17890625 0.00546875 0.0453125
10 0.140625 0.18046875 0.003125 0.04140625
5 0.13359375 0.18203125 0.0046875 0.04296875
7 0.14921875 0.18203125 0.01171875 0.08359375
5 0.590625 0.18359375 0.0046875 0.06328125
10 0.64375 0.184375 0.00625 0.03828125
7 0.23515625 0.18515625 0.01015625 0.0765625
5 0.58515625 0.18515625 0.0046875 0.05703125
0 0.30234375 0.1859375 0.021875 0.15859375
5 0.65 0.19140625 0.0046875 0.03984375
5 0.63828125 0.190625 0.00546875 0.03515625
7 0.1609375 0.1921875 0.01171875 0.08828125
5 0.321875 0.1921875 0.00546875 0.0453125
5 0.3375 0.1953125 0.00390625 0.04296875
5 0.8625 0.1984375 0.00703125 0.06640625
10 0.6296875 0.2015625 0.00546875 0.046875
10 0.55390625 0.2046875 0.00546875 0.06015625
5 0.559375 0.20546875 0.00546875 0.06171875
10 0.6625 0.2109375 0.00546875 0.05859375
5 0.27265625 0.2171875 0.00390625 0.0453125
5 0.26015625 0.2203125 0.00546875 0.046875
5 0.265625 0.221875 0.00390625 0.05
10 0.85625 0.22578125 0.00546875 0.06171875
10 0.80078125 0.22734375 0.00390625 0.06171875
7 0.5703125 0.22578125 0.01171875 0.06484375
7 0.25078125 0.2265625 0.0109375 0.06328125
10 0.59765625 0.2296875 0.0046875 0.03984375
5 0.2046875 0.2296875 0.00390625 0.046875
5 0.209375 0.2296875 0.00390625 0.05
10 0.64453125 0.23046875 0.00625 0.04140625
10 0.634375 0.23046875 0.0046875 0.04140625
10 0.63828125 0.23203125 0.003125 0.04296875
10 0.59296875 0.2328125 0.00390625 0.04140625
5 0.32734375 0.2359375 0.00390625 0.04140625
7 0.0984375 0.23671875 0.01015625 0.0734375
10 0.31875 0.23828125 0.0046875 0.046875
7 0.13203125 0.23984375 0.0109375 0.06640625
10 0.08984375 0.2390625 0.00390625 0.0515625
7 0.11015625 0.23984375 0.01171875 0.06640625
10 0.11875 0.240625 0.00390625 0.0515625
5 0.0828125 0.240625 0.00546875 0.0484375
10 0.58671875 0.240625 0.00234375 0.03515625
0 0.615625 0.2421875 0.02109375 0.128125
5 0.3359375 0.24296875 0.00390625 0.04296875
7 0.2203125 0.246875 0.01015625 0.0796875
10 0.7953125 0.24765625 0.00625 0.0515625
10 0.5828125 0.246875 0.003125 0.03984375
5 0.57890625 0.2546875 0.00390625 0.03984375
5 0.2828125 0.25703125 0.003125 0.04296875
10 0.14921875 0.2578125 0.00625 0.06171875
10 0.28671875 0.259375 0.00390625 0.0546875
5 0.78984375 0.26640625 0.00546875 0.05
5 0.3546875 0.26796875 0.0046875 0.05
5 0.6609375 0.271875 0.00546875 0.046875
5 0.64921875 0.27421875 0.00390625 0.03828125
5 0.65390625 0.275 0.00390625 0.03671875
5 0.64453125 0.275 0.0046875 0.03671875
5 0.846875 0.27734375 0.00390625 0.0453125
10 0.4359375 0.27890625 0.00546875 0.06171875
10 0.42890625 0.2796875 0.00625 0.06328125
5 0.715625 0.28203125 0.00546875 0.046875
5 0.92890625 0.28203125 0.00546875 0.046875
10 0.6390625 0.28203125 0.00546875 0.04296875
10 0.60390625 0.2875 0.0046875 0.0515625
10 0.59921875 0.28828125 0.0046875 0.046875
7 0.3421875 0.28828125 0.009375 0.0734375
7 0.27109375 0.28984375 0.0109375 0.08359375
5 0.0828125 0.28984375 0.00546875 0.046875
5 0.3015625 0.290625 0.003125 0.0515625
5 0.77890625 0.290625 0.00546875 0.0515625
7 0.33125 0.290625 0.01015625 0.071875
10 0.58125 0.290625 0.003125 0.03515625
5 0.296875 0.290625 0.00390625 0.0515625
5 0.30625 0.2921875 0.00390625 0.0546875
5 0.58515625 0.29140625 0.00390625 0.03671875
10 0.2921875 0.2921875 0.0046875 0.0484375
5 0.23671875 0.29453125 0.00390625 0.05859375
7 0.55 0.2984375 0.0109375 0.0703125
5 0.25859375 0.296875 0.00546875 0.06328125
10 0.32265625 0.2984375 0.00546875 0.053125
10 0.24375 0.2984375 0.00625 0.0703125
10 0.3171875 0.2984375 0.00390625 0.06015625
5 0.2515625 0.3 0.00546875 0.06640625
5 0.559375 0.3 0.00625 0.0734375
5 0.13125 0.30078125 0.003125 0.0515625
10 0.12265625 0.3015625 0.0046875 0.046875
5 0.12734375 0.3015625 0.00390625 0.046875
10 0.2296875 0.3015625 0.00703125 0.0765625
5 0.1390625 0.303125 0.0046875 0.046875
5 0.94921875 0.303125 0.00625 0.06015625
10 0.1015625 0.30390625 0.00390625 0.0515625
5 0.91953125 0.30859375 0.0046875 0.046875
5 0.8546875 0.30859375 0.00625 0.06328125
5 0.72421875 0.309375 0.00546875 0.05859375
5 0.92578125 0.31171875 0.00390625 0.04296875
7 0.57109375 0.3125 0.009375 0.075
7 0.1109375 0.3140625 0.0109375 0.078125
5 0.221875 0.31640625 0.0046875 0.053125
5 0.1796875 0.3203125 0.00390625 0.053125
5 0.2078125 0.32109375 0.00390625 0.05859375
10 0.18671875 0.321875 0.0078125 0.06328125
10 0.20078125 0.3234375 0.0078125 0.06328125
10 0.659375 0.32265625 0.00390625 0.0484375
5 0.19375 0.32421875 0.00390625 0.0546875
10 0.21484375 0.32421875 0.0078125 0.071875
10 0.65234375 0.32421875 0.0078125 0.0484375
5 0.79609375 0.32421875 0.00625 0.071875
10 0.64453125 0.32421875 0.00625 0.0453125
10 0.1734375 0.325 0.0078125 0.0703125
5 0.6765625 0.32734375 0.0078125 0.09140625
5 0.846875 0.328125 0.00390625 0.053125
5 0.715625 0.32890625 0.00546875 0.0515625
7 0.59296875 0.328125 0.00859375 0.0703125
5 0.78984375 0.3296875 0.00390625 0.05
5 0.58125 0.3296875 0.003125 0.03984375
5 0.58515625 0.3296875 0.00390625 0.03671875
10 0.63203125 0.33984375 0.00390625 0.053125
5 0.60859375 0.34140625 0.00546875 0.046875
5 0.63828125 0.34453125 0.00390625 0.0515625
10 0.6140625 0.3453125 0.0046875 0.053125
7 0.625 0.35078125 0.009375 0.075
5 0.04453125 0.35234375 0.00546875 0.0453125
5 0.05 0.353125 0.00546875 0.046875
10 0.95 0.37109375 0.0046875 0.05859375
10 0.684375 0.371875 0.00625 0.05
10 0.94296875 0.378125 0.00546875 0.06640625
7 0.27578125 0.3890625 0.01015625 0.06484375
5 0.265625 0.39140625 0.00703125 0.06328125
5 0.28515625 0.3953125 0.00625 0.06015625
10 0.93515625 0.4109375 0.0078125 0.078125
10 0.534375 0.42265625 0.0078125 0.078125
10 0.06484375 0.4296875 0.00703125 0.08984375
10 0.46328125 0.43515625 0.0078125 0.08984375
10 0.015625 0.4609375 0.00546875 0.0453125
10 0.025 0.4625 0.00546875 0.0546875
7 0.03359375 0.4640625 0.0109375 0.06484375
7 0.04765625 0.4640625 0.01171875 0.071875
7 0.246875 0.4828125 0.01015625 0.06796875
5 0.25546875 0.48515625 0.00546875 0.05
7 0.946875 0.49453125 0.01015625 0.06796875
5 0.93046875 0.5 0.00390625 0.04296875
10 0.9359375 0.503125 0.00390625 0.046875
7 0.015625 0.52265625 0.0109375 0.075
5 0.05078125 0.5234375 0.00390625 0.05
10 0.23125 0.5234375 0.00625 0.05703125
10 0.03515625 0.52578125 0.0046875 0.0484375
5 0.0453125 0.52578125 0.00546875 0.0484375
7 0.4875 0.53203125 0.0109375 0.0734375
7 0.5078125 0.53515625 0.0109375 0.0734375
10 0.7578125 0.5359375 0.0046875 0.0515625
7 0.73046875 0.53671875 0.009375 0.053125
10 0.72265625 0.5375 0.00546875 0.05859375
5 0.5265625 0.53828125 0.00703125 0.06640625
5 0.7625 0.53984375 0.00546875 0.05703125
7 0.74140625 0.540625 0.01015625 0.06484375
10 0.51796875 0.5421875 0.00546875 0.0515625
10 0.4796875 0.54453125 0.0046875 0.0515625
5 0.02421875 0.54609375 0.00546875 0.0453125
5 0.71015625 0.5484375 0.00625 0.05703125
7 0.2515625 0.54921875 0.00859375 0.06796875
7 0.240625 0.55234375 0.01015625 0.06796875
5 0.475 0.55390625 0.00546875 0.0515625
7 0.73125 0.61015625 0.00859375 0.0734375
7 0.71953125 0.61015625 0.01171875 0.0765625
10 0.25078125 0.62421875 0.00390625 0.0515625
5 0.2453125 0.62734375 0.0046875 0.0546875
10 0.64375 0.13984375 0.00625 0.03984375
10 0.60078125 0.14453125 0.003125 0.0484375
5 0.61640625 0.14765625 0.0046875 0.05859375
10 0.6046875 0.14765625 0.00390625 0.0484375
7 0.34453125 0.14921875 0.0109375 0.071875
5 0.65 0.15 0.00390625 0.046875
5 0.61015625 0.1515625 0.00546875 0.05703125
10 0.6546875 0.15078125 0.00390625 0.0484375
5 0.5640625 0.1515625 0.0078125 0.06015625
10 0.63828125 0.1515625 0.0046875 0.03984375
10 0.63125 0.15390625 0.00625 0.0453125
12 0.403125 0.16171875 0.0875 0.153125
5 0.27265625 0.1640625 0.00390625 0.04140625