5 0.91328125 0.2765625 0.00234375 0.07734375
5 0.046875 0.2890625 0.003125 0.0578125
5 0.08515625 0.2890625 0.00234375 0.07421875
5 0.0890625 0.28984375 0.00390625 0.07734375
10 0.26484375 0.28984375 0.00390625 0.07734375
5 0.09140625 0.29296875 0.003125 0.07734375
10 0.26796875 0.29296875 0.003125 0.0828125
5 0.9390625 0.29453125 0.003125 0.07421875
10 0.04375 0.2984375 0.00390625 0.06640625
5 0.9640625 0.296875 0.003125 0.06875
5 0.05 0.2984375 0.003125 0.0828125
10 0.42578125 0.3 0.00390625 0.06875
10 0.43984375 0.30234375 0.00234375 0.06328125
5 0.2234375 0.30625 0.00390625 0.07734375
10 0.4296875 0.3078125 0.00234375 0.06875
10 0.43671875 0.3078125 0.00390625 0.08046875
10 0.4328125 0.3109375 0.00390625 0.07421875
5 0.2265625 0.31328125 0.003125 0.07421875
10 0.21953125 0.31328125 0.0046875 0.06875
10 0.390625 0.32421875 0.003125 0.07421875
5 0.39453125 0.32421875 0.003125 0.07421875
5 0.39765625 0.32734375 0.00234375 0.08046875
5 0.740625 0.33828125 0.003125 0.0578125
5 0.56640625 0.33984375 0.003125 0.06640625
10 0.73359375 0.33828125 0.00234375 0.06875
5 0.7375 0.34140625 0.00234375 0.06328125
5 0.56328125 0.34140625 0.00234375 0.06875
10 0.0484375 0.34140625 0.00703125 0.04140625
10 0.559375 0.3421875 0.00234375 0.071875
10 0.90625 0.35390625 0.003125 0.071875
10 0.909375 0.35390625 0.003125 0.07734375
5 0.94765625 0.3546875 0.003125 0.07421875
10 0.5484375 0.3578125 0.003125 0.06875
5 0.94453125 0.36171875 0.00234375 0.0828125
5 0.08515625 0.37734375 0.003125 0.08046875
5 0.09140625 0.3796875 0.003125 0.096875
5 0.08828125 0.3828125 0.00390625 0.08046875
10 0.81953125 0.38984375 0.0046875 0.1046875
10 0.8140625 0.38984375 0.0046875 0.11015625
10 0.37734375 0.4015625 0.003125 0.08046875
10 0.3734375 0.403125 0.00390625 0.0828125
10 0.20859375 0.403125 0.003125 0.06640625
10 0.70078125 0.4046875 0.00625 0.0359375
10 0.38046875 0.4046875 0.00234375 0.08046875
10 0.39453125 0.40859375 0.00390625 0.0609375
10 0.20546875 0.40859375 0.003125 0.08828125
10 0.2015625 0.41015625 0.003125 0.07421875
10 0.5625 0.42421875 0.00234375 0.06875
5 0.5390625 0.4296875 0.00703125 0.04140625
5 0.7015625 0.43359375 0.00703125 0.0328125
10 0.73671875 0.43671875 0.00234375 0.07734375
5 0.5859375 0.45 0.00390625 0.071875
5 0.7484375 0.4515625 0.00703125 0.04140625
5 0.5828125 0.453125 0.00390625 0.06640625
10 0.76015625 0.4546875 0.00625 0.03046875
5 0.6953125 0.46015625 0.003125 0.07421875
5 0.6921875 0.4609375 0.003125 0.08828125
5 0.53984375 0.4625 0.00703125 0.0359375
10 0.825 0.46953125 0.00625 0.0390625
10 0.75390625 0.47265625 0.00234375 0.06640625
10 0.60703125 0.4765625 0.003125 0.08046875
5 0.7015625 0.475 0.00546875 0.0328125
10 0.6015625 0.478125 0.00390625 0.07734375
5 0.8296875 0.478125 0.003125 0.07734375
0 0.61484375 0.47890625 0.01171875 0.10234375
5 0.80625 0.48359375 0.00625 0.04453125
5 0.759375 0.4859375 0.00625 0.0390625
5 0.5765625 0.490625 0.00234375 0.06875
5 0.053125 0.490625 0.0078125 0.05234375
5 0.5671875 0.49140625 0.00390625 0.07734375
5 0.5734375 0.4984375 0.0046875 0.08046875
5 0.5703125 0.4984375 0.00234375 0.0859375
10 0.6234375 0.5 0.00234375 0.071875
5 0.5546875 0.50390625 0.0046875 0.0359375
10 0.8109375 0.50390625 0.00234375 0.06875
5 0.5390625 0.50703125 0.00703125 0.0359375
10 0.71640625 0.509375 0.00625 0.03046875
10 0.58828125 0.5234375 0.00625 0.03046875
5 0.7671875 0.5234375 0.00625 0.0359375
10 0.84921875 0.525 0.009375 0.05546875
5 0.76015625 0.5265625 0.00625 0.0359375
5 0.72890625 0.53203125 0.00234375 0.0578125
5 0.53984375 0.534375 0.00703125 0.0359375
5 0.5546875 0.5390625 0.0078125 0.0390625
10 0.784375 0.55 0.00625 0.0328125
5 0.82734375 0.55546875 0.0078125 0.0390625
5 0.53046875 0.5578125 0.00625 0.0328125
10 0.5875 0.5609375 0.00625 0.0328125
5 0.79453125 0.56875 0.003125 0.0828125
10 0.78984375 0.5703125 0.003125 0.06875
5 0.83515625 0.57734375 0.00703125 0.04453125
5 0.76875 0.5859375 0.003125 0.07734375
5 0.73046875 0.58828125 0.00625 0.0328125
5 0.53046875 0.5921875 0.00703125 0.025
5 0.5375 0.59140625 0.00625 0.0390625
5 0.7828125 0.59375 0.00703125 0.0390625
10 0.9 0.59375 0.003125 0.07734375
5 0.82734375 0.60390625 0.00703125 0.05234375
10 0.91796875 0.609375 0.00625 0.0359375
10 0.7640625 0.61171875 0.00390625 0.1078125
10 0.55234375 0.61484375 0.00234375 0.06328125
10 0.55546875 0.61640625 0.00234375 0.06640625
5 0.5375 0.62421875 0.00546875 0.0390625
5 0.53046875 0.62578125 0.00546875 0.04140625
5 0.73046875 0.6296875 0.00703125 0.0390625
0 0.81015625 0.63125 0.0125 0.140625
5 0.79609375 0.63359375 0.00703125 0.04140625
10 0.78828125 0.63359375 0.00625 0.03046875
5 0.83515625 0.6421875 0.00703125 0.03046875
5 0.91796875 0.64375 0.00625 0.04453125
5 0.771875 0.64921875 0.0078125 0.0328125
5 0.90859375 0.64921875 0.00703125 0.0328125
5 0.82109375 0.6546875 0.00625 0.05546875
5 0.53828125 0.65625 0.00625 0.0359375
5 0.53046875 0.65859375 0.00703125 0.04140625
5 0.96640625 0.66015625 0.0078125 0.04453125
5 0.84609375 0.66328125 0.003125 0.06640625
10 0.840625 0.6640625 0.003125 0.06875
5 0.8265625 0.665625 0.00390625 0.06640625
5 0.84375 0.66875 0.003125 0.071875
5 0.7484375 0.67109375 0.003125 0.0609375
0 0.5703125 0.67109375 0.02109375 0.24296875
10 0.8296875 0.67109375 0.00234375 0.08828125
5 0.9 0.67265625 0.00390625 0.06328125
5 0.90390625 0.67578125 0.003125 0.08046875
7 0.92734375 0.678125 0.0078125 0.08046875
5 0.83515625 0.6765625 0.00625 0.05
10 0.77109375 0.68671875 0.00703125 0.0359375
5 0.90859375 0.6921875 0.00625 0.0359375
5 0.5375 0.69375 0.00625 0.0390625
10 0.82109375 0.69609375 0.00625 0.0390625
5 0.73125 0.69921875 0.00703125 0.02734375
7 0.91796875 0.7109375 0.0078125 0.06875
5 0.77109375 0.71796875 0.00703125 0.0390625
10 0.803125 0.73515625 0.00703125 0.0328125
10 0.73046875 0.7375 0.00625 0.0328125
10 0.58671875 0.74453125 0.00625 0.03046875
5 0.93515625 0.75703125 0.003125 0.07734375
5 0.7046875 0.76953125 0.00625 0.0359375
10 0.7890625 0.7734375 0.00703125 0.0390625
10 0.5484375 0.78046875 0.00234375 0.06875
10 0.55625 0.78046875 0.00234375 0.06875
10 0.58671875 0.77890625 0.00546875 0.02734375
10 0.55234375 0.78203125 0.00234375 0.0609375
5 0.696875 0.7890625 0.003125 0.06875
5 0.69921875 0.7984375 0.003125 0.0828125
10 0.58671875 0.81875 0.00625 0.03046875
10 0.7890625 0.83671875 0.00703125 0.0390625
5 0.56640625 0.8453125 0.003125 0.071875
5 0.56328125 0.8484375 0.003125 0.07734375
10 0.8296875 0.8546875 0.0046875 0.1078125
5 0.54453125 0.871875 0.00703125 0.05234375
10 0.7890625 0.89609375 0.00703125 0.04140625
10 0.85234375 0.903125 0.0046875 0.09375
10 0.8453125 0.91015625 0.00390625 0.1078125
10 0.86015625 0.91328125 0.0046875 0.1078125
5 0.55703125 0.92265625 0.003125 0.071875
10 0.5640625 0.92265625 0.00234375 0.06640625
10 0.56015625 0.9265625 0.00234375 0.06875
5 0.2484375 0.2109375 0.003125 0.06875
5 0.04609375 0.2125 0.00390625 0.06640625
5 0.0484375 0.2171875 0.003125 0.07421875
10 0.07421875 0.2140625 0.003125 0.06328125
5 0.05234375 0.2171875 0.00390625 0.06875
5 0.03046875 0.21953125 0.00546875 0.04140625
5 0.2265625 0.2234375 0.00390625 0.05546875
5 0.2234375 0.228125 0.003125 0.06875
10 0.36640625 0.22890625 0.003125 0.08828125
10 0.21171875 0.22890625 0.003125 0.06640625
10 0.37109375 0.23359375 0.003125 0.07421875
5 0.21953125 0.23046875 0.00390625 0.06875
10 0.41953125 0.23203125 0.003125 0.05546875
10 0.38359375 0.240625 0.003125 0.071875
5 0.95390625 0.240625 0.00234375 0.0609375
10 0.09609375 0.24296875 0.0046875 0.06640625
5 0.39453125 0.246875 0.003125 0.06875
5 0.396875 0.25 0.003125 0.0859375
5 0.390625 0.253125 0.003125 0.08046875
10 0.2078125 0.25546875 0.00625 0.11875
5 0.7375 0.2625 0.003125 0.071875
10 0.725 0.259375 0.00234375 0.06640625
5 0.73984375 0.259375 0.003125 0.06640625
5 0.73359375 0.2609375 0.00234375 0.06328125
5 0.90546875 0.2625 0.003125 0.05
5 0.559375 0.26640625 0.003125 0.06875
10 0.5515625 0.26640625 0.00234375 0.07421875
5 0.565625 0.26640625 0.003125 0.07421875
10 0.54765625 0.26953125 0.00234375 0.06875
10 0.37890625 0.26953125 0.00546875 0.11875
5 0.5625 0.26953125 0.003125 0.07421875
5 0.91015625 0.27109375 0.00234375 0.07734375
10 0.89765625 0.271875 0.00234375 0.06875
10 0.89375 0.275 0.003125 0.06875