10 0.38359375 0.50859375 0.0171875 0.03125
10 0.2578125 0.51015625 0.025 0.03046875
10 0.03046875 0.5296875 0.0546875 0.0359375
10 0.67734375 0.05390625 0.02421875 0.0421875
5 0.25234375 0.5421875 0.053125 0.03046875
10 0.41796875 0.54296875 0.0296875 0.0328125
10 0.6015625 0.05546875 0.0203125 0.0421875
10 0.61875 0.05625 0.01875 0.04140625
10 0.634375 0.05703125 0.0171875 0.0421875
5 0.36484375 0.56875 0.05859375 0.02421875
10 0.83671875 0.5734375 0.04296875 0.034375
10 0.015625 0.57578125 0.025 0.03046875
10 0.7921875 0.57890625 0.03125 0.03203125
10 0.75703125 0.58203125 0.02734375 0.03046875
10 0.665625 0.05859375 0.021875 0.04375
10 0.6515625 0.05859375 0.015625 0.040625
5 0.03671875 0.5921875 0.021875 0.071875
5 0.73359375 0.60625 0.0296875 0.0359375
5 0.34609375 0.60859375 0.084375 0.03671875
10 0.553125 0.609375 0.01953125 0.01953125
10 0.40859375 0.628125 0.01875 0.028125
10 0.55390625 0.6328125 0.02109375 0.02578125
5 0.328125 0.6390625 0.04453125 0.01875
5 0.95390625 0.65703125 0.0703125 0.03125
10 0.55234375 0.6609375 0.01796875 0.03125
5 0.32734375 0.66328125 0.04375 0.02890625
10 0.89375 0.67421875 0.0140625 0.025
10 0.87109375 0.67734375 0.028125 0.04296875
5 0.95546875 0.68828125 0.0609375 0.03203125
5 0.3265625 0.6921875 0.040625 0.02890625
10 0.4765625 0.71328125 0.0203125 0.0234375
10 0.43515625 0.715625 0.03046875 0.034375
5 0.3296875 0.71875 0.04765625 0.025
10 0.971875 0.7203125 0.02734375 0.01953125
10 0.940625 0.72109375 0.0359375 0.0203125
10 0.9359375 0.07421875 0.03125 0.03359375
10 0.87578125 0.74765625 0.0546875 0.08046875
10 0.0953125 0.75390625 0.0359375 0.03203125
10 0.1046875 0.7828125 0.02578125 0.0203125
10 0.12890625 0.7875 0.02109375 0.015625
5 0.35390625 0.81171875 0.03984375 0.01953125
5 0.17578125 0.84375 0.03984375 0.02109375
10 0.575 0.08515625 0.0265625 0.03671875
5 0.5265625 0.8765625 0.02109375 0.05390625
5 0.265625 0.92578125 0.021875 0.0765625
10 0.2171875 0.940625 0.01796875 0.0234375
10 0.16171875 0.946875 0.0390625 0.028125
10 0.93515625 0.10703125 0.03359375 0.03671875
10 0.328125 0.1109375 0.03671875 0.084375
10 0.8015625 0.11171875 0.025 0.0453125
5 0.61796875 0.11875 0.05234375 0.025
10 0.8671875 0.13203125 0.0296875 0.028125
5 0.8390625 0.13671875 0.02421875 0.06484375
5 0.90703125 0.1390625 0.02421875 0.06484375
10 0.9359375 0.14609375 0.0375 0.02265625
10 0.39609375 0.14921875 0.05390625 0.05234375
10 0.478125 0.14921875 0.04375 0.0390625
5 0.53828125 0.15703125 0.0390625 0.0203125
5 0.59609375 0.159375 0.040625 0.0171875
10 0.97890625 0.1625 0.01484375 0.04296875
10 0.96640625 0.16328125 0.01796875 0.040625
10 0.93515625 0.16640625 0.0328125 0.02578125
5 0.32890625 0.175 0.01640625 0.01875
10 0.71953125 0.20390625 0.02421875 0.0296875
10 0.76640625 0.2140625 0.0546875 0.065625
10 0.98046875 0.25703125 0.025 0.028125
5 0.2234375 0.27890625 0.01796875 0.05546875
5 0.24296875 0.27890625 0.0203125 0.05625
10 0.31796875 0.284375 0.01953125 0.02890625
5 0.14609375 0.31640625 0.04140625 0.0234375
10 0.47421875 0.31875 0.0171875 0.028125
10 0.7359375 0.33046875 0.05546875 0.07421875
10 0.6796875 0.33046875 0.05859375 0.06171875
10 0.04765625 0.33984375 0.02734375 0.0171875
10 0.11171875 0.33984375 0.02421875 0.0203125
10 0.2109375 0.340625 0.02890625 0.03515625
10 0.0515625 0.3625 0.02890625 0.025
10 0.11328125 0.36328125 0.02890625 0.01953125
10 0.2125 0.37265625 0.03515625 0.0390625
10 0.44765625 0.37421875 0.03125 0.04296875
10 0.90625 0.3828125 0.04921875 0.0671875
10 0.75703125 0.3953125 0.0515625 0.07109375
10 0.8109375 0.39609375 0.053125 0.0625
10 0.95390625 0.39765625 0.03515625 0.04765625
10 0.68359375 0.3984375 0.0203125 0.0515625
10 0.1375 0.4 0.0890625 0.0390625
10 0.05 0.40390625 0.084375 0.04140625
10 0.97890625 0.40625 0.021875 0.02734375
10 0.20234375 0.40625 0.02578125 0.02578125
10 0.85078125 0.409375 0.03359375 0.0453125
5 0.70703125 0.41484375 0.025 0.071875
10 0.2953125 0.0421875 0.02109375 0.0421875
10 0.20546875 0.42265625 0.0359375 0.0203125
10 0.26640625 0.42578125 0.0171875 0.02265625
5 0.9375 0.4265625 0.0359375 0.0234375
10 0.97578125 0.42890625 0.028125 0.02109375
10 0.2875 0.434375 0.021875 0.0296875
10 0.68046875 0.44375 0.01328125 0.03671875
10 0.8921875 0.44453125 0.05 0.06484375
5 0.8125 0.4453125 0.0546875 0.03046875
10 0.31328125 0.04453125 0.02265625 0.04296875
10 0.82890625 0.471875 0.0234375 0.01484375