5 0.603125 0.775 0.05859375 0.07890625
10 0.11171875 0.77734375 0.0484375 0.06640625
10 0.96171875 0.7890625 0.071875 0.1046875
5 0.73359375 0.79609375 0.0328125 0.115625
10 0.440625 0.08125 0.0609375 0.08359375
12 0.0265625 0.81328125 0.0453125 0.20859375
10 0.5203125 0.85625 0.08046875 0.05078125
0 0.41640625 0.865625 0.0546875 0.07890625
10 0.10390625 0.8734375 0.06640625 0.1015625
0 0.2375 0.88359375 0.0453125 0.04453125
10 0.68046875 0.91328125 0.02734375 0.05234375
10 0.23984375 0.965625 0.0515625 0.06875
10 0.6390625 0.1015625 0.04609375 0.05703125
10 0.50859375 0.1140625 0.06875 0.1
10 0.971875 0.11796875 0.02890625 0.071875
10 0.940625 0.12578125 0.02890625 0.06796875
10 0.46640625 0.15859375 0.03828125 0.05546875
10 0.9203125 0.2015625 0.04453125 0.0609375
0 0.5125 0.21015625 0.01875 0.03984375
10 0.25 0.2203125 0.06015625 0.09609375
10 0.84609375 0.234375 0.053125 0.0828125
10 0.30390625 0.24921875 0.0546875 0.0921875
0 0.7015625 0.265625 0.05 0.059375
10 0.7890625 0.303125 0.0625 0.1
10 0.18984375 0.3140625 0.04296875 0.078125
10 0.73125 0.3328125 0.03984375 0.06953125
10 0.36953125 0.3359375 0.03203125 0.04296875
5 0.1109375 0.3671875 0.07265625 0.05859375
7 0.7125 0.38046875 0.01953125 0.0625
0 0.5859375 0.3828125 0.05078125 0.0328125
10 0.746875 0.38671875 0.03203125 0.05234375
7 0.3296875 0.4125 0.059375 0.034375
7 0.42734375 0.4140625 0.0484375 0.02890625
7 0.20703125 0.415625 0.0515625 0.0296875
0 0.584375 0.41796875 0.05234375 0.0359375
10 0.71328125 0.046875 0.0578125 0.0734375
10 0.0671875 0.50390625 0.05390625 0.06328125
10 0.1625 0.5125 0.05 0.06484375
10 0.69453125 0.5359375 0.1671875 0.19296875
10 0.84296875 0.55625 0.04375 0.0765625
10 0.26640625 0.5609375 0.07265625 0.0859375
10 0.184375 0.60546875 0.075 0.09765625
10 0.59609375 0.7 0.03359375 0.06796875
10 0.1515625 0.73984375 0.0484375 0.07578125
10 0.7875 0.75703125 0.07890625 0.1
10 0.87734375 0.75703125 0.0828125 0.1046875