5 0.021875 0.265625 0.00390625 0.0234375
10 0.9640625 0.265625 0.003125 0.0453125
5 0.95625 0.265625 0.00234375 0.0453125
5 0.953125 0.265625 0.003125 0.0453125
5 0.9609375 0.2671875 0.00234375 0.04765625
10 0.51640625 0.26875 0.0078125 0.0453125
5 0.9109375 0.2734375 0.0046875 0.01875
5 0.91953125 0.28046875 0.00390625 0.02109375
5 0.934375 0.28046875 0.0046875 0.02109375
5 0.0609375 0.2828125 0.00703125 0.03203125
5 0.92734375 0.2859375 0.00390625 0.02109375
5 0.04921875 0.284375 0.00546875 0.02890625
5 0.05546875 0.2859375 0.0046875 0.03203125
5 0.94296875 0.28984375 0.00390625 0.0234375
5 0.7875 0.29609375 0.00234375 0.03671875
5 0.78984375 0.2953125 0.00234375 0.03984375
5 0.025 0.3125 0.003125 0.053125
5 0.94296875 0.31484375 0.00546875 0.02109375
5 0.02578125 0.36875 0.00390625 0.0609375
10 0.01953125 0.38203125 0.00625 0.03984375
5 0.0328125 0.3875 0.00703125 0.03984375
10 0.834375 0.45234375 0.009375 0.0421875
5 0.06171875 0.46015625 0.00234375 0.053125
5 0.06953125 0.46015625 0.003125 0.0578125
5 0.065625 0.46171875 0.00234375 0.05546875
5 0.0734375 0.46328125 0.00234375 0.0578125
5 0.0515625 0.46328125 0.00234375 0.04765625
5 0.0546875 0.46171875 0.003125 0.0609375
5 0.05859375 0.4640625 0.003125 0.05546875
5 0.04375 0.4640625 0.003125 0.05546875
5 0.03984375 0.465625 0.003125 0.053125
5 0.04765625 0.4640625 0.00234375 0.05546875
5 0.07734375 0.471875 0.00234375 0.03984375
10 0.0171875 0.5078125 0.00546875 0.0265625
10 0.5765625 0.5078125 0.003125 0.04765625
10 0.06953125 0.5171875 0.003125 0.05546875
10 0.065625 0.5171875 0.003125 0.05546875
10 0.0734375 0.51875 0.003125 0.053125
10 0.0625 0.51953125 0.003125 0.05
10 0.9796875 0.51875 0.00625 0.0265625
10 0.04375 0.51953125 0.003125 0.05546875
10 0.0515625 0.51953125 0.00234375 0.05
10 0.05546875 0.52109375 0.003125 0.04765625
10 0.04765625 0.52265625 0.003125 0.05
10 0.07734375 0.52265625 0.003125 0.05546875
10 0.05859375 0.52109375 0.003125 0.04765625
10 0.55 0.5265625 0.0109375 0.04765625
10 0.73515625 0.53984375 0.01015625 0.03671875
5 0.0171875 0.54609375 0.00625 0.034375
5 0.98046875 0.5515625 0.00625 0.02890625
10 0.9078125 0.55546875 0.00625 0.10546875
10 0.9015625 0.55703125 0.0046875 0.09296875
10 0.91328125 0.55703125 0.0046875 0.10859375
5 0.54375 0.56484375 0.00625 0.034375
10 0.7578125 0.5671875 0.009375 0.0453125
10 0.80390625 0.5765625 0.003125 0.0578125
10 0.79375 0.578125 0.00390625 0.05546875
10 0.89453125 0.6015625 0.00625 0.02890625
10 0.54375 0.603125 0.00625 0.03203125
10 0.75 0.60703125 0.003125 0.05546875
10 0.559375 0.6125 0.00390625 0.01875
10 0.7578125 0.6140625 0.0109375 0.0421875
10 0.559375 0.6484375 0.0046875 0.0265625
10 0.79140625 0.6484375 0.00234375 0.03671875
10 0.81640625 0.66171875 0.00390625 0.0265625
10 0.678125 0.6703125 0.00546875 0.02890625
10 0.7578125 0.68125 0.01015625 0.03984375
10 0.55546875 0.6890625 0.00546875 0.02890625
10 0.81640625 0.690625 0.00390625 0.0265625
10 0.82109375 0.6921875 0.00625 0.0234375
10 0.734375 0.70078125 0.01015625 0.0421875
10 0.7453125 0.72734375 0.00546875 0.03203125
10 0.590625 0.7265625 0.00390625 0.0234375
10 0.7578125 0.73046875 0.01015625 0.04765625
10 0.7375 0.7765625 0.0046875 0.08203125
10 0.73125 0.778125 0.00546875 0.084375
10 0.80546875 0.784375 0.00390625 0.01875
10 0.6703125 0.8109375 0.0046875 0.05
10 0.80546875 0.8109375 0.00390625 0.0234375
10 0.571875 0.81484375 0.00234375 0.03671875
10 0.56953125 0.8171875 0.00234375 0.03671875
10 0.7421875 0.8359375 0.00390625 0.0578125
10 0.75546875 0.8453125 0.00625 0.02890625
10 0.81796875 0.8703125 0.00546875 0.08984375
10 0.75546875 0.88125 0.00625 0.0265625
10 0.81328125 0.88203125 0.003125 0.07109375
10 0.74140625 0.8875 0.00625 0.02890625
10 0.89296875 0.8984375 0.003125 0.04765625
10 0.83984375 0.89921875 0.0046875 0.084375
10 0.8453125 0.90078125 0.0046875 0.09296875
10 0.85 0.91953125 0.00390625 0.06640625
5 0.02890625 0.1921875 0.00390625 0.0234375
5 0.01953125 0.1921875 0.00234375 0.034375
10 0.078125 0.19453125 0.00234375 0.034375
5 0.021875 0.19609375 0.00234375 0.03671875
10 0.2796875 0.20234375 0.0015625 0.03984375
10 0.15546875 0.20234375 0.00234375 0.0453125
10 0.14609375 0.20234375 0.00390625 0.01875
10 0.565625 0.20234375 0.003125 0.05
10 0.2828125 0.2046875 0.00234375 0.034375
10 0.1578125 0.20390625 0.00234375 0.03671875
10 0.4046875 0.20625 0.00234375 0.0421875
10 0.40703125 0.20625 0.00234375 0.03671875
10 0.8921875 0.2078125 0.0046875 0.0234375
10 0.7015625 0.2078125 0.00234375 0.03984375
10 0.9 0.209375 0.003125 0.03671875
10 0.39453125 0.209375 0.0046875 0.0265625
10 0.77734375 0.209375 0.00234375 0.03203125
10 0.7796875 0.21171875 0.00234375 0.0421875
10 0.90234375 0.21328125 0.00234375 0.034375
10 0.0671875 0.21171875 0.00234375 0.03671875
10 0.2765625 0.2140625 0.003125 0.084375
5 0.009375 0.2140625 0.00625 0.03203125
10 0.01484375 0.23046875 0.00625 0.03671875
5 0.2921875 0.23125 0.00390625 0.01875
5 0.00546875 0.2390625 0.00546875 0.01875
10 0.146875 0.240625 0.00703125 0.0421875
10 0.89375 0.24453125 0.00625 0.034375
10 0.39609375 0.24765625 0.0078125 0.0453125
5 0.9109375 0.2484375 0.00390625 0.02109375
5 0.0640625 0.2515625 0.0046875 0.0421875
10 0.16875 0.2515625 0.00234375 0.03671875
5 0.05234375 0.25234375 0.0046875 0.034375
5 0.0578125 0.25390625 0.00546875 0.03671875
5 0.046875 0.25390625 0.00625 0.03671875
5 0.790625 0.25546875 0.0015625 0.03984375
5 0.78828125 0.25625 0.00234375 0.03671875
5 0.93125 0.2578125 0.003125 0.0234375
5 0.2921875 0.2578125 0.00390625 0.01875
5 0.9234375 0.2578125 0.00390625 0.0234375
5 0.9375 0.2578125 0.00390625 0.01875
5 0.91640625 0.259375 0.003125 0.02109375
10 0.015625 0.26171875 0.00703125 0.03671875