5 0.68671875 0.12578125 0.00625 0.02265625
5 0.69375 0.128125 0.00625 0.01796875
5 0.7171875 0.13359375 0.0078125 0.0203125
5 0.7296875 0.1375 0.00859375 0.02265625
5 0.65390625 0.1375 0.01171875 0.025
5 0.8484375 0.14296875 0.009375 0.02109375
10 0.88046875 0.1625 0.0390625 0.065625
5 0.753125 0.16484375 0.009375 0.01015625
5 0.75703125 0.178125 0.01015625 0.0140625
5 0.096875 0.18203125 0.00625 0.02109375
5 0.090625 0.1828125 0.00859375 0.025
5 0.21328125 0.1875 0.01015625 0.02734375
5 0.225 0.18984375 0.00859375 0.025
10 0.72890625 0.19921875 0.0453125 0.078125
10 0.57109375 0.20234375 0.015625 0.03671875
10 0.7015625 0.21328125 0.0140625 0.01875
10 0.87734375 0.2546875 0.03515625 0.0703125
10 0.78984375 0.26171875 0.04296875 0.078125
10 0.83203125 0.2625 0.04296875 0.0796875
12 0.04921875 0.2640625 0.0296875 0.21015625
5 0.378125 0.27109375 0.0109375 0.02421875
10 0.3875 0.2734375 0.009375 0.02265625
10 0.09921875 0.28359375 0.01171875 0.01796875
10 0.1 0.3265625 0.03984375 0.0734375
10 0.12890625 0.33125 0.00859375 0.02265625
5 0.16875 0.35078125 0.00703125 0.02109375
5 0.17421875 0.3515625 0.00625 0.02265625
5 0.16484375 0.36953125 0.015625 0.0140625
5 0.225 0.38125 0.01015625 0.02890625
5 0.16484375 0.38359375 0.01328125 0.01171875
12 0.11015625 0.5328125 0.03828125 0.18125
5 0.45703125 0.07890625 0.01015625 0.02109375
5 0.4671875 0.0796875 0.0109375 0.01484375
5 0.515625 0.0796875 0.0125 0.0140625
5 0.49140625 0.0796875 0.009375 0.01640625
5 0.48359375 0.08203125 0.01015625 0.01015625
5 0.5171875 0.0921875 0.01328125 0.0140625
5 0.403125 0.92578125 0.0078125 0.02265625
5 0.4109375 0.92734375 0.00859375 0.01875
5 0.42109375 0.93046875 0.01015625 0.01484375
5 0.78828125 0.11796875 0.01015625 0.034375
5 0.83203125 0.1171875 0.009375 0.02734375
10 0.56796875 0.1203125 0.01953125 0.0265625
0 0.76015625 0.125 0.03671875 0.078125
7 0.7015625 0.12578125 0.0109375 0.0125