5 0.1671875 0.0671875 0.04375 0.03203125
5 0.22109375 0.06953125 0.021875 0.02265625
10 0.8390625 0.071875 0.01015625 0.01796875
10 0.82890625 0.071875 0.01171875 0.01953125
10 0.465625 0.71953125 0.01171875 0.00859375
10 0.67734375 0.721875 0.03515625 0.04140625
10 0.490625 0.73671875 0.009375 0.0140625
10 0.46015625 0.73828125 0.0078125 0.0140625
10 0.7609375 0.075 0.01796875 0.01484375
10 0.9625 0.75390625 0.0296875 0.0375
10 0.66875 0.76171875 0.0296875 0.0328125
5 0.45546875 0.775 0.02265625 0.0234375
10 0.43046875 0.77890625 0.0078125 0.01640625
10 0.478125 0.7859375 0.0078125 0.0140625
10 0.42421875 0.7859375 0.00703125 0.0140625
10 0.5328125 0.79453125 0.0109375 0.01171875
0 0.3984375 0.8234375 0.053125 0.06484375
10 0.2296875 0.84140625 0.02734375 0.034375
10 0.26640625 0.84296875 0.0265625 0.0375
0 0.53046875 0.88359375 0.1203125 0.1546875
10 0.44453125 0.11015625 0.015625 0.0109375
0 0.73046875 0.11171875 0.0234375 0.02421875
10 0.44453125 0.121875 0.01640625 0.0140625
0 0.84296875 0.12890625 0.0359375 0.07578125
0 0.4578125 0.14453125 0.03125 0.02578125
10 0.45234375 0.16484375 0.01015625 0.0109375
10 0.45234375 0.1734375 0.01015625 0.01171875
10 0.453125 0.18359375 0.0109375 0.0078125
10 0.8421875 0.18515625 0.01796875 0.01171875
10 0.453125 0.19140625 0.01015625 0.01015625
10 0.8421875 0.19609375 0.01796875 0.0140625
0 0.59375 0.1984375 0.128125 0.15546875
10 0.72578125 0.2015625 0.009375 0.01328125
10 0.71484375 0.2015625 0.01015625 0.015625
10 0.73515625 0.2015625 0.0078125 0.0140625
10 0.77734375 0.21953125 0.01015625 0.0203125
10 0.78671875 0.21875 0.009375 0.01875
0 0.9453125 0.23046875 0.04765625 0.1734375
10 0.896875 0.25703125 0.01171875 0.01875
10 0.83671875 0.2671875 0.00703125 0.0140625
10 0.8296875 0.2671875 0.0078125 0.0171875
0 0.4859375 0.27421875 0.02265625 0.04375
0 0.86875 0.27578125 0.02265625 0.0359375
10 0.16875 0.3125 0.025 0.03515625
10 0.20078125 0.31484375 0.02578125 0.03515625
5 0.8671875 0.31875 0.00703125 0.01640625
0 0.828125 0.3359375 0.0140625 0.0203125
10 0.8625 0.3484375 0.00859375 0.015625
10 0.85546875 0.35 0.00859375 0.015625
10 0.81796875 0.36015625 0.01640625 0.0140625
0 0.5359375 0.3828125 0.05625 0.04609375
10 0.75625 0.38359375 0.00859375 0.0203125
10 0.74609375 0.38359375 0.0109375 0.021875
10 0.70390625 0.3859375 0.0078125 0.015625
10 0.71171875 0.38671875 0.00703125 0.015625
10 0.6875 0.38671875 0.00859375 0.01796875
10 0.6953125 0.38671875 0.00859375 0.01640625
0 0.728125 0.396875 0.02265625 0.040625
10 0.82265625 0.40390625 0.0109375 0.01796875
0 0.86953125 0.403125 0.01640625 0.00859375
5 0.86953125 0.40390625 0.0171875 0.009375
10 0.83359375 0.40390625 0.0109375 0.0171875
0 0.8015625 0.41796875 0.025 0.0390625
10 0.84921875 0.43671875 0.009375 0.015625
10 0.85703125 0.43671875 0.00859375 0.015625
10 0.84296875 0.43671875 0.00859375 0.015625
0 0.91484375 0.44375 0.02734375 0.10703125
0 0.33203125 0.4578125 0.04296875 0.04765625
10 0.7625 0.47421875 0.01015625 0.01953125
10 0.75390625 0.475 0.00859375 0.021875
10 0.7125 0.48984375 0.00859375 0.0140625
10 0.70390625 0.490625 0.01015625 0.01484375
0 0.84453125 0.50625 0.03203125 0.02421875
10 0.7125 0.50625 0.00703125 0.0125
10 0.69453125 0.5078125 0.00703125 0.0140625
10 0.703125 0.509375 0.01015625 0.01171875
10 0.7546875 0.52109375 0.00859375 0.01953125
10 0.2734375 0.52265625 0.0265625 0.03515625
10 0.76328125 0.521875 0.01015625 0.01953125
0 0.84375 0.534375 0.0328125 0.028125
0 0.61796875 0.540625 0.0453125 0.07421875
0 0.48984375 0.559375 0.13125 0.1578125