12 0.0265625 0.23828125 0.03828125 0.396875
7 0.61015625 0.24609375 0.1109375 0.36640625
10 0.07734375 0.25 0.03828125 0.078125
7 0.475 0.25546875 0.03046875 0.109375
10 0.08125 0.3421875 0.0453125 0.0765625
10 0.47734375 0.36640625 0.02265625 0.09765625
10 0.12890625 0.38984375 0.05625 0.11796875
5 0.45625 0.42578125 0.03671875 0.159375
10 0.3203125 0.4515625 0.05859375 0.05234375
5 0.68671875 0.4859375 0.078125 0.0453125
10 0.07890625 0.49921875 0.04140625 0.075
10 0.1296875 0.5109375 0.06015625 0.11796875
12 0.02421875 0.59140625 0.0375 0.146875
7 0.5546875 0.596875 0.0625 0.06171875
7 0.4734375 0.60546875 0.0671875 0.06171875
12 0.653125 0.61953125 0.04609375 0.02734375
10 0.13046875 0.62890625 0.0609375 0.103125
12 0.87578125 0.0640625 0.0734375 0.09296875
5 0.55703125 0.67734375 0.1078125 0.04765625
10 0.075 0.7421875 0.03828125 0.08125
10 0.128125 0.74296875 0.05625 0.11015625
10 0.44296875 0.7421875 0.04921875 0.2046875
12 0.6703125 0.790625 0.05 0.19609375
12 0.02734375 0.80390625 0.03828125 0.25625
10 0.43359375 0.86796875 0.04609375 0.03046875
10 0.38671875 0.94296875 0.0421875 0.1140625
10 0.4890625 0.1140625 0.0328125 0.07265625
10 0.39453125 0.125 0.04296875 0.084375