10 0.52265625 0.57890625 0.00859375 0.01796875
10 0.56640625 0.58125 0.00625 0.01640625
10 0.57421875 0.5828125 0.00859375 0.0140625
10 0.478125 0.58515625 0.01640625 0.0109375
10 0.4359375 0.6421875 0.04140625 0.0609375
10 0.93828125 0.66953125 0.0359375 0.0390625
7 0.4375 0.66953125 0.01640625 0.01953125
10 0.91328125 0.67734375 0.03046875 0.03515625
10 0.41796875 0.6859375 0.0140625 0.01015625
10 0.490625 0.6875 0.02421875 0.02890625
5 0.19296875 0.69140625 0.0078125 0.01875
5 0.2859375 0.69140625 0.00546875 0.01484375
5 0.2015625 0.6921875 0.00625 0.01875
5 0.26171875 0.6953125 0.0125 0.009375
5 0.21171875 0.70859375 0.00546875 0.015625
5 0.2046875 0.709375 0.00703125 0.01484375
5 0.26328125 0.71015625 0.0078125 0.01484375
5 0.2703125 0.71015625 0.00546875 0.01640625
10 0.91171875 0.7171875 0.0125 0.0109375
7 0.928125 0.7203125 0.01484375 0.01875
5 0.471875 0.72265625 0.00546875 0.0140625
5 0.46484375 0.7234375 0.00703125 0.01640625
5 0.44921875 0.72578125 0.00625 0.01640625
5 0.45703125 0.728125 0.0078125 0.01953125
10 0.3953125 0.73671875 0.04453125 0.0484375
10 0.52265625 0.74609375 0.00703125 0.01328125
10 0.46484375 0.74609375 0.00546875 0.01640625
10 0.45703125 0.746875 0.00703125 0.0171875
10 0.50859375 0.746875 0.00625 0.01640625
10 0.515625 0.746875 0.00546875 0.0140625
10 0.44921875 0.746875 0.00859375 0.01875
10 0.471875 0.746875 0.0078125 0.01875
10 0.5 0.74765625 0.00703125 0.0171875
0 0.9484375 0.75 0.01796875 0.01875
7 0.92734375 0.75 0.02109375 0.028125
5 0.9671875 0.7546875 0.0109375 0.00859375
5 0.95625 0.765625 0.0125 0.009375
10 0.40859375 0.775 0.0203125 0.02109375
10 0.3765625 0.7859375 0.02109375 0.0265625
10 0.403125 0.80234375 0.02421875 0.0328125
10 0.37109375 0.8140625 0.02109375 0.03046875
0 0.48203125 0.81875 0.053125 0.06484375
10 0.340625 0.84765625 0.02265625 0.03125
10 0.4 0.85 0.0109375 0.02109375
0 0.4015625 0.8578125 0.025 0.04765625
0 0.36640625 0.8625 0.0234375 0.03984375
10 0.340625 0.88125 0.025 0.025
10 0.49375 0.8875 0.00703125 0.0171875
10 0.52890625 0.8875 0.009375 0.01796875
10 0.51953125 0.8875 0.00859375 0.02109375
10 0.46328125 0.8875 0.0078125 0.0234375
10 0.51171875 0.88828125 0.01171875 0.01875
10 0.4859375 0.88828125 0.009375 0.0140625
10 0.5375 0.88828125 0.009375 0.02265625
10 0.50234375 0.8890625 0.01015625 0.0171875
10 0.4765625 0.8890625 0.00859375 0.0234375
10 0.44453125 0.8890625 0.00859375 0.02109375
10 0.4359375 0.88984375 0.00625 0.01953125
10 0.45390625 0.88984375 0.00859375 0.01953125
5 0.3859375 0.9125 0.0078125 0.01484375
5 0.37265625 0.9140625 0.00703125 0.0125
10 0.53125 0.92421875 0.025 0.05625
10 0.4953125 0.9453125 0.04453125 0.06015625
12 0.44453125 0.9578125 0.05390625 0.0328125
10 0.16171875 0.09609375 0.0265625 0.0390625
10 0.10625 0.09921875 0.0203125 0.0375
10 0.08359375 0.109375 0.0296875 0.05
5 0.59609375 0.25390625 0.01328125 0.00859375
7 0.621875 0.26015625 0.015625 0.0171875
10 0.66484375 0.27578125 0.03359375 0.059375
10 0.70859375 0.28203125 0.034375 0.06171875
10 0.31484375 0.28359375 0.04453125 0.03515625
7 0.621875 0.2859375 0.02265625 0.0078125
5 0.58125 0.28671875 0.00546875 0.0125
5 0.59140625 0.29296875 0.00859375 0.01484375
5 0.59921875 0.29375 0.00703125 0.01796875
7 0.428125 0.30078125 0.0140625 0.02421875
10 0.91484375 0.309375 0.04609375 0.04375
7 0.62109375 0.3140625 0.015625 0.02109375
0 0.840625 0.31953125 0.03515625 0.0296875
10 0.55078125 0.321875 0.046875 0.03984375
7 0.4265625 0.32265625 0.0171875 0.01875
7 0.45859375 0.32265625 0.01484375 0.02109375
10 0.4984375 0.325 0.05078125 0.03671875
10 0.86953125 0.32734375 0.00859375 0.01640625
7 0.6046875 0.334375 0.015625 0.02265625
7 0.6203125 0.334375 0.0140625 0.01875
10 0.94453125 0.3375 0.040625 0.0484375
10 0.8484375 0.340625 0.01171875 0.009375
10 0.834375 0.340625 0.01640625 0.01171875
10 0.5125 0.3546875 0.0078125 0.01796875
10 0.45859375 0.35703125 0.0078125 0.01640625
10 0.465625 0.35703125 0.00625 0.01640625
10 0.5578125 0.35859375 0.0125 0.01015625
7 0.62421875 0.3609375 0.01484375 0.02109375
7 0.6453125 0.36953125 0.01640625 0.01953125
7 0.4859375 0.396875 0.0171875 0.0234375
7 0.56484375 0.39765625 0.01171875 0.01875
7 0.4703125 0.3984375 0.0171875 0.01796875
7 0.50078125 0.3984375 0.01484375 0.0203125
10 0.43828125 0.42734375 0.034375 0.04375
7 0.928125 0.453125 0.01796875 0.021875
10 0.56953125 0.46328125 0.03046875 0.06171875
7 0.928125 0.47421875 0.01484375 0.02265625
10 0.59609375 0.47578125 0.0140625 0.0125
10 0.59609375 0.4859375 0.015625 0.01015625
10 0.59609375 0.49609375 0.01171875 0.01015625
12 0.065625 0.49921875 0.034375 0.096875
10 0.43359375 0.50078125 0.03125 0.065625
0 0.53828125 0.51171875 0.0703125 0.0921875
7 0.92734375 0.52109375 0.021875 0.02578125
10 0.48515625 0.52734375 0.0125 0.0109375
10 0.60625 0.53359375 0.00703125 0.02265625
10 0.5890625 0.534375 0.01171875 0.0171875
10 0.59921875 0.534375 0.00859375 0.01953125
10 0.484375 0.53984375 0.0125 0.0078125
7 0.43828125 0.55078125 0.01484375 0.02109375
5 0.225 0.56015625 0.0046875 0.0140625
10 0.48515625 0.56015625 0.0140625 0.0078125
5 0.21875 0.56015625 0.00703125 0.0140625
10 0.49765625 0.5765625 0.0078125 0.01640625
10 0.50625 0.578125 0.00625 0.01640625