12 0.59140625 0.10546875 0.115625 0.13828125
12 0.05078125 0.10703125 0.0984375 0.1
10 0.08984375 0.18828125 0.01484375 0.0234375
5 0.0734375 0.19765625 0.0078125 0.01484375
5 0.921875 0.2140625 0.00546875 0.03828125
5 0.91640625 0.215625 0.003125 0.03984375
5 0.91171875 0.21640625 0.00625 0.03671875
7 0.09453125 0.2203125 0.0125 0.03671875
5 0.11875 0.22109375 0.0125 0.034375
5 0.084375 0.22421875 0.009375 0.02890625
5 0.48125 0.22578125 0.0140625 0.02890625
0 0.0671875 0.2265625 0.01328125 0.04609375
5 0.36875 0.2375 0.01171875 0.03125
10 0.51015625 0.25234375 0.0125 0.0546875
10 0.31796875 0.265625 0.0109375 0.0671875
10 0.91484375 0.27109375 0.003125 0.025
10 0.1453125 0.27109375 0.00859375 0.0203125
10 0.91875 0.27421875 0.0046875 0.02265625
10 0.92265625 0.27421875 0.003125 0.0203125
7 0.403125 0.2828125 0.0296875 0.1375
7 0.346875 0.29375 0.03203125 0.15859375
7 0.45546875 0.29609375 0.03828125 0.15
10 0.228125 0.3015625 0.00625 0.03046875
5 0.91953125 0.30390625 0.0140625 0.0359375
5 0.95234375 0.3234375 0.003125 0.01875
7 0.28515625 0.32265625 0.01171875 0.03671875
7 0.2703125 0.3234375 0.009375 0.02890625
5 0.9578125 0.353125 0.0046875 0.0234375
7 0.80390625 0.36484375 0.02890625 0.11484375
5 0.9375 0.36875 0.00703125 0.0109375
10 0.95078125 0.37265625 0.01015625 0.0234375
5 0.93828125 0.38125 0.00703125 0.0125
10 0.28515625 0.3828125 0.0234375 0.0671875
5 0.26953125 0.3921875 0.00625 0.015625
10 0.93046875 0.3953125 0.0109375 0.028125
10 0.840625 0.40234375 0.01015625 0.0578125
5 0.95390625 0.403125 0.009375 0.01953125
5 0.9421875 0.4109375 0.00390625 0.01953125
5 0.95625 0.42265625 0.01015625 0.015625
5 0.26328125 0.4296875 0.00546875 0.03125
5 0.284375 0.43125 0.00390625 0.028125
5 0.2765625 0.43359375 0.00390625 0.02890625
5 0.95859375 0.46015625 0.0109375 0.03984375
5 0.7921875 0.46796875 0.0109375 0.0578125
7 0.26875 0.475 0.00859375 0.04375
7 0.28515625 0.47578125 0.009375 0.04296875
10 0.27734375 0.48359375 0.00546875 0.03984375
10 0.2609375 0.4875 0.00703125 0.03671875
7 0.73515625 0.49140625 0.02734375 0.08984375
5 0.928125 0.496875 0.0046875 0.0125
5 0.2796875 0.52109375 0.003125 0.025
5 0.9515625 0.52109375 0.01015625 0.03515625
5 0.27421875 0.52109375 0.003125 0.0234375
10 0.70546875 0.5234375 0.01171875 0.06796875
10 0.6296875 0.525 0.009375 0.0703125
10 0.03046875 0.54765625 0.01875 0.03984375
0 0.921875 0.54921875 0.0125 0.04609375
10 0.44765625 0.5640625 0.04140625 0.16171875
10 0.40078125 0.571875 0.04921875 0.15
7 0.3109375 0.57265625 0.0484375 0.1609375
10 0.35390625 0.57734375 0.03515625 0.17578125
10 0.91640625 0.58125 0.00703125 0.00859375
0 0.9015625 0.5890625 0.015625 0.03125
5 0.7296875 0.596875 0.00625 0.040625
10 0.915625 0.596875 0.00625 0.01875
5 0.7375 0.6109375 0.009375 0.01328125
5 0.76796875 0.6125 0.01015625 0.028125
5 0.7890625 0.61796875 0.0046875 0.02109375
5 0.94296875 0.62109375 0.003125 0.02265625
10 0.93984375 0.621875 0.003125 0.0234375
10 0.65703125 0.62734375 0.01328125 0.065625
0 0.7796875 0.634375 0.0125 0.0359375
5 0.80078125 0.63671875 0.00625 0.01484375
7 0.7421875 0.63828125 0.0109375 0.04453125
10 0.759375 0.6421875 0.0109375 0.04765625
0 0.90703125 0.64609375 0.01328125 0.05390625
5 0.27890625 0.6609375 0.0125 0.02265625
5 0.5484375 0.6640625 0.00859375 0.01640625
5 0.53515625 0.665625 0.0078125 0.015625
5 0.5671875 0.675 0.00859375 0.01875
10 0.53515625 0.684375 0.01015625 0.0171875
5 0.54921875 0.684375 0.00703125 0.01484375
10 0.42421875 0.68828125 0.040625 0.103125
10 0.42578125 0.69453125 0.04609375 0.10625
5 0.2265625 0.7 0.01015625 0.02265625
5 0.5515625 0.70390625 0.0046875 0.01953125
5 0.55546875 0.70625 0.0078125 0.015625
5 0.21015625 0.709375 0.0140625 0.02421875
5 0.60546875 0.7109375 0.0125 0.02265625
5 0.46015625 0.71328125 0.015625 0.12109375
5 0.565625 0.71328125 0.01015625 0.0265625
5 0.53671875 0.725 0.00625 0.01640625
5 0.61796875 0.7328125 0.00546875 0.028125
0 0.51015625 0.74140625 0.0296875 0.06328125
10 0.553125 0.7515625 0.0046875 0.0390625
5 0.2796875 0.753125 0.00703125 0.03828125
5 0.05859375 0.759375 0.00625 0.0234375
10 0.6296875 0.7671875 0.00859375 0.040625
5 0.6171875 0.78046875 0.00546875 0.03125
7 0.59765625 0.784375 0.034375 0.10703125
10 0.525 0.78828125 0.00625 0.01328125
10 0.50703125 0.7890625 0.00546875 0.01484375
5 0.49296875 0.79140625 0.009375 0.0171875
10 0.39609375 0.790625 0.028125 0.090625
7 0.68984375 0.79453125 0.03203125 0.1265625
5 0.25703125 0.79921875 0.0046875 0.03515625
5 0.6375 0.79921875 0.00703125 0.015625
5 0.26171875 0.8046875 0.00390625 0.028125
5 0.52578125 0.8078125 0.0109375 0.02109375
5 0.27890625 0.80859375 0.00859375 0.040625
10 0.515625 0.81171875 0.0046875 0.03203125
5 0.62421875 0.81953125 0.0046875 0.03046875
5 0.63125 0.83125 0.00546875 0.034375
10 0.4234375 0.83203125 0.0390625 0.14609375
5 0.6359375 0.83671875 0.00390625 0.034375
10 0.63984375 0.83984375 0.003125 0.02421875
5 0.6703125 0.85 0.01015625 0.01875
10 0.0625 0.86328125 0.0453125 0.1890625
10 0.11484375 0.86953125 0.0359375 0.21171875
5 0.465625 0.87421875 0.0171875 0.11484375
5 0.47890625 0.875 0.015625 0.10546875
5 0.640625 0.9125 0.00390625 0.0265625
12 0.94296875 0.09296875 0.11328125 0.14296875
5 0.61953125 0.93203125 0.00546875 0.040625
10 0.62734375 0.9453125 0.0109375 0.02421875