10 0.41171875 0.85078125 0.053125 0.0578125
10 0.903125 0.94921875 0.06953125 0.053125
10 0.95703125 0.134375 0.021875 0.0828125
10 0.98125 0.14375 0.02421875 0.084375
7 0.5046875 0.2578125 0.06796875 0.0890625
12 0.040625 0.309375 0.02890625 0.259375
10 0.23828125 0.34453125 0.025 0.07890625
10 0.34609375 0.3703125 0.05390625 0.05078125
10 0.43359375 0.371875 0.0359375 0.08828125
7 0.23515625 0.04765625 0.0328125 0.053125
12 0.03984375 0.6671875 0.03359375 0.1109375
10 0.67109375 0.6796875 0.02265625 0.08984375
12 0.0453125 0.80625 0.03125 0.13125