5 0.52890625 0.2015625 0.0109375 0.05
5 0.18828125 0.23359375 0.01171875 0.06640625
10 0.1953125 0.23984375 0.009375 0.0859375
10 0.72421875 0.23984375 0.0109375 0.05
10 0.39765625 0.2421875 0.01640625 0.04375
10 0.528125 0.24140625 0.01171875 0.0578125
10 0.81796875 0.24375 0.01015625 0.05
10 0.625 0.24453125 0.00859375 0.0484375
10 0.303125 0.2453125 0.0109375 0.05
10 0.92265625 0.30078125 0.01171875 0.09609375
10 0.2765625 0.3375 0.01171875 0.0984375
10 0.51640625 0.375 0.0109375 0.12421875
10 0.7203125 0.38359375 0.01171875 0.1140625
0 0.56171875 0.40703125 0.05546875 0.340625
0 0.76875 0.4046875 0.05078125 0.36484375
0 0.85625 0.40546875 0.04453125 0.2703125
0 0.040625 0.41484375 0.03203125 0.240625
0 0.33671875 0.41953125 0.053125 0.3390625
0 0.228125 0.42265625 0.04609375 0.33671875
0 0.146875 0.42265625 0.0453125 0.30078125
5 0.91796875 0.42890625 0.02109375 0.084375
0 0.96796875 0.4328125 0.05625 0.3890625
0 0.6609375 0.43515625 0.04921875 0.3609375
0 0.440625 0.4390625 0.06875 0.38515625
5 0.27578125 0.46015625 0.0109375 0.15859375
5 0.078125 0.46328125 0.009375 0.15625
10 0.09765625 0.465625 0.0109375 0.1140625
10 0.265625 0.078125 0.0125 0.05625
5 0.25625 0.08125 0.01015625 0.05
10 0.03984375 0.08515625 0.00390625 0.0578125
10 0.56484375 0.0984375 0.0078125 0.1
10 0.76640625 0.0984375 0.009375 0.08828125
5 0.240625 0.10234375 0.01015625 0.06015625
10 0.659375 0.1015625 0.00859375 0.08203125
10 0.9625 0.103125 0.00703125 0.08984375
10 0.8515625 0.103125 0.009375 0.07421875
10 0.9171875 0.10390625 0.00859375 0.07578125
5 0.03203125 0.10625 0.0078125 0.0359375
10 0.35234375 0.10859375 0.01328125 0.06015625
10 0.4296875 0.1125 0.009375 0.0921875
10 0.2234375 0.11328125 0.0109375 0.05390625
10 0.15078125 0.11484375 0.00859375 0.09453125
10 0.18125 0.11640625 0.02265625 0.13203125
10 0.54453125 0.1171875 0.01953125 0.14609375
5 0.2515625 0.1234375 0.009375 0.05
10 0.21015625 0.125 0.00703125 0.08203125
10 0.1234375 0.13203125 0.00859375 0.08046875
5 0.2140625 0.13203125 0.00625 0.084375
10 0.7953125 0.13515625 0.01953125 0.134375
10 0.8640625 0.1421875 0.00703125 0.071875
5 0.02890625 0.14609375 0.0125 0.0484375
10 0.2578125 0.14765625 0.00703125 0.09453125
10 0.24296875 0.15625 0.00703125 0.06796875
5 0.11640625 0.16015625 0.01015625 0.05625
5 0.2390625 0.16015625 0.0078125 0.06796875
10 0.496875 0.17109375 0.0109375 0.09453125
5 0.915625 0.17421875 0.01015625 0.03984375
10 0.02734375 0.190625 0.0140625 0.05234375
5 0.81953125 0.1921875 0.01484375 0.06796875
5 0.39765625 0.20078125 0.01171875 0.05625
5 0.30234375 0.19921875 0.01328125 0.0578125