0 0.534375 0.51875 0.11640625 0.153125
5 0.0265625 0.52421875 0.01328125 0.01015625
10 0.60546875 0.5265625 0.01640625 0.00703125
10 0.67734375 0.528125 0.01796875 0.021875
5 0.690625 0.5296875 0.00546875 0.01875
5 0.6609375 0.53046875 0.00703125 0.01796875
10 0.675 0.053125 0.00703125 0.0203125
10 0.65234375 0.53203125 0.00703125 0.0234375
10 0.64296875 0.5328125 0.00859375 0.0203125
10 0.85859375 0.53359375 0.00859375 0.02890625
10 0.87734375 0.534375 0.0078125 0.0234375
10 0.8234375 0.534375 0.00625 0.025
10 0.840625 0.534375 0.00703125 0.021875
10 0.89453125 0.534375 0.009375 0.025
10 0.9125 0.53515625 0.00859375 0.025
12 0.28984375 0.534375 0.3125 0.04609375
5 0.6046875 0.53515625 0.0140625 0.00703125
5 0.028125 0.53515625 0.0140625 0.0078125
5 0.69609375 0.5546875 0.00625 0.01875
10 0.68046875 0.55546875 0.00625 0.0203125
5 0.68828125 0.55625 0.00625 0.0171875
5 0.70390625 0.55625 0.00625 0.0171875
5 0.67109375 0.55625 0.00703125 0.01796875
10 0.64453125 0.55625 0.0078125 0.02109375
10 0.653125 0.55625 0.00625 0.02109375
5 0.98515625 0.5578125 0.01484375 0.01015625
5 0.090625 0.05625 0.015625 0.0109375
5 0.60546875 0.5640625 0.0140625 0.00859375
5 0.41484375 0.5640625 0.015625 0.0125
5 0.19453125 0.565625 0.00703125 0.0203125
5 0.18515625 0.565625 0.0078125 0.01796875
10 0.203125 0.56640625 0.00625 0.01875
10 0.21171875 0.56640625 0.00703125 0.01953125
10 0.07109375 0.05703125 0.01796875 0.01015625
10 0.8765625 0.56796875 0.009375 0.0265625
10 0.89453125 0.56796875 0.01171875 0.028125
5 0.1765625 0.56875 0.00703125 0.0203125
5 0.984375 0.56875 0.01640625 0.009375
5 0.06953125 0.56875 0.01484375 0.01015625
10 0.8234375 0.56875 0.0046875 0.02421875
10 0.85859375 0.56953125 0.01015625 0.025
10 0.91171875 0.56953125 0.01171875 0.025
10 0.84140625 0.5703125 0.00859375 0.025
5 0.603125 0.575 0.015625 0.01171875
10 0.0625 0.58515625 0.00859375 0.02109375
10 0.071875 0.58515625 0.00703125 0.02109375
0 0.3828125 0.5875 0.05390625 0.05859375
5 0.6046875 0.5875 0.015625 0.00859375
0 0.32421875 0.5875 0.04921875 0.05859375
5 0.72890625 0.590625 0.00546875 0.01875
5 0.6046875 0.5984375 0.01484375 0.00859375
10 0.9140625 0.6015625 0.00859375 0.0265625
10 0.859375 0.60234375 0.0125 0.028125
10 0.84140625 0.60234375 0.01171875 0.025
10 0.82421875 0.603125 0.0078125 0.02421875
10 0.2484375 0.603125 0.0078125 0.02265625
0 0.67265625 0.603125 0.07421875 0.059375
10 0.8765625 0.603125 0.00703125 0.0265625
10 0.240625 0.60390625 0.00703125 0.02265625
10 0.89453125 0.60390625 0.00859375 0.025
10 0.203125 0.6046875 0.00859375 0.02265625
5 0.41171875 0.6046875 0.0078125 0.01875
10 0.22109375 0.6046875 0.0078125 0.02421875
10 0.1953125 0.60546875 0.0078125 0.02265625
10 0.18515625 0.60546875 0.0078125 0.025
10 0.159375 0.60546875 0.00625 0.021875
10 0.14921875 0.60546875 0.00703125 0.02109375
10 0.2125 0.60546875 0.00625 0.0234375
10 0.353125 0.60546875 0.0078125 0.02421875
10 0.1671875 0.60625 0.00625 0.021875
10 0.2671875 0.60625 0.00625 0.025
10 0.1765625 0.60625 0.00625 0.0203125
10 0.275 0.60625 0.00703125 0.021875
10 0.23125 0.60703125 0.00625 0.0234375
10 0.25625 0.60703125 0.009375 0.02109375
10 0.13125 0.60703125 0.00703125 0.021875
10 0.13984375 0.60703125 0.00625 0.02109375
5 0.42109375 0.6078125 0.0078125 0.01875
5 0.43984375 0.6078125 0.00703125 0.01875
5 0.43046875 0.60859375 0.01015625 0.0203125
10 0.446875 0.609375 0.0078125 0.0265625
5 0.6046875 0.609375 0.015625 0.00859375
5 0.72890625 0.6109375 0.009375 0.0171875
5 0.590625 0.61875 0.00859375 0.01953125
5 0.72890625 0.63203125 0.00703125 0.0171875
5 0.075 0.634375 0.00703125 0.0171875
5 0.08203125 0.63515625 0.00859375 0.01875
10 0.91328125 0.63671875 0.01015625 0.02734375
10 0.8578125 0.63671875 0.00703125 0.025
10 0.84140625 0.63671875 0.00859375 0.0234375
5 0.9796875 0.6375 0.00546875 0.015625
10 0.82421875 0.6375 0.00703125 0.021875
10 0.8953125 0.6375 0.01015625 0.0265625
10 0.8765625 0.63828125 0.0078125 0.0234375
12 0.3078125 0.63828125 0.33203125 0.03984375
10 0.63046875 0.6546875 0.00625 0.025
5 0.65625 0.6546875 0.00546875 0.01875
5 0.665625 0.6546875 0.00625 0.01796875
5 0.64765625 0.6546875 0.00703125 0.0171875
10 0.69609375 0.6546875 0.00625 0.02109375
5 0.70625 0.65546875 0.00625 0.01875
5 0.675 0.65625 0.00703125 0.01796875
5 0.6828125 0.65625 0.00625 0.01640625
10 0.72109375 0.6578125 0.00703125 0.01953125
10 0.73046875 0.6578125 0.0078125 0.02421875
5 0.61953125 0.65859375 0.00703125 0.01875
5 0.98046875 0.678125 0.00625 0.01796875
5 0.58828125 0.6796875 0.0078125 0.0171875
5 0.59609375 0.68046875 0.00625 0.0203125
12 0.32734375 0.6921875 0.5015625 0.03984375
5 0.63359375 0.6953125 0.015625 0.01015625
5 0.66953125 0.71171875 0.00703125 0.0140625
5 0.67890625 0.7109375 0.00703125 0.01796875
5 0.68828125 0.71328125 0.0078125 0.01953125
0 0.6421875 0.721875 0.03359375 0.03671875
5 0.6828125 0.734375 0.01640625 0.00859375
10 0.70546875 0.734375 0.00703125 0.02265625
10 0.6640625 0.73515625 0.0078125 0.02421875
5 0.6109375 0.7359375 0.0078125 0.01875
5 0.58515625 0.73671875 0.00703125 0.01875
5 0.5921875 0.7375 0.00859375 0.01953125
5 0.60234375 0.7375 0.00703125 0.01796875
10 0.284375 0.7421875 0.01015625 0.0234375
10 0.4578125 0.74453125 0.00546875 0.0265625
0 0.0390625 0.7453125 0.0640625 0.23828125
10 0.67890625 0.74609375 0.01796875 0.00859375
5 0.98046875 0.74765625 0.00625 0.01640625
10 0.98046875 0.76953125 0.00546875 0.021875
0 0.596875 0.77109375 0.0359375 0.0390625
0 0.68828125 0.77265625 0.034375 0.03515625
0 0.64140625 0.7734375 0.03046875 0.03515625
5 0.9625 0.77421875 0.00703125 0.01875
5 0.94453125 0.775 0.00625 0.01875
5 0.93515625 0.775 0.00703125 0.0171875
5 0.953125 0.77578125 0.00703125 0.01796875
5 0.971875 0.7765625 0.009375 0.01953125
10 0.61953125 0.78203125 0.00859375 0.02421875
10 0.665625 0.78203125 0.0078125 0.021875
12 0.3265625 0.7859375 0.5 0.04609375
12 0.32265625 0.07890625 0.409375 0.03671875
5 0.96171875 0.7953125 0.00546875 0.015625
5 0.9546875 0.7953125 0.00546875 0.01640625
5 0.91640625 0.7984375 0.00546875 0.015625
5 0.90859375 0.79921875 0.00546875 0.01796875
5 0.92578125 0.79921875 0.00703125 0.01640625
5 0.59765625 0.79921875 0.015625 0.01015625
5 0.85234375 0.79921875 0.01484375 0.009375
5 0.93515625 0.8 0.00625 0.01875
5 0.6921875 0.8046875 0.00625 0.0171875
5 0.65625 0.8046875 0.00859375 0.0203125
10 0.6828125 0.8046875 0.00625 0.02109375
10 0.7015625 0.8046875 0.00703125 0.021875
10 0.665625 0.80546875 0.00625 0.01953125
5 0.67421875 0.80625 0.0078125 0.01875
5 0.71015625 0.80546875 0.00703125 0.01953125
5 0.71953125 0.80625 0.00625 0.01875
10 0.728125 0.80625 0.00546875 0.0203125
0 0.80625 0.81484375 0.06328125 0.03828125
10 0.9828125 0.0828125 0.01171875 0.0234375
5 0.303125 0.828125 0.0078125 0.0203125
5 0.51015625 0.828125 0.00859375 0.01875
5 0.29453125 0.828125 0.00546875 0.01953125
5 0.2296875 0.82890625 0.0078125 0.01875
5 0.3125 0.82890625 0.00703125 0.0203125
5 0.27578125 0.82890625 0.0046875 0.01875
5 0.2125 0.8296875 0.00625 0.01796875
5 0.2484375 0.8296875 0.00859375 0.0171875
5 0.49296875 0.83046875 0.01171875 0.02734375
10 0.14921875 0.83046875 0.00625 0.02109375
5 0.28671875 0.83046875 0.00546875 0.02109375
5 0.140625 0.83046875 0.009375 0.0203125
10 0.85 0.83046875 0.0078125 0.0203125
5 0.8375 0.8484375 0.00625 0.0171875
5 0.85 0.85078125 0.00625 0.015625
0 0.67421875 0.85390625 0.153125 0.08671875
5 0.9265625 0.8609375 0.01484375 0.0078125
5 0.94453125 0.86171875 0.015625 0.0078125
10 0.8265625 0.86640625 0.00859375 0.0234375
10 0.7515625 0.86875 0.0046875 0.01953125
5 0.83671875 0.86875 0.009375 0.0203125
5 0.85 0.86875 0.00859375 0.0203125
10 0.7640625 0.86875 0.00625 0.0203125
10 0.03984375 0.8765625 0.0078125 0.02109375
12 0.32734375 0.8765625 0.50625 0.05
5 0.02109375 0.8765625 0.00546875 0.01875
5 0.0125 0.8765625 0.00703125 0.01875
5 0.03046875 0.87734375 0.00703125 0.01875
10 0.95 0.8796875 0.00703125 0.01953125
5 0.940625 0.8796875 0.00703125 0.01953125
10 0.93125 0.8796875 0.00859375 0.02265625
5 0.921875 0.88046875 0.00859375 0.01796875
10 0.75078125 0.8921875 0.00546875 0.021875
5 0.76015625 0.89296875 0.00625 0.01796875
5 0.80703125 0.89765625 0.00703125 0.0171875
5 0.79453125 0.89765625 0.00703125 0.0171875
10 0.97890625 0.90234375 0.009375 0.02265625
10 0.76015625 0.9140625 0.00859375 0.0203125
5 0.80703125 0.9171875 0.00703125 0.01640625
10 0.97890625 0.92578125 0.00859375 0.0234375
5 0.43828125 0.92578125 0.00703125 0.01640625
5 0.4296875 0.92578125 0.00546875 0.0171875
5 0.40390625 0.9265625 0.00859375 0.01796875
0 0.9296875 0.09296875 0.075 0.10859375
5 0.55625 0.92734375 0.009375 0.0203125
5 0.44921875 0.92734375 0.00859375 0.02109375
5 0.45859375 0.928125 0.00703125 0.01796875
5 0.41171875 0.928125 0.00546875 0.01953125
5 0.47421875 0.928125 0.00625 0.01953125
5 0.5296875 0.928125 0.00859375 0.01875
5 0.25625 0.928125 0.00859375 0.0234375
5 0.0921875 0.92890625 0.01171875 0.0203125
5 0.1203125 0.92890625 0.0078125 0.0234375
5 0.1765625 0.92890625 0.00625 0.01796875
10 0.1671875 0.92890625 0.0078125 0.025
10 0.8546875 0.92890625 0.00703125 0.0234375
5 0.15859375 0.92890625 0.00625 0.021875
5 0.421875 0.9296875 0.00703125 0.021875
10 0.13125 0.9296875 0.0078125 0.02265625
5 0.8359375 0.93046875 0.00625 0.01875
5 0.84453125 0.93046875 0.00703125 0.01796875
10 0.86328125 0.93046875 0.0078125 0.0234375
5 0.871875 0.93125 0.0078125 0.0203125
10 0.75078125 0.940625 0.0078125 0.021875
10 0.778125 0.9421875 0.0078125 0.021875
0 0.68828125 0.94765625 0.12578125 0.084375
0 0.6296875 0.0953125 0.071875 0.1234375
12 0.325 0.96875 0.49140625 0.0390625
10 0.7515625 0.971875 0.00390625 0.01953125
5 0.6203125 0.9796875 0.00546875 0.01953125
10 0.075 0.10546875 0.015625 0.009375
5 0.103125 0.1078125 0.015625 0.00859375
10 0.9796875 0.109375 0.015625 0.01015625
10 0.72109375 0.1125 0.01875 0.0078125
10 0.10234375 0.11875 0.01640625 0.009375
10 0.07578125 0.11953125 0.01875 0.0109375
5 0.98125 0.12109375 0.01484375 0.0109375
10 0.8359375 0.1234375 0.0078125 0.0203125
12 0.325 0.1234375 0.42109375 0.04609375
10 0.87265625 0.125 0.015625 0.0109375
10 0.98046875 0.13125 0.01640625 0.0140625
10 0.584375 0.1390625 0.0078125 0.02109375
5 0.9796875 0.16796875 0.01328125 0.01328125
12 0.325 0.1703125 0.41015625 0.03828125
5 0.9796875 0.17890625 0.0171875 0.00703125
10 0.67265625 0.18125 0.0078125 0.02109375
10 0.5828125 0.18984375 0.009375 0.01953125
5 0.9796875 0.18984375 0.01484375 0.00625
0 0.7640625 0.196875 0.12109375 0.15625
5 0.97890625 0.20078125 0.01328125 0.0125
5 0.9828125 0.21171875 0.01640625 0.00859375
12 0.31015625 0.2125 0.56875 0.03671875
5 0.98203125 0.2265625 0.0171875 0.0078125
10 0.6921875 0.2359375 0.00703125 0.0203125
10 0.70234375 0.2359375 0.00625 0.021875
0 0.62890625 0.23671875 0.07578125 0.11015625
5 0.9828125 0.2375 0.0171875 0.00546875
10 0.8703125 0.240625 0.009375 0.03046875
0 0.93203125 0.24140625 0.06640625 0.11875
5 0.140625 0.24453125 0.00859375 0.0171875
5 0.56484375 0.24453125 0.00703125 0.0203125
10 0.15078125 0.2453125 0.00859375 0.021875
5 0.98359375 0.24765625 0.01796875 0.00859375
12 0.0984375 0.25234375 0.0734375 0.04140625
12 0.4390625 0.25625 0.21328125 0.04140625
5 0.7 0.2578125 0.00625 0.01640625
5 0.565625 0.26875 0.0078125 0.01796875
5 0.57421875 0.26875 0.00546875 0.01796875
5 0.546875 0.2703125 0.0140625 0.01015625
10 0.0234375 0.27421875 0.00859375 0.02265625
10 0.015625 0.2734375 0.00703125 0.01875
10 0.05625 0.27421875 0.0078125 0.0234375
10 0.046875 0.275 0.0078125 0.021875
10 0.5828125 0.27578125 0.00703125 0.021875
5 0.321875 0.27734375 0.015625 0.01015625
12 0.22734375 0.27890625 0.171875 0.04609375
5 0.5484375 0.28125 0.0125 0.00859375
10 0.81328125 0.2859375 0.01015625 0.01796875
5 0.70546875 0.2859375 0.00703125 0.01875
5 0.3203125 0.29140625 0.00703125 0.01640625
5 0.55 0.2921875 0.0125 0.00859375
5 0.88515625 0.29453125 0.00625 0.015625
12 0.096875 0.296875 0.078125 0.03203125
5 0.05546875 0.29765625 0.00703125 0.01875
5 0.546875 0.2984375 0.01640625 0.01640625
12 0.4375 0.29921875 0.21171875 0.03828125
5 0.98671875 0.30859375 0.00703125 0.01875
12 0.3234375 0.03125 0.41328125 0.0453125
5 0.3203125 0.31015625 0.00546875 0.0171875
5 0.75546875 0.31015625 0.00703125 0.01796875
0 0.5734375 0.3109375 0.03359375 0.03828125
5 0.74609375 0.3109375 0.00859375 0.0171875
10 0.95703125 0.31484375 0.0078125 0.02109375
5 0.3078125 0.31875 0.0140625 0.00703125
5 0.15390625 0.31875 0.0140625 0.0109375
5 0.29140625 0.31953125 0.0125 0.00859375
5 0.18828125 0.31953125 0.01640625 0.00859375
5 0.17109375 0.3203125 0.01484375 0.00859375
10 0.034375 0.321875 0.00859375 0.021875
10 0.05859375 0.32265625 0.00703125 0.01875
10 0.015625 0.32265625 0.00859375 0.02265625
10 0.025 0.32265625 0.00625 0.0203125
5 0.9359375 0.32265625 0.00546875 0.0171875
10 0.0421875 0.3234375 0.0078125 0.02109375
5 0.8203125 0.32421875 0.01484375 0.01171875
5 0.9109375 0.32421875 0.00703125 0.01953125
5 0.92734375 0.325 0.0078125 0.01875
5 0.9203125 0.3265625 0.009375 0.01953125
5 0.74609375 0.33125 0.0078125 0.02109375
5 0.7546875 0.33203125 0.00703125 0.01796875
0 0.63359375 0.33203125 0.03046875 0.03515625
5 0.5359375 0.33359375 0.0078125 0.01796875
10 0.6546875 0.33671875 0.0078125 0.021875
5 0.81015625 0.34140625 0.01484375 0.0125
10 0.86875 0.03515625 0.00703125 0.0203125
5 0.89453125 0.3453125 0.01640625 0.00859375
12 0.2890625 0.34765625 0.30625 0.0375
5 0.88515625 0.03515625 0.00859375 0.0171875
5 0.56953125 0.35078125 0.00546875 0.015625
5 0.56171875 0.35078125 0.0046875 0.015625
5 0.8 0.35234375 0.01484375 0.01171875
5 0.55390625 0.353125 0.009375 0.0140625
5 0.6421875 0.35546875 0.0171875 0.0109375
5 0.859375 0.0359375 0.00703125 0.01953125
5 0.8796875 0.0359375 0.00703125 0.0203125
5 0.53671875 0.35625 0.00703125 0.015625
5 0.5125 0.35703125 0.00546875 0.015625
5 0.5203125 0.3578125 0.00546875 0.0203125
5 0.528125 0.35859375 0.00546875 0.01796875
5 0.79296875 0.3609375 0.0140625 0.00859375
0 0.09453125 0.36171875 0.0609375 0.078125
5 0.04609375 0.384375 0.01484375 0.01015625
5 0.165625 0.38671875 0.00703125 0.01875
5 0.15625 0.38671875 0.00859375 0.01796875
5 0.04609375 0.39609375 0.01484375 0.009375
10 0.2203125 0.40078125 0.00625 0.0203125
5 0.25078125 0.4015625 0.00703125 0.0171875
5 0.2328125 0.40234375 0.00625 0.01796875
5 0.240625 0.40234375 0.00703125 0.0171875
5 0.16015625 0.40625 0.00859375 0.01953125
10 0.18203125 0.40625 0.00546875 0.01953125
5 0.16796875 0.40703125 0.00703125 0.01796875
10 0.1921875 0.4078125 0.00703125 0.0234375
10 0.20078125 0.4078125 0.00703125 0.02109375
5 0.14921875 0.4078125 0.00859375 0.01875
5 0.115625 0.41328125 0.00625 0.01953125
5 0.09765625 0.41484375 0.0078125 0.0171875
5 0.59453125 0.4375 0.01640625 0.009375
12 0.290625 0.440625 0.3046875 0.04609375
10 0.46640625 0.45625 0.00703125 0.01875
10 0.02734375 0.4578125 0.015625 0.00859375
10 0.4578125 0.45859375 0.00859375 0.021875
10 0.584375 0.04609375 0.0078125 0.01875
5 0.02734375 0.46875 0.01484375 0.00859375
5 0.63828125 0.4796875 0.00546875 0.0171875
5 0.0265625 0.48046875 0.0140625 0.009375
5 0.62265625 0.48359375 0.00625 0.01875
5 0.6140625 0.48359375 0.00546875 0.0171875
5 0.60390625 0.484375 0.00546875 0.015625
5 0.203125 0.4875 0.00625 0.0203125
0 0.665625 0.48984375 0.03359375 0.03046875
5 0.02734375 0.490625 0.0140625 0.009375
5 0.97578125 0.49375 0.00625 0.0171875
10 0.68828125 0.49375 0.00625 0.01953125
0 0.08671875 0.49453125 0.0953125 0.09375
5 0.17265625 0.4984375 0.00625 0.0171875
5 0.15703125 0.4984375 0.00703125 0.01640625
5 0.14765625 0.5 0.00625 0.01640625
5 0.16484375 0.49921875 0.00546875 0.0171875
5 0.61015625 0.5 0.01484375 0.00703125
5 0.140625 0.5 0.00546875 0.01875
5 0.028125 0.503125 0.0140625 0.00859375
5 0.02734375 0.51328125 0.015625 0.00859375
5 0.975 0.5140625 0.00546875 0.01953125