10 0.84765625 0.515625 0.0453125 0.05390625
5 0.93125 0.53203125 0.00625 0.01640625
5 0.896875 0.534375 0.009375 0.009375
10 0.95703125 0.53515625 0.00625 0.01875
0 0.94375 0.53515625 0.0140625 0.02421875
5 0.896875 0.54609375 0.0109375 0.009375
12 0.0140625 0.54765625 0.0125 0.05234375
10 0.86953125 0.57578125 0.046875 0.053125
5 0.98046875 0.59453125 0.02109375 0.07109375
10 0.65859375 0.61171875 0.11953125 0.171875
10 0.78359375 0.6109375 0.11953125 0.16640625
10 0.896875 0.61171875 0.0296875 0.0375
12 0.01796875 0.63125 0.01640625 0.09921875
5 0.86953125 0.653125 0.0078125 0.015625
5 0.5015625 0.065625 0.01328125 0.01015625
10 0.96953125 0.66015625 0.02578125 0.02890625
5 0.640625 0.06640625 0.0953125 0.04765625
0 0.878125 0.6796875 0.03359375 0.02421875
5 0.96953125 0.68359375 0.0109375 0.009375
5 0.97890625 0.68671875 0.00546875 0.015625
10 0.46640625 0.69140625 0.01953125 0.02890625
10 0.2984375 0.6984375 0.02421875 0.0359375
5 0.171875 0.7 0.04765625 0.01875
10 0.22578125 0.70078125 0.02265625 0.0375
10 0.40625 0.7015625 0.021875 0.0359375
10 0.27265625 0.7015625 0.02109375 0.0359375
10 0.4375 0.703125 0.02890625 0.03125
5 0.17265625 0.715625 0.04765625 0.0203125
10 0.5 0.72265625 0.00703125 0.0171875
10 0.51875 0.74375 0.03203125 0.05078125
0 0.38203125 0.746875 0.02734375 0.0421875
10 0.40703125 0.7484375 0.0203125 0.040625
5 0.50078125 0.07734375 0.01328125 0.009375
5 0.484375 0.78046875 0.00625 0.01796875
5 0.46875 0.78203125 0.00625 0.01796875
7 0.54453125 0.07890625 0.0515625 0.04765625
12 0.1953125 0.0796875 0.1890625 0.0875
12 0.80546875 0.08203125 0.18828125 0.0828125
5 0.746875 0.8296875 0.00625 0.015625
5 0.6546875 0.83203125 0.0046875 0.015625
5 0.628125 0.83359375 0.00625 0.015625
5 0.7375 0.834375 0.01015625 0.00859375
10 0.6421875 0.83515625 0.01484375 0.01328125
10 0.35234375 0.084375 0.02890625 0.0484375
10 0.95 0.84375 0.0421875 0.06328125
0 0.16953125 0.84375 0.0203125 0.034375
10 0.75078125 0.84453125 0.0109375 0.009375
10 0.153125 0.84375 0.0046875 0.0171875
0 0.20078125 0.84453125 0.01953125 0.0390625
5 0.6921875 0.8453125 0.0078125 0.0171875
10 0.184375 0.8453125 0.00625 0.01796875
5 0.91953125 0.853125 0.01328125 0.07265625
0 0.32578125 0.0859375 0.01953125 0.04609375
10 0.7546875 0.8609375 0.0078125 0.01953125
10 0.0609375 0.08671875 0.0296875 0.0359375
10 0.69296875 0.87265625 0.028125 0.03203125
5 0.76796875 0.8734375 0.0109375 0.01015625
10 0.303125 0.0875 0.02265625 0.0421875
10 0.55703125 0.8828125 0.02890625 0.0515625
10 0.5859375 0.884375 0.02109375 0.05078125
10 0.6828125 0.9046875 0.00625 0.0171875
10 0.7421875 0.9046875 0.02265625 0.0421875
10 0.7265625 0.90703125 0.00703125 0.01796875
0 0.70390625 0.91875 0.034375 0.05625
12 0.55546875 0.946875 0.05703125 0.05390625
12 0.8203125 0.946875 0.12734375 0.04453125
12 0.04765625 0.95859375 0.06484375 0.06328125
5 0.690625 0.95859375 0.009375 0.00859375
5 0.709375 0.9609375 0.00703125 0.0140625
12 0.16953125 0.96796875 0.09296875 0.03515625
10 0.9171875 0.10390625 0.02890625 0.03203125
10 0.053125 0.1140625 0.01328125 0.0078125
5 0.5 0.115625 0.0140625 0.0109375
5 0.64296875 0.11953125 0.090625 0.046875
10 0.09140625 0.121875 0.0109375 0.00859375
5 0.02265625 0.12421875 0.0125 0.0078125
5 0.06796875 0.12578125 0.00546875 0.0140625
5 0.5 0.1265625 0.01328125 0.00859375
5 0.07578125 0.13203125 0.00625 0.01796875
0 0.04765625 0.1359375 0.01953125 0.025
7 0.54453125 0.1359375 0.04765625 0.05078125
10 0.340625 0.140625 0.02421875 0.04453125
5 0.025 0.1421875 0.0125 0.0078125
10 0.95625 0.14609375 0.0078125 0.0171875
10 0.06875 0.146875 0.00546875 0.015625
5 0.8921875 0.146875 0.009375 0.0078125
0 0.94375 0.14765625 0.015625 0.02265625
5 0.92890625 0.14765625 0.00625 0.015625
5 0.209375 0.14921875 0.01171875 0.009375
5 0.28203125 0.153125 0.00546875 0.01640625
0 0.1046875 0.15625 0.0296875 0.05859375
0 0.31015625 0.16328125 0.03359375 0.0484375
5 0.0671875 0.16328125 0.00546875 0.0140625
5 0.16875 0.165625 0.01171875 0.04453125
5 0.021875 0.1671875 0.00625 0.01640625
10 0.39609375 0.16796875 0.0125 0.00859375
5 0.78046875 0.16796875 0.0125 0.04765625
0 0.21015625 0.16875 0.02578125 0.02109375
10 0.81328125 0.16875 0.04375 0.0671875
0 0.0484375 0.17109375 0.02109375 0.02578125
5 0.07578125 0.17109375 0.00546875 0.0140625
10 0.86171875 0.17109375 0.0421875 0.06953125
5 0.27890625 0.17109375 0.01015625 0.00859375
10 0.19140625 0.17265625 0.00390625 0.01484375
5 0.184375 0.1734375 0.00625 0.01640625
10 0.334375 0.17734375 0.00390625 0.0140625
5 0.503125 0.1859375 0.01171875 0.0125
5 0.35859375 0.19453125 0.00703125 0.0171875
5 0.21328125 0.19609375 0.01328125 0.0078125
10 0.41953125 0.19609375 0.02265625 0.04296875
0 0.38671875 0.196875 0.03359375 0.04765625
5 0.02890625 0.19921875 0.00546875 0.0171875
10 0.69140625 0.2 0.02421875 0.04296875
7 0.54453125 0.2015625 0.053125 0.0484375
5 0.01953125 0.2015625 0.01015625 0.00625
0 0.66640625 0.203125 0.0203125 0.04453125
5 0.1203125 0.20546875 0.00625 0.015625
5 0.12890625 0.20703125 0.00625 0.015625
10 0.6390625 0.20859375 0.03046875 0.0359375
5 0.01875 0.21015625 0.01171875 0.0078125
0 0.08125 0.21328125 0.01953125 0.0140625
5 0.97109375 0.2140625 0.01640625 0.0765625
10 0.0640625 0.225 0.00625 0.0171875
0 0.0375 0.23046875 0.01953125 0.03828125
10 0.86796875 0.234375 0.03203125 0.034375
10 0.0203125 0.24921875 0.00625 0.0171875
0 0.746875 0.25234375 0.01875 0.0578125
5 0.85859375 0.2578125 0.00625 0.01953125
10 0.7203125 0.259375 0.02734375 0.03515625
10 0.6234375 0.265625 0.02890625 0.0328125
10 0.80625 0.2671875 0.03359375 0.04453125
10 0.7734375 0.2734375 0.03046875 0.05625
10 0.96171875 0.284375 0.025 0.04765625
10 0.89609375 0.2875 0.00703125 0.01953125
0 0.87109375 0.2890625 0.03671875 0.02578125
7 0.08984375 0.28984375 0.02734375 0.05
5 0.83359375 0.296875 0.01171875 0.075
0 0.6203125 0.29765625 0.0375 0.0296875
5 0.97578125 0.30078125 0.00703125 0.015625
10 0.74921875 0.30234375 0.00625 0.01953125
5 0.75703125 0.303125 0.0078125 0.0171875
10 0.740625 0.30390625 0.00546875 0.01640625
10 0.72734375 0.3109375 0.00859375 0.02265625
5 0.76171875 0.31796875 0.01015625 0.00859375
5 0.715625 0.3234375 0.0125 0.03515625
10 0.6125 0.33125 0.02734375 0.034375
5 0.75703125 0.3328125 0.00390625 0.015625
5 0.89609375 0.3375 0.0109375 0.009375
5 0.9328125 0.3390625 0.00546875 0.0171875
10 0.9578125 0.340625 0.00625 0.01875
0 0.94609375 0.340625 0.0171875 0.02421875
7 0.096875 0.34296875 0.02890625 0.04375
10 0.76640625 0.34921875 0.00703125 0.01640625
10 0.759375 0.34921875 0.00625 0.01875
5 0.89609375 0.35 0.009375 0.0078125
10 0.865625 0.35546875 0.0390625 0.05546875
10 0.8171875 0.359375 0.04609375 0.06171875
10 0.6828125 0.36640625 0.0296875 0.05078125
0 0.740625 0.3734375 0.0328125 0.0671875
5 0.98046875 0.40859375 0.0171875 0.078125
10 0.8734375 0.41171875 0.03359375 0.05390625
7 0.05703125 0.43046875 0.0375 0.04140625
7 0.09453125 0.4328125 0.0359375 0.0484375
10 0.7203125 0.4515625 0.08359375 0.06484375
5 0.87109375 0.46015625 0.00625 0.01484375
5 0.08125 0.46328125 0.05078125 0.021875
10 0.97109375 0.47265625 0.025 0.0421875
5 0.81328125 0.4734375 0.0109375 0.06484375
10 0.90546875 0.48125 0.00625 0.015625
0 0.884375 0.4828125 0.03515625 0.02421875
5 0.08125 0.4828125 0.0546875 0.015625