10 0.16328125 0.05234375 0.00625 0.015625
12 0.97890625 0.5359375 0.0421875 0.63359375
7 0.040625 0.55 0.04296875 0.053125
10 0.57265625 0.05625 0.0109375 0.00546875
5 0.57578125 0.559375 0.0078125 0.00546875
10 0.4890625 0.56015625 0.01171875 0.00703125
5 0.5765625 0.5671875 0.00859375 0.00546875
5 0.4875 0.56796875 0.0109375 0.00703125
5 0.071875 0.56953125 0.01328125 0.01015625
5 0.4890625 0.575 0.01015625 0.00546875
5 0.5765625 0.584375 0.0078125 0.00546875
5 0.68671875 0.059375 0.0125 0.00859375
10 0.48828125 0.584375 0.0125 0.00703125
5 0.11484375 0.584375 0.0125 0.00859375
5 0.56484375 0.58515625 0.009375 0.0078125
12 0.9296875 0.5890625 0.04140625 0.384375
12 0.7984375 0.5890625 0.0421875 0.38984375
12 0.6671875 0.58984375 0.03203125 0.38984375
12 0.8640625 0.590625 0.04375 0.3921875
12 0.73359375 0.590625 0.0421875 0.390625
10 0.0984375 0.59609375 0.01171875 0.00859375
5 0.57734375 0.596875 0.01015625 0.00859375
5 0.115625 0.5984375 0.01171875 0.00703125
7 0.0859375 0.603125 0.0109375 0.01640625
10 0.09765625 0.60390625 0.00859375 0.00546875
5 0.115625 0.60625 0.01171875 0.00625
5 0.57578125 0.60625 0.0125 0.00703125
10 0.440625 0.61015625 0.00625 0.0140625
10 0.46171875 0.609375 0.00546875 0.01640625
10 0.09609375 0.61171875 0.01171875 0.01015625
5 0.57578125 0.61484375 0.01015625 0.0078125
5 0.1 0.06171875 0.0046875 0.01484375
5 0.11640625 0.615625 0.00859375 0.00546875
5 0.57734375 0.62421875 0.009375 0.00546875
10 0.11640625 0.628125 0.01328125 0.0140625
5 0.5765625 0.63203125 0.00859375 0.009375
10 0.440625 0.634375 0.00703125 0.01484375
10 0.44609375 0.63515625 0.00625 0.01484375
5 0.57265625 0.06484375 0.0109375 0.00625
10 0.70859375 0.64375 0.00625 0.01484375
5 0.5109375 0.64453125 0.009375 0.009375
5 0.5546875 0.6515625 0.009375 0.00859375
5 0.15234375 0.065625 0.00546875 0.01484375
5 0.5109375 0.65390625 0.0125 0.00703125
10 0.453125 0.6546875 0.00390625 0.01640625
5 0.43515625 0.65546875 0.00625 0.01484375
5 0.446875 0.65625 0.00546875 0.0171875
10 0.4421875 0.65703125 0.00546875 0.01796875
5 0.55546875 0.659375 0.0078125 0.00703125
5 0.51171875 0.6609375 0.0109375 0.00703125
5 0.6859375 0.6640625 0.00625 0.01640625
5 0.5109375 0.66875 0.01015625 0.00859375
5 0.70859375 0.6703125 0.0046875 0.01484375
5 0.840625 0.67578125 0.00703125 0.0140625
5 0.68515625 0.68046875 0.00546875 0.01484375
5 0.07578125 0.68203125 0.00546875 0.01796875
10 0.590625 0.6828125 0.00703125 0.01484375
5 0.5796875 0.68359375 0.00625 0.015625
5 0.596875 0.68359375 0.00390625 0.0125
5 0.603125 0.68359375 0.00546875 0.01640625
10 0.70859375 0.68671875 0.00546875 0.0171875
10 0.08515625 0.06875 0.0046875 0.01640625
10 0.63671875 0.06953125 0.015625 0.01015625
5 0.0921875 0.70390625 0.01171875 0.03125
10 0.70859375 0.70625 0.0046875 0.01640625
0 0.46171875 0.7078125 0.04375 0.05
12 0.5359375 0.7140625 0.03515625 0.1765625
10 0.64375 0.715625 0.00546875 0.01796875
5 0.83984375 0.71796875 0.00703125 0.0140625
5 0.57265625 0.071875 0.01171875 0.00703125
5 0.51171875 0.72109375 0.01015625 0.00625
7 0.6875 0.07265625 0.01015625 0.00703125
0 0.72109375 0.07265625 0.021875 0.04921875
0 0.028125 0.07265625 0.021875 0.0453125
5 0.51171875 0.7296875 0.01015625 0.00703125
5 0.77578125 0.7296875 0.00625 0.0140625
5 0.83984375 0.7328125 0.00546875 0.01328125
5 0.775 0.74453125 0.00625 0.015625
5 0.83984375 0.74921875 0.0046875 0.01484375
10 0.04765625 0.7546875 0.0140625 0.009375
10 0.77578125 0.7609375 0.0046875 0.01484375
5 0.04765625 0.76484375 0.01328125 0.00703125
10 0.7046875 0.0765625 0.00546875 0.01484375
10 0.64296875 0.76875 0.00390625 0.015625
10 0.04609375 0.7734375 0.01171875 0.00859375
10 0.5078125 0.78359375 0.0140625 0.01015625
0 0.590625 0.07890625 0.02265625 0.0484375
10 0.92890625 0.7953125 0.01328125 0.01171875
5 0.57265625 0.08046875 0.0109375 0.00625
12 0.13125 0.8046875 0.14296875 0.07109375
10 0.95078125 0.8109375 0.01328125 0.00859375
5 0.73125 0.81484375 0.01171875 0.01015625
5 0.3171875 0.08125 0.01171875 0.00703125
7 0.7203125 0.81953125 0.0078125 0.01484375
10 0.7328125 0.82421875 0.0125 0.00859375
5 0.56796875 0.8328125 0.0125 0.00859375
0 0.81640625 0.83359375 0.13671875 0.0890625
5 0.73359375 0.83515625 0.01328125 0.0078125
5 0.71953125 0.83515625 0.0125 0.0109375
10 0.1109375 0.084375 0.01328125 0.0078125
10 0.59765625 0.846875 0.0046875 0.01328125
5 0.609375 0.846875 0.00546875 0.0140625
10 0.58515625 0.84765625 0.0078125 0.01875
10 0.603125 0.84765625 0.003125 0.015625
10 0.05078125 0.08515625 0.01015625 0.00859375
5 0.6875 0.08515625 0.01171875 0.0078125
10 0.57890625 0.84765625 0.00625 0.01796875
10 0.565625 0.85 0.00859375 0.01640625
5 0.5734375 0.0859375 0.01015625 0.00625
5 0.89140625 0.865625 0.00390625 0.01171875
10 0.88671875 0.865625 0.0046875 0.01328125
5 0.90390625 0.865625 0.00703125 0.01484375
5 0.909375 0.86640625 0.00703125 0.01640625
5 0.8984375 0.86796875 0.00625 0.015625
10 0.665625 0.87109375 0.01015625 0.0078125
10 0.6765625 0.87109375 0.0109375 0.00859375
10 0.653125 0.87109375 0.01015625 0.00703125
5 0.74921875 0.08828125 0.0046875 0.015625
0 0.59375 0.88359375 0.03125 0.04375
10 0.8875 0.88515625 0.00703125 0.01796875
5 0.3171875 0.08984375 0.0109375 0.0078125
10 0.5703125 0.8984375 0.01171875 0.00625
10 0.56953125 0.9046875 0.01328125 0.00703125
0 0.65234375 0.91484375 0.0234375 0.0359375
10 0.58046875 0.91875 0.00390625 0.01171875
10 0.60234375 0.91875 0.00546875 0.01484375
10 0.56328125 0.91875 0.00546875 0.01640625
10 0.57421875 0.91953125 0.00703125 0.0140625
10 0.6078125 0.91953125 0.00625 0.01796875
10 0.5953125 0.9203125 0.00703125 0.01796875
10 0.5875 0.9203125 0.00859375 0.0171875
10 0.56953125 0.921875 0.00703125 0.01640625
12 0.24921875 0.925 0.18515625 0.15
10 0.13984375 0.09375 0.0109375 0.00703125
10 0.57265625 0.09375 0.0109375 0.00703125
10 0.19453125 0.09453125 0.01171875 0.0078125
5 0.77421875 0.0953125 0.00546875 0.01484375
10 0.1109375 0.096875 0.01171875 0.00625
12 0.465625 0.09609375 0.19140625 0.04453125
10 0.22109375 0.09765625 0.0109375 0.00703125
10 0.175 0.0984375 0.00390625 0.01484375
5 0.75859375 0.1 0.00625 0.01484375
10 0.671875 0.1 0.0109375 0.00859375
5 0.13984375 0.10078125 0.0109375 0.00703125
5 0.68203125 0.10078125 0.00546875 0.0140625
0 0.82109375 0.1015625 0.0421875 0.046875
5 0.6875 0.10234375 0.0046875 0.0140625
10 0.30078125 0.1015625 0.01171875 0.00703125
10 0.19453125 0.10390625 0.0109375 0.0078125
10 0.1109375 0.1046875 0.00859375 0.00703125
10 0.025 0.10625 0.0046875 0.01484375
10 0.70546875 0.1078125 0.0125 0.009375
5 0.140625 0.10859375 0.01015625 0.0078125
5 0.59453125 0.109375 0.0109375 0.00703125
10 0.72109375 0.11015625 0.0125 0.00703125
10 0.19375 0.1109375 0.0109375 0.0078125
10 0.2234375 0.11171875 0.0109375 0.0078125
5 0.77578125 0.1125 0.00546875 0.015625
5 0.2109375 0.1125 0.01015625 0.00703125
10 0.11171875 0.11328125 0.0109375 0.00625
10 0.06796875 0.1140625 0.01328125 0.00625
10 0.05 0.1140625 0.01015625 0.00859375
10 0.7046875 0.11640625 0.01171875 0.00625
10 0.140625 0.11875 0.009375 0.009375
10 0.721875 0.11953125 0.01171875 0.00703125
5 0.21015625 0.11953125 0.009375 0.00625
10 0.19375 0.11953125 0.009375 0.00546875
7 0.27578125 0.11953125 0.0359375 0.05703125
10 0.2234375 0.11953125 0.00859375 0.00703125
10 0.1109375 0.121875 0.01015625 0.00625
5 0.05 0.121875 0.01015625 0.00703125
5 0.4078125 0.12265625 0.0109375 0.00546875
5 0.4203125 0.12265625 0.01015625 0.0078125
5 0.43203125 0.1234375 0.009375 0.0078125
5 0.79140625 0.125 0.00546875 0.0140625
5 0.45703125 0.12578125 0.00625 0.01328125
10 0.7046875 0.1265625 0.01328125 0.01015625
7 0.78203125 0.1265625 0.009375 0.01171875
5 0.2109375 0.12734375 0.01015625 0.00703125
10 0.19375 0.12734375 0.0109375 0.00625
10 0.2234375 0.128125 0.0109375 0.0078125
10 0.1109375 0.12890625 0.01015625 0.00703125
5 0.05 0.12890625 0.01015625 0.00703125
10 0.13984375 0.1296875 0.01171875 0.0078125
0 0.346875 0.1296875 0.0234375 0.0359375
5 0.72109375 0.13046875 0.009375 0.0078125
0 0.31796875 0.13046875 0.021875 0.040625
5 0.2109375 0.1359375 0.009375 0.00703125
10 0.2234375 0.1359375 0.0109375 0.00703125
5 0.74765625 0.13671875 0.0109375 0.00703125
10 0.1109375 0.1375 0.01015625 0.00546875
0 0.028125 0.1390625 0.0203125 0.03984375
5 0.140625 0.1390625 0.0109375 0.00625
10 0.0921875 0.14140625 0.00546875 0.015625
0 0.071875 0.1421875 0.0203125 0.0453125
10 0.22421875 0.14375 0.009375 0.00859375
5 0.2109375 0.14375 0.009375 0.00703125
10 0.1109375 0.14453125 0.009375 0.0078125
5 0.74765625 0.146875 0.01015625 0.00859375
10 0.83203125 0.14765625 0.0046875 0.01484375
0 0.16640625 0.1484375 0.03671875 0.0734375
5 0.721875 0.14921875 0.01015625 0.00703125
10 0.13984375 0.15 0.0109375 0.00703125
10 0.2234375 0.1515625 0.009375 0.00703125
10 0.11171875 0.15234375 0.01015625 0.00703125
5 0.05 0.15234375 0.01171875 0.00625
10 0.65390625 0.153125 0.0046875 0.01640625
5 0.74765625 0.1546875 0.01015625 0.00703125
10 0.34296875 0.15625 0.0109375 0.00703125
5 0.72109375 0.15625 0.01015625 0.00703125
10 0.31640625 0.15703125 0.01328125 0.00625
5 0.27265625 0.16015625 0.00546875 0.015625
10 0.22421875 0.16015625 0.009375 0.00859375
5 0.2671875 0.1609375 0.00546875 0.01484375
5 0.05078125 0.1609375 0.0109375 0.00703125
10 0.11171875 0.1609375 0.009375 0.00703125
5 0.27890625 0.1609375 0.0046875 0.01484375
5 0.7359375 0.16171875 0.009375 0.00703125
10 0.834375 0.16171875 0.0125 0.00625
5 0.72109375 0.16484375 0.01015625 0.00703125
10 0.14140625 0.16640625 0.01015625 0.00859375
10 0.02734375 0.16640625 0.01015625 0.00703125
10 0.22421875 0.1671875 0.009375 0.00546875
5 0.2109375 0.16796875 0.0109375 0.00703125
5 0.4171875 0.16796875 0.00546875 0.01484375
5 0.403125 0.16875 0.00390625 0.015625
7 0.425 0.16953125 0.009375 0.0078125
5 0.7359375 0.16953125 0.009375 0.00703125
10 0.7625 0.1703125 0.0109375 0.00703125
10 0.11171875 0.1703125 0.0109375 0.00546875
5 0.70859375 0.171875 0.0109375 0.00859375
5 0.4328125 0.171875 0.00625 0.0171875
5 0.721875 0.1734375 0.01015625 0.00703125
5 0.2109375 0.175 0.009375 0.0078125
5 0.08828125 0.17578125 0.01015625 0.00703125
10 0.2234375 0.1765625 0.01015625 0.00625
5 0.7359375 0.1765625 0.00859375 0.0078125
5 0.75078125 0.178125 0.01015625 0.00546875
5 0.5 0.17734375 0.0109375 0.0078125
10 0.1109375 0.178125 0.01015625 0.00703125
5 0.70859375 0.18125 0.01015625 0.00625
10 0.2359375 0.18125 0.00546875 0.01328125
10 0.13984375 0.18125 0.01171875 0.00625
5 0.721875 0.18125 0.01015625 0.00625
5 0.3625 0.1828125 0.0046875 0.015625
10 0.2109375 0.18359375 0.01015625 0.00703125
10 0.08828125 0.18515625 0.00859375 0.00703125
10 0.75078125 0.1859375 0.0109375 0.00546875
5 0.5 0.1859375 0.0109375 0.00859375
10 0.1109375 0.18671875 0.009375 0.00546875
5 0.73671875 0.18671875 0.01015625 0.00703125
5 0.39140625 0.1859375 0.00390625 0.01328125
5 0.3859375 0.1875 0.0046875 0.01484375
10 0.225 0.1875 0.01171875 0.00703125
5 0.70859375 0.1875 0.0109375 0.00625
7 0.40234375 0.18828125 0.00859375 0.01640625
10 0.1671875 0.1890625 0.0109375 0.00546875
5 0.721875 0.1890625 0.0109375 0.00703125
10 0.140625 0.18984375 0.0109375 0.00703125
10 0.18046875 0.18984375 0.01015625 0.00625
10 0.15390625 0.18984375 0.00859375 0.00703125
5 0.66328125 0.190625 0.0109375 0.00703125
10 0.5 0.19296875 0.0125 0.00859375
7 0.34140625 0.19375 0.00625 0.0171875
0 0.84296875 0.19375 0.04296875 0.0515625
5 0.1109375 0.19453125 0.0078125 0.00546875
10 0.79375 0.1953125 0.00625 0.01640625
5 0.70859375 0.19609375 0.01015625 0.00703125
10 0.78203125 0.19609375 0.00625 0.01640625
10 0.7875 0.19609375 0.00546875 0.015625
10 0.3296875 0.196875 0.0109375 0.00625
5 0.4453125 0.19765625 0.0109375 0.00703125
10 0.965625 0.1984375 0.01171875 0.00703125
10 0.72265625 0.2 0.01328125 0.0109375
5 0.26171875 0.20078125 0.0109375 0.009375
0 0.4203125 0.20078125 0.02109375 0.04140625
10 0.5125 0.20078125 0.0109375 0.00703125
5 0.5 0.2015625 0.009375 0.00703125
0 0.48203125 0.2015625 0.02109375 0.04296875
10 0.1109375 0.203125 0.0109375 0.00625
5 0.44453125 0.20546875 0.01171875 0.00703125
5 0.70859375 0.20546875 0.01171875 0.00859375
10 0.06796875 0.209375 0.0109375 0.00703125
7 0.3875 0.209375 0.015625 0.02421875
5 0.51484375 0.21015625 0.01015625 0.00546875
10 0.403125 0.2109375 0.00625 0.01484375
10 0.709375 0.2125 0.01171875 0.00625
10 0.44453125 0.21328125 0.01171875 0.00703125
10 0.4609375 0.215625 0.0125 0.00703125
5 0.06640625 0.21640625 0.009375 0.00625
5 0.5 0.21796875 0.01171875 0.00625
5 0.51328125 0.21796875 0.01015625 0.00859375
10 0.1390625 0.21875 0.00390625 0.01484375
10 0.1109375 0.21875 0.01015625 0.00546875
5 0.0671875 0.225 0.0109375 0.00546875
5 0.7109375 0.22734375 0.01015625 0.00859375
5 0.90078125 0.02421875 0.01015625 0.00703125
5 0.0359375 0.2390625 0.00625 0.015625
5 0.0234375 0.2390625 0.00546875 0.01484375
7 0.04609375 0.2421875 0.00625 0.01640625
12 0.32890625 0.24296875 0.509375 0.0375
5 0.9484375 0.246875 0.00546875 0.01484375
5 0.70859375 0.25703125 0.01171875 0.0078125
5 0.93984375 0.0265625 0.01171875 0.00546875
5 0.8640625 0.26328125 0.00625 0.01328125
5 0.9484375 0.2640625 0.00703125 0.015625
5 0.65625 0.0265625 0.00625 0.01328125
5 0.83828125 0.2640625 0.0046875 0.01328125
5 0.85234375 0.2640625 0.00625 0.01484375
10 0.85859375 0.2640625 0.0046875 0.01640625
5 0.8328125 0.2640625 0.00703125 0.0140625
5 0.84453125 0.265625 0.00703125 0.01484375
5 0.64921875 0.26953125 0.0046875 0.01484375
5 0.64375 0.26953125 0.0046875 0.0140625
5 0.70859375 0.2703125 0.0109375 0.00625
5 0.68046875 0.27265625 0.01171875 0.00859375
5 0.65078125 0.02734375 0.00703125 0.01640625
5 0.88828125 0.02734375 0.00546875 0.01328125
5 0.70859375 0.27890625 0.0125 0.00546875
5 0.82734375 0.2796875 0.00546875 0.01484375
10 0.821875 0.28046875 0.00546875 0.015625
10 0.840625 0.28125 0.00390625 0.01171875
10 0.83359375 0.28125 0.0046875 0.0140625
5 0.8453125 0.28125 0.0046875 0.01484375
10 0.62265625 0.28515625 0.01171875 0.00859375
12 0.3296875 0.2890625 0.4984375 0.0375
5 0.021875 0.29140625 0.0046875 0.01484375
10 0.01640625 0.29140625 0.00546875 0.01328125
5 0.03125 0.2921875 0.0046875 0.0140625
10 0.8171875 0.29609375 0.0125 0.01328125
10 0.040625 0.3 0.0109375 0.00703125
5 0.8328125 0.3 0.003125 0.0140625
5 0.8375 0.30078125 0.00546875 0.01171875
10 0.828125 0.3015625 0.00390625 0.0140625
5 0.9515625 0.30859375 0.0046875 0.01640625
5 0.83828125 0.31640625 0.00625 0.0140625
5 0.8265625 0.3171875 0.0046875 0.01484375
5 0.8328125 0.3171875 0.00625 0.01484375
5 0.90078125 0.03203125 0.01015625 0.0078125
5 0.95703125 0.0328125 0.00546875 0.01484375
10 0.61796875 0.321875 0.0109375 0.0078125
5 0.9515625 0.32421875 0.0046875 0.0125
10 0.95078125 0.0328125 0.0046875 0.01484375
0 0.921875 0.0328125 0.021875 0.0234375
10 0.93984375 0.03359375 0.01171875 0.00546875
5 0.95234375 0.3390625 0.00546875 0.01484375
12 0.33671875 0.340625 0.49453125 0.05859375
5 0.70625 0.03515625 0.00546875 0.0125
0 0.034375 0.34765625 0.03671875 0.08203125
5 0.7 0.03515625 0.00703125 0.01484375
5 0.7671875 0.0359375 0.00625 0.0171875
10 0.071875 0.3578125 0.0078125 0.01875
10 0.715625 0.3578125 0.00703125 0.01875
10 0.8046875 0.359375 0.00625 0.01328125
5 0.7921875 0.359375 0.00546875 0.0140625
5 0.81640625 0.36015625 0.0046875 0.01484375
10 0.81015625 0.36015625 0.00390625 0.0140625
10 0.7859375 0.36015625 0.00546875 0.0171875
10 0.821875 0.36015625 0.00546875 0.0140625
5 0.7984375 0.3609375 0.00625 0.01640625
10 0.828125 0.36171875 0.00625 0.01796875
5 0.51640625 0.36640625 0.0125 0.00625
5 0.515625 0.375 0.01171875 0.0078125
10 0.88046875 0.3765625 0.0109375 0.00625
10 0.71640625 0.3765625 0.00703125 0.01796875
10 0.5765625 0.37734375 0.0109375 0.00859375
5 0.81015625 0.378125 0.0046875 0.01328125
5 0.821875 0.378125 0.00390625 0.01484375
5 0.79921875 0.37890625 0.0046875 0.01171875
5 0.78828125 0.37890625 0.00390625 0.015625
5 0.79375 0.37890625 0.00546875 0.01328125
5 0.81640625 0.37890625 0.00546875 0.01328125
10 0.8046875 0.37890625 0.0046875 0.01484375
5 0.5625 0.37890625 0.01015625 0.00859375
10 0.8296875 0.3796875 0.0078125 0.01875
5 0.6734375 0.38359375 0.009375 0.0078125
5 0.65078125 0.384375 0.00859375 0.00625
5 0.8796875 0.384375 0.01171875 0.00859375
5 0.74140625 0.38671875 0.0125 0.0078125
10 0.659375 0.3875 0.0046875 0.01171875
5 0.57578125 0.3875 0.01015625 0.00703125
5 0.67265625 0.390625 0.009375 0.00703125
5 0.65078125 0.390625 0.009375 0.00703125
10 0.57578125 0.39453125 0.009375 0.00703125
10 0.4734375 0.39765625 0.0125 0.01015625
10 0.48828125 0.40546875 0.0125 0.01015625
5 0.45625 0.40625 0.0078125 0.01640625
12 0.471875 0.04140625 0.19921875 0.0375
5 0.3703125 0.41796875 0.00703125 0.0140625
5 0.3796875 0.41796875 0.0078125 0.0140625
5 0.36328125 0.41796875 0.0046875 0.01171875
10 0.35390625 0.41796875 0.003125 0.01328125
5 0.940625 0.0421875 0.01171875 0.0078125
5 0.35703125 0.41875 0.00703125 0.01328125
10 0.34765625 0.41953125 0.00625 0.015625
5 0.45625 0.42265625 0.0046875 0.01484375
12 0.2515625 0.0421875 0.1546875 0.0453125
10 0.90390625 0.04296875 0.0125 0.00625
10 0.65703125 0.04375 0.00703125 0.015625
5 0.09765625 0.4359375 0.00546875 0.01328125
5 0.09296875 0.4359375 0.00390625 0.01328125
10 0.65078125 0.04375 0.00546875 0.01328125
10 0.0984375 0.453125 0.0046875 0.01640625
5 0.0921875 0.45234375 0.00625 0.0140625
10 0.47265625 0.4671875 0.0109375 0.00546875
5 0.59921875 0.04765625 0.00625 0.0125
5 0.10234375 0.47109375 0.01171875 0.01015625
10 0.47265625 0.484375 0.0125 0.00859375
5 0.60546875 0.05 0.00546875 0.015625
7 0.053125 0.496875 0.0515625 0.05234375
12 0.60234375 0.50078125 0.03125 0.3421875
10 0.9046875 0.05078125 0.0109375 0.00703125
5 0.57578125 0.50703125 0.00859375 0.00703125
5 0.1515625 0.0515625 0.0046875 0.0140625
5 0.15703125 0.0515625 0.00546875 0.0140625
5 0.57578125 0.51484375 0.009375 0.00703125