7 0.3875 0.70625 0.06875 0.03203125
10 0.3890625 0.75859375 0.05546875 0.05546875
7 0.38515625 0.80546875 0.0640625 0.02578125
10 0.203125 0.83046875 0.0734375 0.034375
10 0.20625 0.88515625 0.07578125 0.05546875
10 0.175 0.1328125 0.06875 0.05859375
10 0.2828125 0.1375 0.06015625 0.053125
7 0.41484375 0.18984375 0.05625 0.0328125
10 0.48515625 0.2046875 0.046875 0.0359375
10 0.6984375 0.21875 0.08359375 0.06328125
5 0.81015625 0.21953125 0.05625 0.02578125
5 0.88671875 0.265625 0.06953125 0.02265625
10 0.69375 0.284375 0.0875 0.0671875
10 0.49609375 0.29140625 0.08359375 0.06171875
10 0.89609375 0.3078125 0.08828125 0.0625
5 0.890625 0.3578125 0.0703125 0.03046875
5 0.4078125 0.40703125 0.06640625 0.03125
10 0.57890625 0.4265625 0.053125 0.075
5 0.3515625 0.428125 0.0546875 0.01796875
5 0.1328125 0.490625 0.0421875 0.028125
10 0.8640625 0.53359375 0.04765625 0.0359375
10 0.74453125 0.53984375 0.04140625 0.028125
5 0.753125 0.54921875 0.0734375 0.021875
5 0.2921875 0.55234375 0.05625 0.02890625
5 0.23125 0.571875 0.05703125 0.0296875
5 0.653125 0.58203125 0.071875 0.0609375
10 0.8140625 0.6140625 0.240625 0.109375
10 0.39140625 0.64453125 0.06953125 0.05703125