10 0.67734375 0.85390625 0.015625 0.021875
10 0.51953125 0.85703125 0.01171875 0.0234375
10 0.53515625 0.8578125 0.01328125 0.01953125
10 0.50625 0.85859375 0.0140625 0.021875
10 0.22890625 0.85859375 0.01171875 0.0234375
10 0.17578125 0.86015625 0.009375 0.0234375
10 0.21328125 0.8609375 0.009375 0.02421875
10 0.30703125 0.8609375 0.0125 0.01953125
10 0.14609375 0.86171875 0.0125 0.02421875
10 0.340625 0.8625 0.0109375 0.02421875
10 0.58203125 0.87734375 0.01953125 0.01796875
10 0.56015625 0.878125 0.02265625 0.01640625
10 0.31328125 0.909375 0.0359375 0.04609375
10 0.21328125 0.91171875 0.0375 0.046875
10 0.1578125 0.91171875 0.03984375 0.053125
0 0.36875 0.925 0.0625 0.06015625
10 0.4140625 0.94609375 0.0234375 0.0171875
0 0.06953125 0.396875 0.04453125 0.05703125
10 0.08515625 0.4375 0.01171875 0.021875
10 0.05546875 0.4375 0.0125 0.021875
10 0.06796875 0.4703125 0.040625 0.040625
5 0.57421875 0.53125 0.0125 0.02734375
5 0.52109375 0.5390625 0.00546875 0.01640625
5 0.5359375 0.540625 0.0109375 0.015625
5 0.459375 0.540625 0.00703125 0.01953125
10 0.4046875 0.5421875 0.01328125 0.01953125
5 0.446875 0.5421875 0.00546875 0.0171875
5 0.509375 0.54296875 0.01328125 0.021875
5 0.55390625 0.54296875 0.0125 0.01875
10 0.496875 0.54375 0.0125 0.0234375
10 0.43125 0.54375 0.01328125 0.02109375
10 0.4734375 0.5453125 0.0125 0.02578125
10 0.57265625 0.5625 0.01171875 0.01953125
10 0.540625 0.5625 0.02109375 0.0109375
5 0.6140625 0.56796875 0.01171875 0.02109375
5 0.05703125 0.56953125 0.0125 0.02109375
10 0.24765625 0.57109375 0.01328125 0.0234375
10 0.70234375 0.57109375 0.01015625 0.0234375
5 0.68984375 0.57109375 0.009375 0.01953125
10 0.07265625 0.57109375 0.0140625 0.0234375
10 0.6578125 0.57109375 0.0078125 0.01953125
5 0.675 0.571875 0.0171875 0.0234375
10 0.271875 0.571875 0.02109375 0.021875
10 0.1859375 0.57265625 0.01015625 0.0234375
5 0.09140625 0.584375 0.01015625 0.0203125
5 0.13203125 0.59296875 0.01171875 0.01875
5 0.09296875 0.60625 0.009375 0.01796875
10 0.39609375 0.6109375 0.01796875 0.01484375
5 0.60625 0.6171875 0.01484375 0.02734375
5 0.61953125 0.61796875 0.015625 0.025
5 0.58984375 0.61953125 0.01015625 0.0265625
5 0.1328125 0.6265625 0.01171875 0.02421875
10 0.09296875 0.63125 0.01328125 0.025
5 0.6953125 0.63203125 0.01640625 0.01484375
5 0.66953125 0.63359375 0.02109375 0.01015625
5 0.62109375 0.6421875 0.01171875 0.02734375
5 0.5140625 0.64375 0.01015625 0.02109375
5 0.60546875 0.64375 0.01171875 0.02421875
5 0.56328125 0.64375 0.01328125 0.01953125
10 0.634375 0.64375 0.0109375 0.01640625
5 0.5421875 0.64375 0.01328125 0.0171875
5 0.5921875 0.64453125 0.01171875 0.02109375
5 0.578125 0.64453125 0.0109375 0.01953125
10 0.39453125 0.6484375 0.01875 0.01484375
5 0.69609375 0.6484375 0.0203125 0.01171875
5 0.471875 0.65 0.01796875 0.00859375
5 0.11953125 0.65078125 0.01953125 0.01328125
10 0.66875 0.65078125 0.01953125 0.009375
10 0.096875 0.65078125 0.0234375 0.01484375
10 0.13984375 0.65078125 0.01953125 0.01484375
5 0.6953125 0.66171875 0.0171875 0.01328125
10 0.13984375 0.665625 0.0203125 0.01875
5 0.47265625 0.66640625 0.01953125 0.01328125
10 0.096875 0.66640625 0.0234375 0.015625
5 0.11875 0.66875 0.01875 0.01015625
5 0.4734375 0.68046875 0.02109375 0.01171875
5 0.11875 0.684375 0.01484375 0.01640625
10 0.09765625 0.6859375 0.0234375 0.01640625
10 0.8625 0.7015625 0.0125 0.025
5 0.11796875 0.70390625 0.0203125 0.01171875
10 0.0984375 0.7046875 0.01953125 0.01171875
10 0.39765625 0.70546875 0.0234375 0.0109375
0 0.26796875 0.70859375 0.2359375 0.2515625
10 0.8875 0.71015625 0.03125 0.04375
5 0.4734375 0.71875 0.01875 0.01171875
5 0.84296875 0.721875 0.01328125 0.02421875
10 0.0984375 0.72109375 0.01953125 0.01484375
5 0.11875 0.7234375 0.01796875 0.015625
10 0.0984375 0.7375 0.01953125 0.0125
5 0.13828125 0.740625 0.0203125 0.01328125
5 0.8421875 0.74609375 0.0125 0.0234375
10 0.471875 0.74609375 0.021875 0.0171875
0 0.57734375 0.75078125 0.16171875 0.175
10 0.39453125 0.75390625 0.02109375 0.015625
10 0.13828125 0.75546875 0.0171875 0.01328125
5 0.096875 0.75625 0.0171875 0.01171875
10 0.86484375 0.7859375 0.015625 0.02421875
5 0.76953125 0.80078125 0.021875 0.01171875
5 0.76875 0.8171875 0.021875 0.015625
5 0.7890625 0.8171875 0.02109375 0.0125
0 0.42734375 0.821875 0.07734375 0.0640625
5 0.834375 0.8296875 0.0109375 0.02109375
10 0.84765625 0.8296875 0.0125 0.0234375
10 0.8625 0.8296875 0.01015625 0.021875
10 0.4765625 0.8375 0.0125 0.01953125
10 0.88671875 0.8421875 0.028125 0.03984375