5 0.64765625 0.1109375 0.00390625 0.0234375
7 0.653125 0.1125 0.003125 0.015625
10 0.35390625 0.1125 0.00390625 0.02109375
5 0.34921875 0.11328125 0.003125 0.02265625
5 0.659375 0.1125 0.00390625 0.0234375
5 0.36328125 0.11328125 0.003125 0.0203125
5 0.6375 0.11328125 0.0015625 0.015625
7 0.31953125 0.11328125 0.0171875 0.05
5 0.35859375 0.11484375 0.003125 0.0203125
5 0.34296875 0.11484375 0.00625 0.0109375
5 0.5578125 0.11640625 0.003125 0.02421875
5 0.5625 0.11953125 0.0015625 0.0234375
10 0.3875 0.125 0.003125 0.02265625
5 0.3796875 0.125 0.0015625 0.01796875
5 0.38359375 0.125 0.0015625 0.01796875
5 0.34375 0.12890625 0.00625 0.00859375
7 0.63984375 0.134375 0.003125 0.009375
5 0.65625 0.1359375 0.003125 0.0203125
5 0.40546875 0.13828125 0.00234375 0.02265625
5 0.65078125 0.13828125 0.003125 0.02109375
5 0.37578125 0.13828125 0.0015625 0.0203125
5 0.40078125 0.13828125 0.0015625 0.02265625
5 0.4203125 0.1390625 0.003125 0.02265625
10 0.5421875 0.13828125 0.003125 0.02578125
5 0.646875 0.13828125 0.003125 0.02578125
10 0.41640625 0.13984375 0.0015625 0.02265625
10 0.52890625 0.1421875 0.00546875 0.01171875
5 0.57109375 0.1421875 0.003125 0.01796875
5 0.66015625 0.1421875 0.00234375 0.02265625
5 0.56796875 0.14296875 0.00234375 0.0171875
5 0.56328125 0.14375 0.003125 0.01484375
10 0.35 0.14609375 0.003125 0.0203125
5 0.3453125 0.146875 0.003125 0.01953125
5 0.34140625 0.14765625 0.00234375 0.02265625
5 0.3875 0.146875 0.00234375 0.01484375
10 0.07421875 0.15 0.00234375 0.02265625
10 0.29296875 0.15 0.009375 0.01484375
5 0.0703125 0.15 0.00234375 0.02421875
5 0.078125 0.15 0.00234375 0.02421875
5 0.67109375 0.15 0.0015625 0.02109375
5 0.08359375 0.15078125 0.00390625 0.0265625
5 0.3953125 0.15078125 0.00234375 0.015625
5 0.13515625 0.1515625 0.00390625 0.02578125
5 0.9578125 0.1515625 0.0046875 0.02265625
5 0.13046875 0.1515625 0.0046875 0.02734375
5 0.2015625 0.15234375 0.003125 0.0234375
10 0.19296875 0.153125 0.003125 0.02265625
5 0.19765625 0.153125 0.003125 0.02109375
5 0.1890625 0.153125 0.003125 0.0234375
7 0.4109375 0.1546875 0.0046875 0.009375
10 0.06484375 0.15703125 0.003125 0.03515625
5 0.6390625 0.16015625 0.00234375 0.02265625
5 0.65625 0.159375 0.0015625 0.01484375
5 0.64375 0.1609375 0.00234375 0.01953125
5 0.53359375 0.1609375 0.0015625 0.01484375
5 0.94453125 0.1625 0.003125 0.02421875
5 0.52734375 0.16171875 0.00234375 0.0171875
5 0.37578125 0.1625 0.00234375 0.01796875
5 0.41796875 0.16328125 0.00703125 0.01484375
5 0.653125 0.1625 0.003125 0.01796875
5 0.38359375 0.1640625 0.00234375 0.0171875
7 0.62421875 0.1640625 0.0046875 0.0125
5 0.6640625 0.16484375 0.00546875 0.00859375
5 0.3796875 0.16484375 0.00234375 0.02109375
5 0.63046875 0.16796875 0.00234375 0.0234375
10 0.3078125 0.16875 0.0109375 0.02265625
5 0.63671875 0.16953125 0.0046875 0.02109375
5 0.2515625 0.17265625 0.00390625 0.0234375
5 0.2484375 0.1734375 0.00234375 0.02578125
0 0.36171875 0.17421875 0.00703125 0.07109375
5 0.090625 0.17421875 0.00546875 0.04375
10 0.8046875 0.175 0.00546875 0.0109375
5 0.39140625 0.17421875 0.003125 0.01796875
5 0.14375 0.175 0.00625 0.04609375
5 0.3875 0.17578125 0.00234375 0.02109375
5 0.1328125 0.1765625 0.01328125 0.015625
5 0.209375 0.1765625 0.00625 0.0390625
5 0.675 0.17734375 0.0015625 0.015625
5 0.9578125 0.178125 0.003125 0.0171875
5 0.6515625 0.17734375 0.0046875 0.01171875
5 0.3953125 0.178125 0.00234375 0.02109375
5 0.4015625 0.178125 0.00234375 0.01953125
5 0.6640625 0.18203125 0.00546875 0.0125
5 0.41015625 0.184375 0.003125 0.0234375
5 0.41484375 0.18515625 0.003125 0.0203125
10 0.5171875 0.18515625 0.003125 0.0234375
5 0.46171875 0.18515625 0.00234375 0.0171875
5 0.471875 0.18671875 0.003125 0.0234375
5 0.46484375 0.18671875 0.00234375 0.01953125
5 0.525 0.18671875 0.0015625 0.0171875
5 0.6796875 0.1875 0.003125 0.0234375
10 0.3796875 0.18828125 0.00234375 0.015625
5 0.521875 0.18828125 0.003125 0.02265625
5 0.95234375 0.18828125 0.003125 0.02109375
5 0.63125 0.18984375 0.003125 0.01484375
5 0.62734375 0.1890625 0.003125 0.0140625
5 0.534375 0.19140625 0.003125 0.02734375
5 0.4296875 0.19296875 0.0015625 0.0203125
5 0.4328125 0.19296875 0.003125 0.01953125
5 0.43671875 0.19453125 0.0015625 0.01953125
5 0.440625 0.19453125 0.003125 0.0171875
0 0.278125 0.196875 0.00625 0.0328125
7 0.58046875 0.196875 0.003125 0.015625
5 0.58671875 0.19765625 0.00390625 0.0203125
5 0.60390625 0.1984375 0.00234375 0.02265625
5 0.5296875 0.1984375 0.00234375 0.02265625
5 0.6 0.19921875 0.0015625 0.0234375
5 0.45390625 0.2 0.003125 0.01953125
5 0.57265625 0.19921875 0.003125 0.02109375
5 0.53984375 0.2015625 0.00234375 0.0234375
5 0.59140625 0.2015625 0.00234375 0.02890625
5 0.5953125 0.2015625 0.00234375 0.02890625
5 0.3078125 0.2015625 0.00546875 0.0109375
5 0.33203125 0.20390625 0.003125 0.0265625
5 0.02578125 0.20390625 0.00625 0.04375
5 0.5125 0.20546875 0.003125 0.02109375
5 0.32734375 0.20703125 0.003125 0.02421875
5 0.95859375 0.20703125 0.0015625 0.015625
5 0.41484375 0.2078125 0.00234375 0.02109375
5 0.5171875 0.21015625 0.003125 0.01796875
5 0.45703125 0.2109375 0.003125 0.01953125
5 0.671875 0.2109375 0.00234375 0.02109375
5 0.67890625 0.21171875 0.003125 0.0234375
5 0.44921875 0.21328125 0.0015625 0.0234375
10 0.14375 0.21328125 0.003125 0.02578125
5 0.98203125 0.21328125 0.003125 0.01953125
5 0.9625 0.21328125 0.00234375 0.02265625
10 0.090625 0.21328125 0.00390625 0.0234375
10 0.3796875 0.2140625 0.0015625 0.01953125
5 0.96796875 0.21328125 0.00234375 0.0203125
5 0.634375 0.21484375 0.0015625 0.02109375
5 0.63046875 0.21484375 0.0015625 0.0203125
10 0.20859375 0.21484375 0.00390625 0.02734375
7 0.6234375 0.21640625 0.00390625 0.01171875
7 0.56640625 0.21640625 0.0046875 0.01796875
5 0.46484375 0.2171875 0.00234375 0.02109375
5 0.30859375 0.2171875 0.00625 0.0125
5 0.94375 0.2171875 0.003125 0.0171875
7 0.115625 0.21796875 0.015625 0.06484375
5 0.46171875 0.21796875 0.00234375 0.02109375
7 0.16875 0.21953125 0.0125 0.053125
5 0.42890625 0.21953125 0.00234375 0.01953125
7 0.409375 0.21953125 0.003125 0.01484375
7 0.05 0.22109375 0.01640625 0.0671875
5 0.4328125 0.2203125 0.00234375 0.01953125
0 0.65234375 0.22109375 0.021875 0.0390625
5 0.440625 0.221875 0.00234375 0.015625
7 0.234375 0.221875 0.01484375 0.0671875
5 0.53671875 0.225 0.00234375 0.015625
5 0.5609375 0.225 0.0015625 0.02421875
10 0.71171875 0.225 0.00546875 0.046875
10 0.453125 0.22578125 0.0015625 0.02109375
10 0.2921875 0.22578125 0.003125 0.02578125
5 0.35234375 0.22578125 0.00859375 0.0125
5 0.29765625 0.2265625 0.00234375 0.0203125
5 0.53203125 0.2265625 0.00234375 0.02109375
5 0.57265625 0.2265625 0.0015625 0.01953125
0 0.4890625 0.2265625 0.01796875 0.0703125
5 0.28828125 0.228125 0.0046875 0.02109375
10 0.7390625 0.228125 0.00703125 0.04296875
5 0.94765625 0.228125 0.0015625 0.0203125
10 0.4703125 0.22890625 0.00234375 0.02578125
10 0.79296875 0.2296875 0.0046875 0.04296875
7 0.42109375 0.2296875 0.003125 0.0125
10 0.8484375 0.23125 0.00546875 0.03828125
10 0.78046875 0.23046875 0.01875 0.05859375
5 0.415625 0.23125 0.00234375 0.01796875
5 0.5140625 0.23359375 0.00546875 0.0109375
10 0.8359375 0.23359375 0.01796875 0.05625
5 0.97421875 0.2359375 0.00859375 0.0140625
10 0.81015625 0.23671875 0.0171875 0.0546875
5 0.5796875 0.2375 0.00234375 0.02109375
5 0.59140625 0.2375 0.00234375 0.0234375
5 0.58359375 0.23828125 0.0015625 0.0234375
5 0.5875 0.23828125 0.0015625 0.02578125
5 0.671875 0.2390625 0.003125 0.02265625
5 0.9828125 0.23984375 0.003125 0.0203125
5 0.67578125 0.23984375 0.0015625 0.01484375
10 0.43125 0.24140625 0.00703125 0.01796875
5 0.94296875 0.24140625 0.003125 0.0203125
5 0.9640625 0.2421875 0.00234375 0.03125
7 0.59921875 0.24296875 0.00390625 0.01484375
5 0.6046875 0.24453125 0.00390625 0.02265625
10 0.025 0.24453125 0.00390625 0.0265625
5 0.33125 0.2453125 0.00234375 0.0265625
10 0.40859375 0.2484375 0.00390625 0.02734375
5 0.36484375 0.25 0.003125 0.02265625
5 0.634375 0.25078125 0.00234375 0.015625
5 0.51484375 0.2515625 0.0015625 0.01953125
5 0.5109375 0.2515625 0.003125 0.02421875
5 0.51953125 0.2515625 0.00234375 0.0203125
5 0.63046875 0.253125 0.0015625 0.0171875
5 0.5234375 0.253125 0.003125 0.02265625
5 0.2671875 0.2546875 0.003125 0.0234375
5 0.528125 0.25546875 0.00234375 0.0234375
5 0.378125 0.25625 0.00234375 0.02265625
5 0.95234375 0.25546875 0.0015625 0.0171875
5 0.38671875 0.25625 0.003125 0.02265625
5 0.390625 0.25703125 0.00234375 0.02109375
5 0.95546875 0.25703125 0.00234375 0.015625
10 0.46875 0.25859375 0.0046875 0.0296875
5 0.975 0.26171875 0.003125 0.01796875
10 0.4640625 0.26171875 0.003125 0.02421875
5 0.58359375 0.26484375 0.00234375 0.01796875
5 0.2984375 0.26484375 0.0015625 0.02109375
5 0.303125 0.26640625 0.003125 0.02578125
5 0.30703125 0.26796875 0.00234375 0.0203125
5 0.39609375 0.26953125 0.00234375 0.02109375
5 0.59921875 0.271875 0.00703125 0.015625
5 0.33203125 0.2734375 0.003125 0.0140625
10 0.51171875 0.27421875 0.00546875 0.009375
7 0.53984375 0.27421875 0.003125 0.01796875
5 0.36875 0.275 0.003125 0.02265625
5 0.53125 0.275 0.00625 0.01171875
5 0.65234375 0.27578125 0.003125 0.0234375
10 0.6578125 0.2765625 0.003125 0.02265625
5 0.66171875 0.2765625 0.0015625 0.02578125
10 0.6421875 0.27734375 0.00390625 0.02421875
5 0.54921875 0.278125 0.00234375 0.0265625
5 0.26640625 0.28046875 0.003125 0.01171875
7 0.51875 0.28125 0.0046875 0.01484375
5 0.5453125 0.28125 0.003125 0.0296875
10 0.50546875 0.28359375 0.00234375 0.02109375
10 0.75234375 0.28359375 0.00390625 0.0234375
5 0.7484375 0.284375 0.00234375 0.01484375
5 0.4953125 0.284375 0.00234375 0.02578125
5 0.5015625 0.284375 0.0015625 0.02109375
5 0.76015625 0.28515625 0.00234375 0.02265625
5 0.75625 0.28515625 0.00234375 0.02109375
5 0.9 0.28671875 0.003125 0.01796875
5 0.8953125 0.2875 0.003125 0.02109375
5 0.8875 0.2875 0.00390625 0.01953125
5 0.51171875 0.2875 0.0046875 0.00859375
10 0.8921875 0.28828125 0.003125 0.0234375
5 0.94921875 0.28984375 0.003125 0.02265625
5 0.95390625 0.28984375 0.00234375 0.0171875
5 0.3 0.2921875 0.00390625 0.0171875
5 0.96484375 0.2953125 0.00234375 0.03515625
5 0.96953125 0.2984375 0.003125 0.02890625
5 0.97421875 0.3 0.0015625 0.01953125
5 0.703125 0.30546875 0.0046875 0.03828125
5 0.8125 0.30625 0.003125 0.015625
5 0.76953125 0.3078125 0.00625 0.03828125
5 0.8078125 0.30859375 0.00234375 0.0203125
5 0.8421875 0.30859375 0.00546875 0.0359375
5 0.909375 0.31171875 0.0046875 0.04375
10 0.38203125 0.31640625 0.00390625 0.02734375
5 0.38671875 0.31953125 0.00234375 0.01953125
5 0.36015625 0.3203125 0.00234375 0.01796875
10 0.4828125 0.3203125 0.00390625 0.0203125
10 0.46875 0.3203125 0.003125 0.02578125
5 0.51484375 0.3203125 0.003125 0.0296875
10 0.534375 0.3203125 0.00390625 0.02421875
5 0.4875 0.32265625 0.00390625 0.01953125
10 0.62421875 0.32265625 0.0046875 0.0296875
10 0.51953125 0.32265625 0.00390625 0.02578125
10 0.365625 0.3234375 0.0046875 0.02890625
5 0.61796875 0.32265625 0.003125 0.02578125
10 0.6390625 0.325 0.00546875 0.034375
10 0.703125 0.3453125 0.003125 0.02578125
7 0.72734375 0.3453125 0.0109375 0.04765625
7 0.86796875 0.34609375 0.01171875 0.05546875
10 0.31640625 0.346875 0.00234375 0.02578125
5 0.32109375 0.346875 0.003125 0.02109375
10 0.76875 0.3484375 0.00234375 0.02109375
5 0.325 0.34921875 0.003125 0.01953125
7 0.53515625 0.34921875 0.00234375 0.0125
10 0.909375 0.3484375 0.00234375 0.02265625
10 0.84296875 0.35 0.00390625 0.02890625
5 0.5078125 0.35234375 0.003125 0.02890625
7 0.7953125 0.35234375 0.0125 0.0609375
5 0.46484375 0.35390625 0.00390625 0.03203125
7 0.934375 0.3546875 0.0140625 0.05078125
5 0.35546875 0.35390625 0.00390625 0.03515625
5 0.61484375 0.3546875 0.00546875 0.03203125
5 0.5265625 0.35546875 0.00859375 0.0140625
5 0.4734375 0.35703125 0.00625 0.02734375
5 0.4078125 0.3578125 0.003125 0.0234375
5 0.43359375 0.3578125 0.003125 0.02109375
10 0.4296875 0.3578125 0.00390625 0.01953125
10 0.403125 0.3578125 0.00390625 0.02109375
5 0.63125 0.36015625 0.00625 0.0125
10 0.559375 0.3609375 0.003125 0.02578125
10 0.5890625 0.36015625 0.003125 0.02421875
5 0.56328125 0.3609375 0.003125 0.0234375
5 0.59375 0.36328125 0.003125 0.02734375
5 0.37265625 0.3671875 0.0078125 0.01171875
0 0.303125 0.37578125 0.01015625 0.0625
5 0.3171875 0.37890625 0.00390625 0.02578125
5 0.321875 0.3921875 0.003125 0.02109375
5 0.32578125 0.39375 0.00234375 0.02265625
10 0.065625 0.409375 0.0078125 0.04375
10 0.05625 0.40859375 0.00703125 0.046875
10 0.3609375 0.4140625 0.0015625 0.02890625
5 0.35 0.4140625 0.003125 0.0234375
10 0.33671875 0.41484375 0.003125 0.02421875
10 0.34609375 0.4140625 0.00390625 0.02578125
5 0.37578125 0.415625 0.00234375 0.0171875
10 0.37890625 0.4140625 0.00234375 0.01953125
10 0.37109375 0.415625 0.003125 0.02109375
10 0.38359375 0.415625 0.00234375 0.02421875
5 0.40703125 0.41640625 0.003125 0.02109375
10 0.4640625 0.41640625 0.00234375 0.01953125
5 0.39375 0.4171875 0.0046875 0.02890625
10 0.41484375 0.4171875 0.003125 0.02578125
10 0.49375 0.4171875 0.003125 0.02421875
10 0.45859375 0.4171875 0.003125 0.02109375
5 0.50625 0.4171875 0.00234375 0.0234375
10 0.44453125 0.41796875 0.003125 0.02421875
10 0.478125 0.41796875 0.003125 0.02265625
5 0.4375 0.41875 0.00390625 0.02578125
10 0.4484375 0.41875 0.00234375 0.02578125
10 0.4015625 0.41875 0.0046875 0.02734375
10 0.55859375 0.41875 0.00546875 0.0296875
10 0.4328125 0.41875 0.0046875 0.0234375
5 0.56328125 0.41875 0.00234375 0.02578125
5 0.47421875 0.41875 0.00234375 0.0234375
10 0.32109375 0.41953125 0.00234375 0.01953125
5 0.4546875 0.41875 0.003125 0.02421875
10 0.51015625 0.41875 0.003125 0.02421875
5 0.52578125 0.41875 0.00234375 0.02421875
5 0.325 0.41953125 0.00234375 0.02109375
10 0.515625 0.41953125 0.00234375 0.02109375
5 0.425 0.4203125 0.0046875 0.0265625
10 0.534375 0.4203125 0.00234375 0.02265625
10 0.59296875 0.4203125 0.00390625 0.02578125
10 0.5203125 0.4203125 0.003125 0.02109375
10 0.571875 0.42109375 0.0046875 0.0265625
5 0.55 0.4203125 0.0046875 0.0296875
5 0.59765625 0.42109375 0.003125 0.02421875
10 0.5390625 0.421875 0.00234375 0.02578125
10 0.5296875 0.421875 0.00234375 0.02578125
10 0.5671875 0.421875 0.00234375 0.02578125
5 0.6109375 0.42265625 0.003125 0.02578125
10 0.6203125 0.42265625 0.003125 0.02578125
5 0.63046875 0.42265625 0.00234375 0.02734375
10 0.6015625 0.42265625 0.003125 0.02578125
10 0.60546875 0.42421875 0.003125 0.02578125
10 0.625 0.42421875 0.00234375 0.0328125
5 0.58515625 0.42578125 0.00546875 0.0328125
10 0.615625 0.42578125 0.003125 0.02890625
10 0.63515625 0.425 0.00234375 0.02578125
10 0.9578125 0.43125 0.00546875 0.03828125
10 0.9671875 0.43359375 0.00703125 0.040625
10 0.30859375 0.06640625 0.015625 0.0234375
5 0.575 0.0859375 0.0046875 0.0140625
10 0.10234375 0.09453125 0.00625 0.04765625
10 0.13125 0.09453125 0.00546875 0.046875
10 0.17265625 0.0953125 0.01640625 0.0546875
10 0.11640625 0.0953125 0.0171875 0.0609375
10 0.15859375 0.09765625 0.00625 0.04375
10 0.14453125 0.09765625 0.01640625 0.0578125
10 0.21484375 0.0984375 0.00703125 0.04609375
10 0.27109375 0.09921875 0.00625 0.04375
5 0.575 0.1 0.00546875 0.0109375
5 0.6421875 0.1015625 0.003125 0.02421875
7 0.63125 0.10234375 0.003125 0.02109375