10 0.94375 0.5859375 0.1125 0.1765625
10 0.6921875 0.59375 0.04921875 0.06953125
10 0.25234375 0.06484375 0.01796875 0.05859375
10 0.296875 0.06796875 0.01953125 0.06015625
10 0.3765625 0.67109375 0.04296875 0.071875
10 0.6765625 0.67265625 0.04921875 0.0640625
10 0.32421875 0.0703125 0.01640625 0.05390625
10 0.3234375 0.70859375 0.03125 0.04765625
5 0.840625 0.709375 0.021875 0.0328125
10 0.2328125 0.72265625 0.025 0.04140625
10 0.52265625 0.73125 0.021875 0.10859375
10 0.5984375 0.74296875 0.04296875 0.0671875
10 0.38828125 0.7421875 0.04296875 0.0640625
5 0.64609375 0.75859375 0.01171875 0.06640625
10 0.68828125 0.76953125 0.03359375 0.0390625
10 0.946875 0.771875 0.10390625 0.17734375
5 0.73984375 0.77421875 0.0203125 0.0390625
5 0.55234375 0.7765625 0.01875 0.04609375
5 0.8 0.7828125 0.0234375 0.040625
10 0.09765625 0.81640625 0.01953125 0.025
10 0.18984375 0.86484375 0.0296875 0.040625
10 0.18671875 0.9359375 0.03046875 0.03828125
5 0.621875 0.13046875 0.0265625 0.01640625
10 0.925 0.1625 0.01796875 0.025
5 0.13671875 0.20390625 0.03125 0.01953125
5 0.1671875 0.22734375 0.03359375 0.021875
10 0.22578125 0.428125 0.0265625 0.0359375
10 0.3421875 0.44375 0.01875 0.01953125
10 0.24921875 0.45703125 0.0265625 0.0421875
10 0.64375 0.5 0.0203125 0.0484375