10 0.76640625 0.90859375 0.028125 0.009375
10 0.8 0.90859375 0.028125 0.009375
10 0.11875 0.10546875 0.03359375 0.0171875
10 0.11953125 0.1234375 0.03203125 0.0078125
10 0.11796875 0.140625 0.03046875 0.0109375
10 0.6078125 0.153125 0.03203125 0.0140625
10 0.6953125 0.15546875 0.0359375 0.0125
10 0.753125 0.15625 0.03359375 0.0140625
10 0.11875 0.15625 0.03203125 0.01171875
5 0.3953125 0.1609375 0.01484375 0.0234375
5 0.36171875 0.1609375 0.01484375 0.02109375
5 0.37734375 0.16171875 0.01484375 0.02421875
10 0.45 0.16328125 0.03203125 0.0140625
10 0.4890625 0.1640625 0.03515625 0.015625
5 0.4109375 0.1640625 0.01484375 0.028125
10 0.53203125 0.1640625 0.0359375 0.01640625
10 0.825 0.19609375 0.03515625 0.01328125
5 0.71953125 0.2015625 0.015625 0.0234375
5 0.734375 0.2015625 0.01484375 0.02421875
10 0.5578125 0.20234375 0.015625 0.02421875
5 0.59140625 0.20234375 0.01484375 0.02265625
5 0.65078125 0.203125 0.0171875 0.02734375
5 0.575 0.203125 0.015625 0.021875
10 0.62578125 0.203125 0.021875 0.0234375
10 0.69375 0.20390625 0.0203125 0.0265625
5 0.78359375 0.2046875 0.015625 0.0265625
10 0.76328125 0.20390625 0.0171875 0.02734375
5 0.66875 0.20390625 0.01796875 0.02734375
5 0.79765625 0.20390625 0.015625 0.025
5 0.3640625 0.22265625 0.01484375 0.02421875
5 0.38125 0.22265625 0.015625 0.0265625
5 0.4890625 0.2234375 0.03203125 0.0171875
5 0.528125 0.2234375 0.0296875 0.0140625
5 0.45 0.22421875 0.03359375 0.01328125
5 0.2984375 0.24921875 0.015625 0.02265625
10 0.2609375 0.2671875 0.01484375 0.025
5 0.24453125 0.26875 0.01484375 0.02421875
10 0.2796875 0.26875 0.015625 0.025
5 0.13828125 0.27109375 0.0125 0.021875
5 0.1875 0.271875 0.0171875 0.0234375
5 0.17265625 0.27265625 0.01484375 0.025
5 0.15546875 0.271875 0.01484375 0.02421875
10 0.80859375 0.28125 0.028125 0.0125
5 0.70625 0.28671875 0.015625 0.02421875
0 0.75546875 0.28984375 0.0625 0.03515625
0 0.865625 0.28984375 0.06796875 0.03515625
5 0.25859375 0.28984375 0.0328125 0.0125
5 0.809375 0.29453125 0.03046875 0.01171875
5 0.2328125 0.296875 0.015625 0.0234375
5 0.1015625 0.3015625 0.01484375 0.021875
5 0.17109375 0.303125 0.01328125 0.0234375
5 0.15625 0.30390625 0.01328125 0.02265625
10 0.80859375 0.30859375 0.03046875 0.0140625
5 0.74453125 0.3234375 0.03046875 0.0125
10 0.2671875 0.33046875 0.0328125 0.015625
10 0.31015625 0.33203125 0.0296875 0.015625
10 0.34375 0.33203125 0.03203125 0.01328125
10 0.74453125 0.33828125 0.0296875 0.0125
5 0.390625 0.33828125 0.01484375 0.02734375
5 0.075 0.35078125 0.01484375 0.02265625
5 0.0921875 0.3515625 0.0171875 0.02421875
5 0.11015625 0.3515625 0.0171875 0.02421875
5 0.246875 0.3515625 0.01484375 0.02421875
5 0.26484375 0.3515625 0.01328125 0.02265625
5 0.33671875 0.3515625 0.01484375 0.02265625
5 0.74453125 0.3515625 0.028125 0.01171875
5 0.2828125 0.3515625 0.015625 0.02265625
5 0.31875 0.35234375 0.01484375 0.0234375
5 0.30234375 0.353125 0.01484375 0.0234375
5 0.3546875 0.353125 0.0171875 0.025
10 0.4109375 0.36484375 0.01796875 0.0265625
10 0.44609375 0.36640625 0.0171875 0.025
10 0.74453125 0.3671875 0.03046875 0.0125
10 0.3890625 0.36875 0.01796875 0.0234375
0 0.20703125 0.371875 0.0453125 0.05234375
10 0.37265625 0.375 0.01484375 0.02421875
10 0.2640625 0.37890625 0.0171875 0.02421875
10 0.2453125 0.3796875 0.015625 0.02421875
7 0.1 0.3796875 0.028125 0.02890625
10 0.31796875 0.38125 0.01796875 0.02734375
10 0.28359375 0.38046875 0.015625 0.02421875
10 0.29921875 0.38046875 0.0171875 0.02265625
7 0.06796875 0.38125 0.025 0.02734375
10 0.33671875 0.38125 0.01484375 0.02421875
10 0.35546875 0.38203125 0.0171875 0.02421875
10 0.5671875 0.3890625 0.03046875 0.0125
5 0.09140625 0.4171875 0.015625 0.01953125
5 0.1796875 0.41796875 0.0125 0.021875
5 0.07421875 0.41796875 0.01484375 0.021875
5 0.16484375 0.41796875 0.015625 0.02421875
5 0.19453125 0.41796875 0.01328125 0.02421875
5 0.22421875 0.41796875 0.01484375 0.0265625
5 0.209375 0.41953125 0.01328125 0.02421875
5 0.128125 0.41875 0.015625 0.0234375
5 0.109375 0.41875 0.01484375 0.0234375
5 0.146875 0.41953125 0.01328125 0.02265625
10 0.26171875 0.42109375 0.03046875 0.0125
10 0.503125 0.42890625 0.03203125 0.0140625
10 0.2625 0.4390625 0.0296875 0.01328125
10 0.50390625 0.44609375 0.0328125 0.0125
5 0.16328125 0.44765625 0.0171875 0.02734375
7 0.03984375 0.44921875 0.02578125 0.02734375
7 0.07265625 0.45 0.0234375 0.025
10 0.50390625 0.4609375 0.03046875 0.01328125
5 0.25859375 0.46328125 0.03046875 0.0140625
10 0.22421875 0.46328125 0.028125 0.015625
10 0.7734375 0.46875 0.03203125 0.0140625
5 0.20078125 0.48046875 0.03046875 0.0125
5 0.0796875 0.48359375 0.01484375 0.0265625
5 0.0609375 0.48359375 0.015625 0.0234375
5 0.25859375 0.484375 0.03046875 0.01171875
5 0.89375 0.49296875 0.0296875 0.01328125
10 0.1484375 0.4953125 0.0328125 0.01328125
10 0.5046875 0.4953125 0.02734375 0.0140625
5 0.19921875 0.4953125 0.02734375 0.0125
10 0.2609375 0.49921875 0.028125 0.0140625
0 0.38046875 0.5015625 0.18359375 0.19375
5 0.57265625 0.5046875 0.01484375 0.02421875
5 0.1875 0.509375 0.0296875 0.0109375
10 0.50546875 0.51015625 0.03046875 0.01171875
10 0.146875 0.51171875 0.03203125 0.0140625
5 0.0609375 0.5140625 0.015625 0.02265625
5 0.07890625 0.5140625 0.01484375 0.0234375
10 0.25703125 0.515625 0.03046875 0.01171875
7 0.890625 0.515625 0.0296875 0.03125
10 0.59453125 0.52109375 0.02578125 0.0125
10 0.1875 0.52421875 0.03203125 0.015625
10 0.146875 0.52734375 0.03359375 0.015625
5 0.5953125 0.534375 0.028125 0.01015625
5 0.1859375 0.53984375 0.03046875 0.0109375
10 0.49921875 0.5421875 0.03203125 0.0140625
10 0.259375 0.5421875 0.02578125 0.0109375
10 0.6921875 0.54375 0.03203125 0.01328125
10 0.14765625 0.54453125 0.028125 0.0140625
10 0.7734375 0.54453125 0.028125 0.0140625
7 0.8734375 0.5484375 0.02734375 0.028125
10 0.6078125 0.5484375 0.0296875 0.01328125
10 0.8984375 0.54921875 0.01796875 0.02421875
5 0.18671875 0.5546875 0.03203125 0.01171875
10 0.259375 0.56171875 0.0296875 0.0125
10 0.18671875 0.56875 0.0296875 0.01171875
12 0.95546875 0.5703125 0.0890625 0.1125
5 0.490625 0.5734375 0.015625 0.025
10 0.89921875 0.57734375 0.01328125 0.02421875
5 0.865625 0.578125 0.0171875 0.02265625
5 0.8828125 0.578125 0.0125 0.02265625
5 0.490625 0.60546875 0.015625 0.025
10 0.88359375 0.60625 0.01328125 0.02265625
5 0.865625 0.60625 0.015625 0.025
10 0.90078125 0.60703125 0.01484375 0.02265625
10 0.45859375 0.6125 0.0171875 0.0265625
10 0.3109375 0.6265625 0.01796875 0.021875
10 0.36875 0.62734375 0.01796875 0.0265625
10 0.38828125 0.62734375 0.01796875 0.028125
10 0.434375 0.62734375 0.01796875 0.025
5 0.8265625 0.66796875 0.028125 0.0125
10 0.0765625 0.67265625 0.0609375 0.04453125
5 0.72578125 0.675 0.01484375 0.0234375
5 0.7078125 0.675 0.015625 0.021875
7 0.86171875 0.6765625 0.03203125 0.02421875
10 0.7984375 0.678125 0.01796875 0.0265625
5 0.8265625 0.68359375 0.0296875 0.0125
10 0.621875 0.68515625 0.01484375 0.02109375
10 0.60390625 0.6875 0.015625 0.025
5 0.11796875 0.68828125 0.01484375 0.025
0 0.76328125 0.68984375 0.04609375 0.05859375
12 0.9546875 0.69140625 0.05859375 0.11171875
5 0.825 0.696875 0.02578125 0.01171875
5 0.6375 0.69921875 0.0171875 0.025
5 0.7265625 0.7015625 0.01953125 0.025
5 0.690625 0.7015625 0.01484375 0.02421875
5 0.70859375 0.7015625 0.01484375 0.02421875
7 0.6671875 0.70390625 0.03046875 0.0296875
7 0.8625 0.70390625 0.03046875 0.02265625
5 0.609375 0.70546875 0.03046875 0.01171875
10 0.7984375 0.70625 0.015625 0.02421875
5 0.8265625 0.71171875 0.03046875 0.01171875
10 0.0546875 0.71484375 0.0453125 0.03984375
10 0.12265625 0.71875 0.01953125 0.028125
5 0.6625 0.725 0.02578125 0.01015625
10 0.6625 0.740625 0.028125 0.0125
0 0.61875 0.7453125 0.05 0.05625
10 0.05390625 0.75234375 0.01953125 0.02890625
5 0.6625 0.7546875 0.028125 0.0109375
5 0.10703125 0.75546875 0.01484375 0.02734375
5 0.090625 0.75625 0.01328125 0.0265625
5 0.66171875 0.76640625 0.0296875 0.01328125
5 0.6609375 0.78125 0.028125 0.01328125
5 0.05390625 0.7828125 0.01484375 0.02421875
5 0.08828125 0.78359375 0.01328125 0.0234375
5 0.07109375 0.78359375 0.01328125 0.021875
5 0.58671875 0.79140625 0.01328125 0.021875
5 0.603125 0.7921875 0.01328125 0.02421875
7 0.62578125 0.79296875 0.028125 0.028125
10 0.6609375 0.79609375 0.03203125 0.0125
5 0.07109375 0.81171875 0.01328125 0.02421875
10 0.0515625 0.8125 0.01484375 0.025
5 0.08828125 0.8125 0.015625 0.0234375
0 0.7921875 0.81328125 0.16484375 0.13359375
10 0.65859375 0.82265625 0.03046875 0.01328125
5 0.65859375 0.83828125 0.02734375 0.01015625
5 0.0703125 0.840625 0.01484375 0.02265625
5 0.08828125 0.84140625 0.01328125 0.0234375
5 0.053125 0.84140625 0.015625 0.02421875
5 0.6296875 0.86328125 0.01484375 0.02265625
5 0.66796875 0.8875 0.0125 0.02109375
5 0.63046875 0.88828125 0.0125 0.021875
5 0.6484375 0.8875 0.0125 0.02109375