10 0.65390625 0.228125 0.0609375 0.034375
10 0.24375 0.23359375 0.07734375 0.18125
10 0.4265625 0.23359375 0.07734375 0.1453125
10 0.490625 0.2359375 0.04765625 0.1953125
10 0.9046875 0.240625 0.0140625 0.0953125
10 0.88828125 0.24375 0.015625 0.08828125
5 0.5296875 0.25703125 0.028125 0.025
5 0.63515625 0.2765625 0.01171875 0.05859375
5 0.584375 0.27578125 0.01484375 0.065625
5 0.59921875 0.2796875 0.0140625 0.0703125
0 0.32734375 0.2859375 0.0734375 0.21796875
5 0.53046875 0.290625 0.02578125 0.02734375
5 0.71171875 0.31484375 0.0109375 0.05859375
5 0.7265625 0.32109375 0.0109375 0.065625
10 0.43203125 0.321875 0.05859375 0.0359375
10 0.54609375 0.36875 0.01328125 0.075
10 0.58125 0.3765625 0.01328125 0.06328125
5 0.6375 0.37890625 0.0109375 0.06328125
5 0.609375 0.37734375 0.0109375 0.065625
5 0.62265625 0.3796875 0.0078125 0.05234375
5 0.5953125 0.38125 0.0078125 0.06328125
5 0.78046875 0.38203125 0.025 0.03828125
5 0.7046875 0.4125 0.0140625 0.06328125
10 0.7203125 0.4125 0.0078125 0.06328125
5 0.25390625 0.4328125 0.02578125 0.05
10 0.284375 0.446875 0.03046875 0.040625
10 0.3703125 0.46015625 0.08671875 0.13125
5 0.7796875 0.475 0.03046875 0.0796875
10 0.7 0.4796875 0.03671875 0.0296875
5 0.503125 0.48515625 0.03515625 0.040625
0 0.26796875 0.51015625 0.0953125 0.090625
10 0.70078125 0.51796875 0.03203125 0.034375
5 0.50234375 0.528125 0.0359375 0.040625
5 0.7765625 0.57265625 0.0265625 0.034375
0 0.596875 0.57734375 0.1296875 0.27890625
10 0.69921875 0.57578125 0.0375 0.040625
10 0.5046875 0.58828125 0.0375 0.05234375
10 0.35 0.59765625 0.0703125 0.13359375
10 0.409375 0.61640625 0.04453125 0.0546875
5 0.078125 0.63125 0.0265625 0.04296875
5 0.11015625 0.63359375 0.028125 0.04765625
5 0.8109375 0.65625 0.0296875 0.0296875
10 0.27734375 0.6609375 0.08046875 0.17890625
10 0.51015625 0.6609375 0.015625 0.075
10 0.8578125 0.67265625 0.03203125 0.03828125
0 0.159375 0.68671875 0.053125 0.16796875
5 0.35859375 0.68671875 0.01484375 0.07734375
10 0.18828125 0.6890625 0.01484375 0.06796875
10 0.203125 0.69140625 0.0109375 0.07265625
5 0.37578125 0.69140625 0.01328125 0.07734375
10 0.21875 0.69296875 0.0109375 0.075
0 0.4234375 0.721875 0.0625 0.15625
10 0.11328125 0.740625 0.0265625 0.03828125
5 0.8109375 0.74296875 0.028125 0.0203125
10 0.61484375 0.76328125 0.015625 0.0703125
5 0.54921875 0.76640625 0.01015625 0.06796875
5 0.59140625 0.76640625 0.00859375 0.05859375
10 0.57890625 0.7671875 0.01015625 0.065625
10 0.703125 0.76875 0.01328125 0.08125
5 0.66484375 0.76875 0.01328125 0.07265625
5 0.85546875 0.07734375 0.02578125 0.0546875
5 0.496875 0.771875 0.01796875 0.075
10 0.51953125 0.771875 0.021875 0.075
5 0.56484375 0.77109375 0.01484375 0.06328125
10 0.63046875 0.77109375 0.01171875 0.07265625
5 0.5359375 0.77109375 0.0078125 0.0546875
5 0.68359375 0.7734375 0.0140625 0.08125
10 0.646875 0.77421875 0.01328125 0.0703125
10 0.13515625 0.79609375 0.02421875 0.03203125
10 0.19765625 0.7984375 0.0296875 0.040625
10 0.1640625 0.82578125 0.0296875 0.0359375
5 0.621875 0.8359375 0.028125 0.04296875
10 0.5921875 0.834375 0.02578125 0.0359375
10 0.6515625 0.8390625 0.0296875 0.0359375
5 0.55 0.85625 0.01171875 0.065625
5 0.1640625 0.86015625 0.03046875 0.04765625
10 0.5359375 0.859375 0.0109375 0.07734375
5 0.565625 0.86171875 0.01328125 0.06328125
7 0.65234375 0.11015625 0.10234375 0.19765625
10 0.28828125 0.13359375 0.02265625 0.06796875
5 0.53828125 0.16015625 0.0359375 0.0609375
10 0.58125 0.1625 0.01953125 0.075
5 0.85 0.165625 0.0328125 0.040625