5 0.44921875 0.115625 0.0109375 0.0328125
10 0.51640625 0.12265625 0.021875 0.01328125
5 0.14765625 0.1234375 0.021875 0.0125
12 0.1421875 0.01328125 0.15546875 0.02578125
10 0.4796875 0.12421875 0.03203125 0.01484375
10 0.6265625 0.13046875 0.015625 0.0484375
10 0.6046875 0.13046875 0.015625 0.0484375
0 0.18125 0.134375 0.03671875 0.03359375
5 0.14765625 0.13515625 0.0234375 0.0109375
5 0.51796875 0.134375 0.01953125 0.01015625
12 0.70234375 0.0140625 0.165625 0.028125
10 0.57109375 0.01484375 0.0375 0.02109375
5 0.04453125 0.140625 0.00859375 0.0296875
5 0.06015625 0.140625 0.009375 0.0296875
5 0.14765625 0.146875 0.02265625 0.0125
10 0.24453125 0.15078125 0.021875 0.0109375
10 0.72265625 0.15234375 0.0296875 0.01796875
5 0.75234375 0.15234375 0.021875 0.01328125
10 0.30703125 0.15234375 0.021875 0.01328125
10 0.10546875 0.1546875 0.00859375 0.028125
10 0.67578125 0.1546875 0.0203125 0.05078125
10 0.54609375 0.15703125 0.021875 0.01328125
5 0.1484375 0.16015625 0.021875 0.01328125
10 0.2453125 0.16484375 0.03984375 0.01328125
12 0.45390625 0.01796875 0.115625 0.0359375
5 0.196875 0.16953125 0.009375 0.03046875
5 0.1484375 0.175 0.021875 0.01328125
10 0.54609375 0.175 0.0203125 0.0109375
5 0.81953125 0.1765625 0.00703125 0.028125
10 0.80859375 0.17734375 0.00859375 0.0296875
5 0.7515625 0.17734375 0.0234375 0.0125
10 0.72265625 0.17734375 0.03203125 0.01953125
5 0.17890625 0.178125 0.0234375 0.0109375
10 0.14765625 0.1875 0.0203125 0.0109375
5 0.546875 0.19296875 0.02265625 0.015625
10 0.56875 0.19296875 0.009375 0.03046875
10 0.775 0.19765625 0.00859375 0.0296875
5 0.6984375 0.196875 0.0109375 0.03046875
10 0.72265625 0.2015625 0.03203125 0.0203125
5 0.75234375 0.2015625 0.02265625 0.0125
12 0.96015625 0.203125 0.04453125 0.24765625
7 0.31015625 0.20703125 0.025 0.04140625
10 0.54609375 0.21484375 0.02109375 0.0125
10 0.621875 0.2234375 0.02578125 0.0109375
5 0.596875 0.2234375 0.01953125 0.0109375
5 0.64609375 0.2234375 0.02265625 0.0125
10 0.5734375 0.225 0.02109375 0.0125
5 0.62109375 0.2375 0.0234375 0.01484375
5 0.59609375 0.23828125 0.02265625 0.0125
10 0.7125 0.2390625 0.021875 0.015625
5 0.71328125 0.25703125 0.02265625 0.01328125
5 0.51640625 0.265625 0.00859375 0.03046875
5 0.5265625 0.265625 0.0078125 0.03046875
5 0.53515625 0.2671875 0.00859375 0.0296875
5 0.83359375 0.2765625 0.0109375 0.03125
10 0.8203125 0.284375 0.01328125 0.04296875
5 0.3828125 0.290625 0.00859375 0.02734375
5 0.36484375 0.290625 0.0078125 0.0296875
5 0.37421875 0.2921875 0.0078125 0.0296875
10 0.83984375 0.2984375 0.021875 0.0109375
10 0.853125 0.3140625 0.0234375 0.01484375
10 0.83203125 0.32421875 0.009375 0.03046875
5 0.8203125 0.325 0.0109375 0.0296875
10 0.61796875 0.034375 0.00859375 0.03046875
0 0.76171875 0.34375 0.08515625 0.0609375
10 0.6078125 0.03515625 0.0078125 0.02734375
10 0.5984375 0.0359375 0.00859375 0.0296875
10 0.93984375 0.3515625 0.03359375 0.01484375
10 0.7078125 0.359375 0.0078125 0.02734375
0 0.18828125 0.36171875 0.08359375 0.065625
5 0.32421875 0.3640625 0.01953125 0.0109375
5 0.9359375 0.36640625 0.021875 0.01328125
5 0.32421875 0.3765625 0.0203125 0.0109375
0 0.87890625 0.38125 0.0671875 0.1046875
10 0.3234375 0.3890625 0.0203125 0.0109375
10 0.06796875 0.39453125 0.00703125 0.0296875
0 0.109375 0.3984375 0.05 0.1046875
10 0.95703125 0.40390625 0.034375 0.03359375
10 0.53515625 0.04140625 0.01953125 0.04921875
7 0.70546875 0.41796875 0.0296875 0.03046875
5 0.2890625 0.41796875 0.02265625 0.01015625
5 0.2484375 0.43671875 0.02109375 0.0125
5 0.2890625 0.43828125 0.02109375 0.01328125
5 0.32421875 0.44375 0.021875 0.0125
10 0.2296875 0.4453125 0.009375 0.0296875
5 0.2484375 0.4515625 0.02109375 0.0125
5 0.28984375 0.45234375 0.02109375 0.0109375
5 0.32421875 0.45625 0.021875 0.0125
10 0.77734375 0.465625 0.009375 0.03125
10 0.80703125 0.4765625 0.0328125 0.0125
5 0.32421875 0.4765625 0.021875 0.01328125
10 0.04921875 0.48125 0.0234375 0.01328125
12 0.70546875 0.4828125 0.03984375 0.028125
5 0.0296875 0.48984375 0.009375 0.03046875
10 0.05703125 0.50078125 0.040625 0.025
5 0.325 0.50390625 0.02265625 0.0109375
5 0.2890625 0.5046875 0.021875 0.0125
5 0.2421875 0.50703125 0.02265625 0.01328125
0 0.51640625 0.5109375 0.32578125 0.30078125
5 0.2890625 0.5171875 0.02265625 0.01328125
5 0.2421875 0.51953125 0.02265625 0.0109375
5 0.71015625 0.52109375 0.0109375 0.03125
5 0.69921875 0.5203125 0.0109375 0.0328125
0 0.14140625 0.521875 0.05078125 0.08984375
5 0.32421875 0.52734375 0.0203125 0.01328125
10 0.24296875 0.5328125 0.02265625 0.0125
5 0.28984375 0.53984375 0.02265625 0.0125
5 0.571875 0.0546875 0.01171875 0.0375
5 0.584375 0.05546875 0.009375 0.0359375
5 0.32421875 0.5453125 0.021875 0.01328125
5 0.28984375 0.55234375 0.02109375 0.0109375
5 0.325 0.5578125 0.02265625 0.0109375
10 0.6921875 0.559375 0.0109375 0.03046875
5 0.325 0.56875 0.02265625 0.01015625
10 0.20234375 0.0578125 0.02109375 0.0125
10 0.7328125 0.5765625 0.009375 0.03046875
5 0.325 0.58125 0.02265625 0.0125
5 0.7796875 0.05859375 0.02265625 0.0109375
5 0.02265625 0.58984375 0.01796875 0.0484375
5 0.72734375 0.059375 0.0234375 0.0125
5 0.703125 0.059375 0.0203125 0.0109375
5 0.75390625 0.06015625 0.021875 0.0125
0 0.23203125 0.60703125 0.046875 0.09140625
5 0.465625 0.06171875 0.02109375 0.0109375
5 0.72109375 0.609375 0.00859375 0.028125
5 0.73203125 0.609375 0.0109375 0.03046875
5 0.48984375 0.0640625 0.0234375 0.0125
0 0.16015625 0.621875 0.0828125 0.059375
0 0.06015625 0.625 0.0203125 0.0375
5 0.09765625 0.0640625 0.00859375 0.0296875
5 0.10703125 0.0640625 0.0078125 0.02734375
5 0.1265625 0.06484375 0.009375 0.028125
5 0.11640625 0.065625 0.009375 0.02734375
5 0.15625 0.06484375 0.0078125 0.02578125
5 0.17578125 0.065625 0.0078125 0.02578125
5 0.69140625 0.64375 0.02265625 0.01328125
0 0.8796875 0.64609375 0.04609375 0.10390625
5 0.18515625 0.065625 0.00703125 0.02578125
5 0.146875 0.065625 0.0078125 0.025
5 0.68984375 0.6609375 0.02265625 0.01015625
5 0.42734375 0.0671875 0.0234375 0.0125
5 0.1640625 0.06796875 0.0078125 0.025
5 0.01875 0.665625 0.00859375 0.03046875
0 0.06171875 0.6671875 0.02109375 0.0359375
5 0.68984375 0.675 0.02265625 0.0125
5 0.2796875 0.7 0.009375 0.0296875
5 0.26953125 0.70078125 0.009375 0.03046875
12 0.01875 0.71484375 0.028125 0.05625
0 0.7703125 0.715625 0.12578125 0.15703125
5 0.31015625 0.07265625 0.01171875 0.03046875
5 0.3546875 0.0734375 0.0109375 0.03125
12 0.9625 0.72734375 0.04375 0.18046875
0 0.2421875 0.73046875 0.040625 0.071875
5 0.32421875 0.07265625 0.0109375 0.03046875
5 0.29921875 0.07421875 0.01171875 0.03046875
5 0.28046875 0.0734375 0.0109375 0.0296875
5 0.34140625 0.07421875 0.01171875 0.0328125
5 0.275 0.7578125 0.009375 0.03125
0 0.88046875 0.7625 0.04609375 0.11015625
10 0.584375 0.76953125 0.0078125 0.028125
5 0.575 0.76875 0.009375 0.0296875
5 0.56484375 0.76953125 0.009375 0.03046875
5 0.38125 0.77265625 0.021875 0.0125
5 0.3453125 0.77265625 0.02109375 0.0125
5 0.21015625 0.07890625 0.0359375 0.0203125
5 0.246875 0.78359375 0.02890625 0.01328125
0 0.17890625 0.7828125 0.03515625 0.028125
10 0.84453125 0.07890625 0.02265625 0.01328125
5 0.3671875 0.81796875 0.021875 0.01015625
10 0.40546875 0.8171875 0.0234375 0.0109375
10 0.334375 0.81796875 0.02109375 0.01015625
10 0.05625 0.82109375 0.021875 0.0125
10 0.84296875 0.82421875 0.0109375 0.0296875
10 0.82578125 0.8265625 0.02265625 0.0125
12 0.02421875 0.82890625 0.04296875 0.14296875
10 0.796875 0.83046875 0.00859375 0.02578125
5 0.7765625 0.83125 0.00859375 0.02734375
10 0.7859375 0.83125 0.0109375 0.02734375
5 0.73828125 0.83203125 0.009375 0.0296875
10 0.76640625 0.83203125 0.00859375 0.02734375
10 0.728125 0.83203125 0.00859375 0.0296875
10 0.75703125 0.8328125 0.00859375 0.0296875
10 0.71875 0.8328125 0.009375 0.0296875
10 0.74765625 0.8328125 0.00859375 0.0296875
10 0.05546875 0.83984375 0.02109375 0.0109375
10 0.68828125 0.84453125 0.0390625 0.02265625
0 0.8828125 0.85 0.0578125 0.06328125
5 0.78515625 0.8546875 0.021875 0.0109375
5 0.40859375 0.8546875 0.0203125 0.009375
10 0.94453125 0.859375 0.040625 0.0234375
10 0.4265625 0.8796875 0.00859375 0.0296875
5 0.8046875 0.8796875 0.04765625 0.02265625
10 0.65234375 0.0890625 0.0078125 0.02734375
10 0.3953125 0.89140625 0.021875 0.01328125
10 0.36796875 0.89296875 0.02109375 0.01328125
5 0.53828125 0.01015625 0.021875 0.01328125
5 0.39765625 0.09140625 0.0109375 0.0296875
10 0.72265625 0.90234375 0.0234375 0.01484375
5 0.76328125 0.91171875 0.0109375 0.0296875
5 0.74609375 0.9125 0.009375 0.03046875
7 0.421875 0.0921875 0.03359375 0.0359375
10 0.6703125 0.09375 0.01875 0.0515625
10 0.728125 0.09375 0.0203125 0.0515625
12 0.65234375 0.94609375 0.11015625 0.1
12 0.86171875 0.946875 0.12421875 0.1015625
10 0.77890625 0.09375 0.0203125 0.053125
10 0.75625 0.09609375 0.0203125 0.0515625
10 0.70234375 0.0953125 0.0203125 0.05078125
0 0.75703125 0.95078125 0.0265625 0.03984375
12 0.3546875 0.96015625 0.21953125 0.0515625
10 0.87734375 0.1046875 0.0421875 0.02734375
7 0.0515625 0.10703125 0.0328125 0.03359375
5 0.17109375 0.10859375 0.025 0.0109375