5 0.59609375 0.16796875 0.0203125 0.01640625
0 0.72265625 0.16796875 0.03671875 0.04921875
5 0.67109375 0.16875 0.009375 0.0328125
5 0.32890625 0.01875 0.02109375 0.01953125
5 0.88828125 0.18515625 0.009375 0.0328125
5 0.90234375 0.18671875 0.009375 0.0296875
5 0.87421875 0.1875 0.01015625 0.034375
5 0.9171875 0.1875 0.01015625 0.03125
5 0.59765625 0.19453125 0.01796875 0.01640625
10 0.2453125 0.20390625 0.0171875 0.01640625
5 0.6640625 0.20390625 0.0203125 0.02265625
10 0.221875 0.20546875 0.0171875 0.01640625
10 0.13359375 0.20546875 0.0328125 0.0703125
5 0.628125 0.22109375 0.0171875 0.01484375
5 0.596875 0.221875 0.01796875 0.01640625
10 0.234375 0.22890625 0.0171875 0.01640625
5 0.665625 0.23046875 0.021875 0.025
10 0.715625 0.2390625 0.01171875 0.0296875
10 0.75078125 0.23984375 0.009375 0.03125
5 0.6453125 0.240625 0.00859375 0.0390625
5 0.73515625 0.24140625 0.01171875 0.034375
5 0.57890625 0.24140625 0.009375 0.0296875
10 0.69609375 0.24140625 0.0125 0.03125
5 0.596875 0.2484375 0.01640625 0.01640625
5 0.9171875 0.2515625 0.009375 0.03125
5 0.88828125 0.25078125 0.01015625 0.0328125
10 0.08046875 0.2515625 0.01953125 0.01953125
5 0.8734375 0.2515625 0.01171875 0.034375
5 0.90390625 0.253125 0.0125 0.03125
5 0.35078125 0.028125 0.01015625 0.0328125
10 0.23359375 0.26875 0.01796875 0.01796875
10 0.19453125 0.2703125 0.0171875 0.01484375
5 0.59765625 0.2734375 0.01953125 0.01796875
5 0.6359375 0.27421875 0.0171875 0.01953125
10 0.2328125 0.2953125 0.0171875 0.01484375
10 0.19453125 0.29609375 0.01796875 0.01640625
5 0.596875 0.29921875 0.01796875 0.01640625
5 0.140625 0.03203125 0.01015625 0.03125
10 0.21015625 0.03359375 0.01171875 0.03125
10 0.23203125 0.3234375 0.01953125 0.01640625
5 0.7109375 0.325 0.01015625 0.0328125
5 0.7421875 0.32578125 0.01171875 0.034375
5 0.7265625 0.32578125 0.01171875 0.034375
5 0.68046875 0.32734375 0.01015625 0.034375
10 0.57109375 0.328125 0.0203125 0.01796875
5 0.596875 0.328125 0.0203125 0.01796875
10 0.1546875 0.0328125 0.009375 0.0328125
5 0.76171875 0.3328125 0.01953125 0.01796875
5 0.78828125 0.3328125 0.01953125 0.01796875
5 0.96171875 0.34375 0.0203125 0.01953125
5 0.596875 0.35546875 0.02109375 0.01796875
10 0.25625 0.35546875 0.01953125 0.01484375
10 0.21796875 0.35625 0.0171875 0.01953125
5 0.66171875 0.36953125 0.01484375 0.0375
10 0.23359375 0.38125 0.01796875 0.01640625
7 0.96484375 0.38359375 0.01328125 0.0359375
5 0.71953125 0.38671875 0.021875 0.01796875
5 0.175 0.0390625 0.0203125 0.02109375
10 0.234375 0.409375 0.01953125 0.01640625
10 0.17109375 0.44140625 0.00859375 0.03125
10 0.12109375 0.44375 0.009375 0.03125
10 0.57890625 0.44453125 0.01796875 0.01796875
7 0.96484375 0.45 0.01171875 0.034375
10 0.72421875 0.475 0.01015625 0.03125
10 0.26171875 0.47578125 0.01171875 0.0328125
10 0.94140625 0.496875 0.01015625 0.0328125
5 0.971875 0.50234375 0.01171875 0.0375
5 0.95625 0.50546875 0.01171875 0.03125
10 0.72421875 0.51953125 0.01015625 0.0296875
10 0.17265625 0.5234375 0.01015625 0.028125
5 0.9703125 0.5421875 0.01015625 0.03125
5 0.95625 0.5421875 0.009375 0.03125
10 0.57109375 0.55859375 0.01796875 0.02265625
5 0.32890625 0.05859375 0.02109375 0.01796875
10 0.71953125 0.578125 0.01953125 0.01953125
5 0.94921875 0.5828125 0.0203125 0.01953125
5 0.97109375 0.58828125 0.01015625 0.0328125
10 0.171875 0.6015625 0.01171875 0.0359375
10 0.7203125 0.60390625 0.01953125 0.01640625
10 0.51640625 0.61875 0.01796875 0.01640625
10 0.45078125 0.63203125 0.0125 0.034375
10 0.32734375 0.6328125 0.0125 0.0328125
10 0.38984375 0.634375 0.0125 0.0296875
5 0.95625 0.64765625 0.01171875 0.0328125
5 0.03125 0.6546875 0.01015625 0.03125
5 0.046875 0.65703125 0.01015625 0.0328125
5 0.06171875 0.65703125 0.01015625 0.0359375
5 0.07734375 0.65703125 0.01171875 0.0359375
5 0.09296875 0.65703125 0.009375 0.0328125
10 0.17265625 0.6609375 0.01171875 0.0328125
5 0.26171875 0.6671875 0.01171875 0.0328125
5 0.28046875 0.66875 0.009375 0.0328125
10 0.1203125 0.68125 0.01640625 0.01640625
5 0.09375 0.69609375 0.009375 0.03125
5 0.21953125 0.70078125 0.01171875 0.034375
10 0.2578125 0.70078125 0.0203125 0.01953125
5 0.23828125 0.7015625 0.01015625 0.0328125
10 0.79765625 0.70234375 0.01796875 0.01640625
5 0.2 0.70234375 0.0125 0.034375
10 0.12109375 0.70703125 0.01796875 0.01640625
10 0.875 0.715625 0.01015625 0.03125
10 0.859375 0.7171875 0.0125 0.03125
10 0.03125 0.7203125 0.01015625 0.03125
5 0.578125 0.075 0.015625 0.01953125
5 0.790625 0.76171875 0.01015625 0.03125
10 0.15625 0.07890625 0.009375 0.0328125
10 0.8515625 0.7796875 0.0578125 0.08828125
10 0.17734375 0.790625 0.0453125 0.0734375
10 0.2578125 0.7921875 0.01796875 0.01796875
5 0.1390625 0.08046875 0.01171875 0.0359375
10 0.61015625 0.08203125 0.034375 0.05390625
5 0.6765625 0.08203125 0.0125 0.0328125
10 0.5578125 0.08359375 0.01015625 0.0359375
10 0.2140625 0.8265625 0.03046875 0.05078125
5 0.78984375 0.83125 0.0125 0.0328125
10 0.915625 0.83359375 0.03828125 0.0703125
10 0.96640625 0.84921875 0.04609375 0.08671875
5 0.17578125 0.0859375 0.01953125 0.01640625
5 0.10625 0.0859375 0.0203125 0.01953125
10 0.5265625 0.86328125 0.01171875 0.03125
10 0.509375 0.865625 0.009375 0.0296875
10 0.134375 0.865625 0.01796875 0.02109375
7 0.803125 0.86796875 0.01328125 0.0375
5 0.55859375 0.8765625 0.01015625 0.03125
5 0.53671875 0.09140625 0.01796875 0.01484375
10 0.92578125 0.909375 0.03515625 0.0640625
10 0.74609375 0.09453125 0.01171875 0.03125
5 0.47109375 0.096875 0.01171875 0.0328125
5 0.6328125 0.096875 0.0078125 0.0359375
5 0.45625 0.09609375 0.0125 0.03125
10 0.32734375 0.096875 0.009375 0.0296875
10 0.35703125 0.0984375 0.01015625 0.0296875
10 0.34140625 0.09765625 0.00859375 0.034375
10 0.37578125 0.0984375 0.01015625 0.0296875
10 0.4375 0.103125 0.01015625 0.0328125
5 0.5765625 0.10390625 0.01953125 0.01640625
10 0.5046875 0.1046875 0.009375 0.0296875
5 0.30625 0.10546875 0.01953125 0.01953125
10 0.88828125 0.11953125 0.01015625 0.0359375
10 0.9171875 0.1203125 0.01015625 0.0375
10 0.903125 0.121875 0.0125 0.03125
10 0.87265625 0.12109375 0.01015625 0.0359375
10 0.86015625 0.121875 0.00859375 0.0375
5 0.64921875 0.12265625 0.021875 0.02109375
10 0.22578125 0.13125 0.0078125 0.0328125
5 0.57265625 0.13203125 0.01328125 0.03125
10 0.5578125 0.1359375 0.01015625 0.0328125
5 0.596875 0.14140625 0.0203125 0.01796875
10 0.2453125 0.1421875 0.01796875 0.01640625
10 0.08671875 0.14375 0.0296875 0.05859375