10 0.2234375 0.18984375 0.00390625 0.0515625
5 0.2171875 0.19140625 0.003125 0.04765625
10 0.52265625 0.19296875 0.009375 0.0265625
10 0.5328125 0.19453125 0.009375 0.02265625
10 0.54296875 0.1953125 0.009375 0.02109375
5 0.4078125 0.2015625 0.003125 0.0515625
5 0.4 0.203125 0.003125 0.0515625
5 0.915625 0.21015625 0.009375 0.02265625
10 0.678125 0.21484375 0.00390625 0.0515625
10 0.68828125 0.215625 0.00390625 0.053125
10 0.6828125 0.215625 0.003125 0.05
5 0.57421875 0.21640625 0.00390625 0.04375
5 0.5796875 0.2203125 0.003125 0.0515625
10 0.80625 0.22109375 0.009375 0.02265625
10 0.8640625 0.22578125 0.00390625 0.04765625
10 0.85859375 0.22578125 0.00390625 0.04765625
10 0.86875 0.22578125 0.003125 0.04765625
10 0.95859375 0.228125 0.00390625 0.04765625
10 0.9640625 0.2296875 0.00390625 0.0515625
5 0.80625 0.25078125 0.009375 0.02109375
5 0.22265625 0.25390625 0.00390625 0.05
5 0.21796875 0.253125 0.00390625 0.0515625
10 0.55546875 0.26796875 0.009375 0.02109375
0 0.8203125 0.2671875 0.0125 0.12578125
5 0.94375 0.27109375 0.009375 0.02265625
5 0.9546875 0.27109375 0.009375 0.02265625
5 0.65 0.27421875 0.009375 0.02109375
10 0.4078125 0.2765625 0.0046875 0.05
5 0.80625 0.27578125 0.009375 0.02109375
5 0.7421875 0.28515625 0.003125 0.04765625
5 0.8796875 0.2859375 0.00859375 0.02265625
10 0.74765625 0.2875 0.00390625 0.0515625
5 0.903125 0.2875 0.00859375 0.02109375
5 0.753125 0.28828125 0.00390625 0.05
5 0.89140625 0.2875 0.009375 0.02109375
10 0.73828125 0.28828125 0.003125 0.05
10 0.5546875 0.29296875 0.0109375 0.0171875
5 0.65 0.2984375 0.009375 0.02109375
0 0.68203125 0.29765625 0.021875 0.0875
10 0.69765625 0.30078125 0.003125 0.05546875
5 0.6609375 0.3046875 0.00859375 0.0171875
10 0.57421875 0.30546875 0.003125 0.05
10 0.4 0.31171875 0.009375 0.025
10 0.9125 0.31875 0.00390625 0.05
5 0.9546875 0.31875 0.00859375 0.02265625
10 0.55546875 0.31953125 0.01015625 0.02109375
5 0.70859375 0.31875 0.003125 0.04609375
5 0.94375 0.31953125 0.009375 0.02109375
5 0.7046875 0.31953125 0.003125 0.04765625
5 0.65078125 0.3203125 0.009375 0.01875
5 0.71328125 0.32265625 0.00390625 0.05
10 0.36640625 0.321875 0.00390625 0.0515625
10 0.38203125 0.3234375 0.003125 0.0515625
10 0.37734375 0.3234375 0.003125 0.04765625
10 0.3265625 0.325 0.003125 0.0515625
10 0.3328125 0.32421875 0.003125 0.05
10 0.3390625 0.3265625 0.0046875 0.05
5 0.734375 0.32734375 0.00859375 0.0171875
5 0.6609375 0.32734375 0.009375 0.02109375
5 0.8796875 0.3375 0.00859375 0.01875
5 0.4328125 0.3375 0.00859375 0.01875
5 0.890625 0.3359375 0.00859375 0.01875
5 0.90234375 0.33671875 0.009375 0.02109375
10 0.39921875 0.3421875 0.009375 0.02109375
5 0.64921875 0.34453125 0.009375 0.0171875
10 0.55546875 0.34375 0.01015625 0.01875
5 0.73515625 0.35 0.009375 0.0171875
5 0.66015625 0.35078125 0.009375 0.01875
10 0.72265625 0.35234375 0.0046875 0.0515625
5 0.26953125 0.3546875 0.0078125 0.02265625
5 0.92734375 0.3609375 0.009375 0.01875
5 0.43203125 0.36328125 0.009375 0.0171875
10 0.24765625 0.3625 0.00859375 0.01875
10 0.55546875 0.3671875 0.01015625 0.02109375
5 0.12265625 0.36796875 0.009375 0.02265625
5 0.7484375 0.36796875 0.009375 0.01875
5 0.6984375 0.37421875 0.003125 0.05
5 0.26953125 0.37890625 0.01015625 0.02109375
10 0.29296875 0.38046875 0.009375 0.02109375
10 0.95234375 0.38046875 0.01015625 0.025
5 0.28046875 0.38046875 0.00859375 0.02109375
5 0.40859375 0.38203125 0.009375 0.02265625
5 0.10625 0.3828125 0.01015625 0.025
5 0.92734375 0.38515625 0.009375 0.01875
5 0.70390625 0.3875 0.003125 0.04609375
5 0.71328125 0.38828125 0.003125 0.0515625
5 0.70859375 0.390625 0.003125 0.0515625
5 0.71796875 0.390625 0.003125 0.04765625
10 0.73046875 0.39140625 0.00390625 0.05
10 0.7359375 0.39296875 0.00390625 0.05
5 0.49453125 0.3953125 0.009375 0.01875
10 0.55546875 0.3953125 0.009375 0.01875
5 0.23125 0.39609375 0.00859375 0.02109375
5 0.4625 0.39609375 0.009375 0.02109375
5 0.2421875 0.396875 0.00859375 0.01875
5 0.4734375 0.40234375 0.003125 0.05
10 0.58203125 0.4046875 0.003125 0.053125
10 0.59140625 0.40546875 0.003125 0.0515625
10 0.578125 0.40625 0.003125 0.05
10 0.59609375 0.40625 0.00390625 0.053125
10 0.5875 0.40546875 0.003125 0.0515625
7 0.48203125 0.4078125 0.0109375 0.059375
7 0.45 0.40625 0.0109375 0.05703125
10 0.5734375 0.4078125 0.003125 0.0515625
10 0.9109375 0.40859375 0.00625 0.08046875
5 0.40859375 0.409375 0.009375 0.02109375
5 0.28046875 0.409375 0.009375 0.025
5 0.74921875 0.41015625 0.00390625 0.05
10 0.67265625 0.4109375 0.009375 0.025
10 0.29296875 0.4109375 0.009375 0.02109375
5 0.11640625 0.4109375 0.01015625 0.025
5 0.74453125 0.4109375 0.00390625 0.04765625
10 0.66171875 0.4125 0.009375 0.01875
5 0.75390625 0.4125 0.003125 0.05
5 0.128125 0.4171875 0.009375 0.02890625
10 0.55546875 0.41953125 0.009375 0.01875
10 0.23125 0.41953125 0.009375 0.01875
10 0.2421875 0.42578125 0.009375 0.02265625
5 0.49375 0.42578125 0.009375 0.02265625
5 0.46171875 0.42578125 0.009375 0.0265625
7 0.878125 0.43125 0.0109375 0.05703125
5 0.25625 0.4359375 0.009375 0.02109375
12 0.35234375 0.43828125 0.1046875 0.16953125
5 0.28046875 0.43671875 0.009375 0.02265625
10 0.2921875 0.440625 0.009375 0.01875
10 0.8015625 0.44765625 0.0046875 0.04765625
5 0.80703125 0.44921875 0.00390625 0.04765625
10 0.40546875 0.44921875 0.00390625 0.0515625
5 0.49375 0.4515625 0.00859375 0.02109375
5 0.46171875 0.45234375 0.009375 0.01875
0 0.7859375 0.46484375 0.0203125 0.09375
7 0.45 0.46484375 0.01171875 0.05546875
5 0.4734375 0.4671875 0.003125 0.04609375
7 0.48203125 0.46875 0.0125 0.05546875
5 0.4625 0.48203125 0.009375 0.02109375
5 0.49453125 0.484375 0.009375 0.01875
5 0.65859375 0.48828125 0.003125 0.05
10 0.66328125 0.48984375 0.003125 0.04375
10 0.8875 0.490625 0.0046875 0.053125
5 0.809375 0.49140625 0.009375 0.0171875
7 0.8796875 0.4921875 0.01171875 0.053125
5 0.93828125 0.5015625 0.009375 0.01875
10 0.75390625 0.503125 0.009375 0.02109375
5 0.653125 0.50859375 0.003125 0.0515625
5 0.6484375 0.509375 0.003125 0.04609375
5 0.809375 0.51796875 0.009375 0.0171875
10 0.77109375 0.52265625 0.00859375 0.01875
10 0.9890625 0.52734375 0.00390625 0.04765625
10 0.98359375 0.52890625 0.003125 0.05
5 0.90078125 0.52890625 0.009375 0.01875
5 0.66015625 0.53125 0.00859375 0.02109375
10 0.75390625 0.53125 0.009375 0.02109375
5 0.7953125 0.5375 0.003125 0.04765625
10 0.790625 0.53828125 0.003125 0.053125
10 0.9421875 0.5375 0.0125 0.0328125
5 0.809375 0.54140625 0.00859375 0.02109375
7 0.821875 0.546875 0.0125 0.0515625
10 0.77109375 0.5484375 0.009375 0.02109375
10 0.77109375 0.57265625 0.009375 0.01875
10 0.925 0.5890625 0.0046875 0.0515625
10 0.65703125 0.5921875 0.009375 0.02109375
10 0.77109375 0.59921875 0.00859375 0.01875
10 0.790625 0.60078125 0.00390625 0.053125
5 0.7953125 0.60234375 0.00390625 0.0515625
5 0.83359375 0.60625 0.003125 0.04765625
10 0.54296875 0.6125 0.01015625 0.0265625
0 0.70625 0.61640625 0.07421875 0.28984375
10 0.65703125 0.61953125 0.009375 0.0171875
10 0.77109375 0.62421875 0.009375 0.01875
7 0.8421875 0.62578125 0.00859375 0.06484375
10 0.59765625 0.628125 0.0140625 0.034375
10 0.94921875 0.628125 0.00390625 0.053125
10 0.96484375 0.62890625 0.00390625 0.05546875
10 0.959375 0.628125 0.00390625 0.05
10 0.97109375 0.6296875 0.00390625 0.05
5 0.87109375 0.6296875 0.003125 0.053125
5 0.8765625 0.63203125 0.00390625 0.053125
10 0.8828125 0.63203125 0.003125 0.05
10 0.85234375 0.63046875 0.003125 0.04765625
10 0.75703125 0.6328125 0.01015625 0.025
10 0.85703125 0.63515625 0.00390625 0.05
10 0.9765625 0.64609375 0.0046875 0.0515625
10 0.77109375 0.64921875 0.00859375 0.015625
10 0.90546875 0.64921875 0.01015625 0.01875
10 0.746875 0.6578125 0.00390625 0.04765625
10 0.790625 0.6640625 0.003125 0.053125
5 0.7953125 0.6640625 0.003125 0.05
10 0.77109375 0.6734375 0.009375 0.01875
10 0.85 0.6953125 0.003125 0.04375
10 0.84453125 0.6984375 0.003125 0.05
0 0.565625 0.7 0.034375 0.121875
10 0.915625 0.70390625 0.00625 0.0765625
10 0.978125 0.70703125 0.003125 0.04375
10 0.6234375 0.7140625 0.0140625 0.034375
10 0.746875 0.71640625 0.00390625 0.0515625
7 0.834375 0.746875 0.00859375 0.05546875
7 0.80234375 0.74921875 0.01171875 0.04765625
10 0.81015625 0.753125 0.003125 0.04765625
10 0.8265625 0.75390625 0.00390625 0.05703125
7 0.81875 0.75390625 0.01171875 0.04609375
10 0.95234375 0.75703125 0.009375 0.02109375
10 0.5859375 0.7578125 0.00390625 0.05
10 0.75703125 0.7671875 0.009375 0.01875
10 0.9734375 0.7703125 0.0046875 0.0515625
10 0.87890625 0.775 0.009375 0.01875
10 0.928125 0.7765625 0.00390625 0.04609375
10 0.54296875 0.80078125 0.00390625 0.0515625
5 0.7421875 0.80078125 0.00859375 0.0171875
5 0.75234375 0.80078125 0.00859375 0.02109375
10 0.67578125 0.815625 0.00859375 0.02109375
10 0.7609375 0.815625 0.00390625 0.04765625
10 0.5859375 0.81796875 0.0046875 0.0515625
0 0.56484375 0.82265625 0.0359375 0.121875
10 0.7421875 0.825 0.009375 0.02109375
5 0.75234375 0.82734375 0.00859375 0.02109375
10 0.6875 0.828125 0.00390625 0.04609375
10 0.903125 0.828125 0.0046875 0.053125
10 0.69296875 0.828125 0.00390625 0.05
5 0.7140625 0.83671875 0.00390625 0.04765625
10 0.9546875 0.83671875 0.003125 0.04765625
5 0.70390625 0.8375 0.003125 0.05
5 0.70859375 0.8375 0.003125 0.05
0 0.878125 0.83984375 0.01328125 0.08359375
10 0.93984375 0.85 0.003125 0.04765625
5 0.62109375 0.85234375 0.00390625 0.04765625
5 0.5421875 0.86328125 0.003125 0.04765625
10 0.62890625 0.8703125 0.009375 0.01875
5 0.67265625 0.89921875 0.009375 0.01875
5 0.9546875 0.90078125 0.00390625 0.05
10 0.6484375 0.90390625 0.00390625 0.0515625
5 0.65390625 0.90546875 0.00390625 0.0515625
10 0.62578125 0.9140625 0.0140625 0.034375
12 0.815625 0.91484375 0.10703125 0.16953125
10 0.8734375 0.92265625 0.00390625 0.04765625
5 0.703125 0.9234375 0.00390625 0.05
10 0.6953125 0.9234375 0.00390625 0.053125
5 0.70703125 0.925 0.003125 0.04765625
10 0.87890625 0.925 0.00390625 0.04765625
5 0.67265625 0.92578125 0.009375 0.02265625
5 0.7109375 0.928125 0.0046875 0.0515625
5 0.12421875 0.16484375 0.009375 0.025
10 0.01640625 0.16484375 0.009375 0.025
10 0.02734375 0.16796875 0.009375 0.02265625
5 0.1046875 0.18125 0.00390625 0.05
5 0.1109375 0.18125 0.00390625 0.05
10 0.35234375 0.18203125 0.00859375 0.02109375
10 0.3625 0.18359375 0.00859375 0.02265625
10 0.34140625 0.184375 0.009375 0.025
10 0.1859375 0.1859375 0.00390625 0.0515625
10 0.19140625 0.18515625 0.00390625 0.04609375
10 0.196875 0.1859375 0.00390625 0.0515625