5 0.9 0.24296875 0.00234375 0.046875
5 0.9125 0.24453125 0.003125 0.05390625
5 0.90859375 0.2453125 0.003125 0.046875
5 0.91640625 0.2453125 0.003125 0.046875
5 0.053125 0.24453125 0.00234375 0.040625
5 0.90390625 0.246875 0.00390625 0.05390625
5 0.04921875 0.246875 0.00234375 0.0359375
5 0.03359375 0.24765625 0.003125 0.04296875
5 0.0453125 0.24765625 0.00234375 0.03828125
5 0.9203125 0.24921875 0.003125 0.04921875
5 0.04140625 0.24765625 0.003125 0.03828125
5 0.0375 0.25 0.003125 0.04296875
10 0.02265625 0.25546875 0.015625 0.040625
10 0.21484375 0.25859375 0.00234375 0.03828125
10 0.20625 0.25859375 0.00234375 0.03359375
10 0.20234375 0.2609375 0.00234375 0.03828125
10 0.1859375 0.2609375 0.00234375 0.03828125
10 0.21875 0.2625 0.0015625 0.040625
10 0.18125 0.2609375 0.0015625 0.03828125
10 0.190625 0.2609375 0.00234375 0.03828125
10 0.19453125 0.2609375 0.00234375 0.03828125
10 0.2109375 0.2609375 0.00234375 0.03828125
10 0.19765625 0.26328125 0.003125 0.03359375
5 0.68515625 0.29609375 0.00390625 0.04921875
5 0.68046875 0.29609375 0.003125 0.04921875
10 0.02578125 0.3046875 0.00859375 0.03125
10 0.78671875 0.3171875 0.0015625 0.03828125
10 0.815625 0.31875 0.003125 0.040625
10 0.79453125 0.31953125 0.00234375 0.03359375
10 0.81015625 0.3203125 0.00234375 0.0359375
10 0.80234375 0.3203125 0.00234375 0.03125
10 0.82734375 0.3203125 0.00234375 0.03125
10 0.790625 0.321875 0.003125 0.03828125
10 0.82421875 0.321875 0.00234375 0.03359375
10 0.7984375 0.3203125 0.00234375 0.0359375
10 0.80625 0.321875 0.003125 0.03828125
10 0.8390625 0.32265625 0.00234375 0.0359375
10 0.8203125 0.32421875 0.00234375 0.03828125
10 0.83203125 0.32421875 0.00234375 0.03828125
10 0.221875 0.3265625 0.003125 0.046875
10 0.22578125 0.3265625 0.00390625 0.04296875
10 0.83515625 0.3265625 0.00234375 0.04296875
10 0.53671875 0.328125 0.003125 0.046875
10 0.53359375 0.33046875 0.003125 0.046875
5 0.0328125 0.334375 0.00390625 0.04921875
5 0.0390625 0.334375 0.0046875 0.05390625
10 0.57890625 0.33515625 0.00703125 0.0203125
5 0.51875 0.33828125 0.0078125 0.0265625
10 0.51171875 0.3484375 0.003125 0.046875
10 0.9546875 0.35 0.01640625 0.040625
10 0.57890625 0.3578125 0.00625 0.015625
10 0.5265625 0.36171875 0.00625 0.015625
10 0.51875 0.36796875 0.00859375 0.02265625
10 0.74375 0.37578125 0.01171875 0.03828125
5 0.84375 0.384375 0.00390625 0.046875
10 0.17421875 0.38828125 0.00625 0.09453125
10 0.5265625 0.38671875 0.00546875 0.015625
5 0.03828125 0.3921875 0.00390625 0.05390625
10 0.834375 0.39609375 0.0125 0.02890625
5 0.51875 0.39609375 0.00859375 0.025
5 0.8171875 0.39765625 0.00859375 0.0203125
0 0.2015625 0.39765625 0.03203125 0.15
10 0.9546875 0.4015625 0.0171875 0.04453125
10 0.88203125 0.4046875 0.0078125 0.09609375
10 0.890625 0.40703125 0.00546875 0.0921875
10 0.9078125 0.40703125 0.00625 0.0875
10 0.91640625 0.4078125 0.00546875 0.08515625
5 0.0046875 0.41015625 0.00390625 0.05390625
10 0.89921875 0.41015625 0.00546875 0.08984375
10 0.94140625 0.4125 0.00546875 0.08515625
10 0.9328125 0.4125 0.00546875 0.09453125
10 0.925 0.4125 0.00546875 0.08515625
10 0.74375 0.41796875 0.0125 0.02890625
10 0.77890625 0.421875 0.00390625 0.0671875
10 0.7859375 0.42265625 0.0046875 0.06484375
5 0.51875 0.425 0.0078125 0.025
5 0.7921875 0.43046875 0.003125 0.04453125
5 0.8359375 0.43046875 0.0078125 0.02265625
5 0.77265625 0.43515625 0.003125 0.04453125
10 0.80546875 0.4359375 0.01171875 0.02890625
10 0.76015625 0.4359375 0.00546875 0.06484375
10 0.76640625 0.4375 0.0046875 0.0625
10 0.18125 0.44765625 0.00390625 0.04296875
10 0.95546875 0.4515625 0.0171875 0.04296875
10 0.69609375 0.45390625 0.01171875 0.03359375
5 0.51875 0.453125 0.0078125 0.02265625
5 0.58671875 0.459375 0.0078125 0.02265625
10 0.5953125 0.459375 0.00703125 0.01796875
0 0.55390625 0.484375 0.04296875 0.25078125
5 0.51796875 0.48515625 0.00859375 0.025
10 0.71015625 0.48515625 0.00625 0.015625
10 0.5953125 0.4890625 0.00703125 0.01796875
5 0.58671875 0.4890625 0.0078125 0.01796875
7 0.834375 0.49140625 0.0109375 0.0625
5 0.70078125 0.50078125 0.00390625 0.046875
5 0.6953125 0.50078125 0.00390625 0.046875
5 0.51796875 0.51328125 0.00703125 0.02265625
5 0.90078125 0.51484375 0.00859375 0.025
10 0.78515625 0.515625 0.0046875 0.0625
10 0.75234375 0.515625 0.0046875 0.071875
10 0.79296875 0.5171875 0.00390625 0.06015625
10 0.771875 0.5171875 0.00390625 0.06953125
10 0.77890625 0.5171875 0.0046875 0.06484375
5 0.58671875 0.5171875 0.00703125 0.0203125
10 0.5953125 0.5203125 0.00703125 0.01796875
7 0.80546875 0.51875 0.0109375 0.06015625
10 0.71953125 0.52109375 0.00625 0.09609375
10 0.728125 0.52109375 0.00703125 0.09609375
10 0.74453125 0.52109375 0.00546875 0.0875
10 0.7359375 0.5234375 0.00625 0.0921875
5 0.7125 0.5234375 0.00234375 0.04296875
10 0.70859375 0.52578125 0.00234375 0.04296875
5 0.871875 0.528125 0.00234375 0.04296875
10 0.89296875 0.5265625 0.003125 0.040625
10 0.16171875 0.528125 0.0078125 0.0203125
10 0.8671875 0.52890625 0.0046875 0.05390625
10 0.88828125 0.528125 0.003125 0.04296875
10 0.234375 0.52890625 0.00859375 0.0265625
10 0.9109375 0.528125 0.003125 0.04296875
10 0.1796875 0.52890625 0.00703125 0.02265625
10 0.1984375 0.52890625 0.00625 0.02265625
10 0.91953125 0.52890625 0.003125 0.04453125
10 0.1890625 0.53046875 0.0078125 0.025
10 0.2078125 0.53046875 0.00703125 0.025
10 0.24296875 0.53046875 0.0078125 0.025
10 0.90625 0.52890625 0.00234375 0.04453125
10 0.91484375 0.53046875 0.003125 0.04296875
10 0.26953125 0.52890625 0.00859375 0.0265625
10 0.225 0.53046875 0.009375 0.025
10 0.2515625 0.53125 0.00859375 0.0265625
10 0.153125 0.53125 0.00703125 0.01796875
10 0.17109375 0.53125 0.00703125 0.01796875
10 0.26015625 0.53125 0.00859375 0.0265625
10 0.92421875 0.53125 0.003125 0.040625
10 0.215625 0.53359375 0.00859375 0.0265625
10 0.928125 0.5328125 0.00234375 0.04296875
10 0.14453125 0.5328125 0.0078125 0.0203125
10 0.93359375 0.534375 0.003125 0.040625
10 0.9421875 0.5359375 0.003125 0.040625
5 0.7640625 0.53671875 0.003125 0.046875
5 0.75859375 0.53671875 0.003125 0.04296875
10 0.8828125 0.53671875 0.00546875 0.0921875
10 0.9 0.54296875 0.0078125 0.02265625
5 0.51875 0.54296875 0.00703125 0.01796875
5 0.58671875 0.546875 0.0078125 0.02265625
10 0.5953125 0.54921875 0.00625 0.01796875
7 0.8234375 0.55625 0.009375 0.05390625
5 0.20703125 0.55859375 0.00703125 0.01796875
5 0.17109375 0.559375 0.00859375 0.025
5 0.225 0.559375 0.00859375 0.025
5 0.26171875 0.559375 0.0078125 0.025
5 0.14453125 0.56015625 0.00859375 0.03125
5 0.2421875 0.559375 0.0078125 0.0203125
5 0.153125 0.559375 0.0078125 0.02890625
5 0.1890625 0.559375 0.00859375 0.02890625
5 0.8765625 0.56015625 0.003125 0.040625
5 0.234375 0.56015625 0.0078125 0.0265625
5 0.2515625 0.56171875 0.0078125 0.025
5 0.16171875 0.56015625 0.0078125 0.02265625
5 0.26953125 0.56015625 0.00703125 0.02265625
5 0.21640625 0.56171875 0.00703125 0.0203125
5 0.1984375 0.5625 0.00859375 0.0265625
5 0.18046875 0.56171875 0.009375 0.025
10 0.2875 0.5671875 0.00625 0.08984375
10 0.27890625 0.56484375 0.00546875 0.08515625
5 0.80078125 0.56875 0.00703125 0.0203125
5 0.51875 0.56953125 0.0078125 0.02265625
10 0.5953125 0.575 0.00625 0.01796875
5 0.58671875 0.5765625 0.00703125 0.02265625
10 0.68828125 0.5859375 0.00546875 0.07421875
10 0.68125 0.5875 0.00546875 0.0765625
5 0.171875 0.5875 0.00859375 0.03125
5 0.16171875 0.5875 0.009375 0.0265625
5 0.25234375 0.5875 0.0078125 0.02265625
5 0.22578125 0.58828125 0.0078125 0.025
5 0.18046875 0.5875 0.00859375 0.03125
5 0.24375 0.5875 0.00703125 0.02265625
5 0.19765625 0.58828125 0.0078125 0.025
5 0.234375 0.58828125 0.00859375 0.025
0 0.69921875 0.58984375 0.009375 0.103125
5 0.26171875 0.58828125 0.00703125 0.0203125
5 0.14375 0.58828125 0.00859375 0.0203125
5 0.20703125 0.58984375 0.00703125 0.03125
5 0.1890625 0.590625 0.00859375 0.025
5 0.2703125 0.590625 0.00859375 0.025
5 0.215625 0.590625 0.00859375 0.02890625
5 0.153125 0.590625 0.00703125 0.025
0 0.86796875 0.6 0.01015625 0.06953125
5 0.51796875 0.60078125 0.00703125 0.02265625
10 0.71953125 0.603125 0.00859375 0.02265625
10 0.7296875 0.60234375 0.00703125 0.0203125
10 0.79296875 0.603125 0.00546875 0.071875
10 0.7421875 0.60546875 0.0109375 0.0265625
10 0.5953125 0.60625 0.00625 0.0203125
5 0.58671875 0.6078125 0.00625 0.02265625
7 0.76171875 0.60625 0.01015625 0.0515625
10 0.75234375 0.61640625 0.00390625 0.04921875
10 0.57578125 0.62890625 0.003125 0.0515625
10 0.5796875 0.6296875 0.003125 0.04453125
5 0.51875 0.63125 0.0078125 0.025
10 0.5953125 0.6359375 0.00703125 0.0203125
5 0.5875 0.634375 0.00703125 0.02265625
12 0.92421875 0.64453125 0.04609375 0.10078125
10 0.5328125 0.65390625 0.003125 0.046875
10 0.53671875 0.65234375 0.003125 0.04453125
10 0.53984375 0.65234375 0.00390625 0.04453125
10 0.54453125 0.6546875 0.003125 0.040625
10 0.86875 0.659375 0.00859375 0.0265625
5 0.51875 0.66171875 0.0078125 0.0265625
10 0.71953125 0.66484375 0.00390625 0.0515625
10 0.78125 0.66484375 0.0078125 0.025
10 0.790625 0.665625 0.00859375 0.02265625
7 0.74375 0.665625 0.009375 0.0625
5 0.753125 0.675 0.003125 0.05390625
7 0.76171875 0.67578125 0.009375 0.05625
10 0.6578125 0.69609375 0.003125 0.046875
10 0.8 0.703125 0.0125 0.025
10 0.72578125 0.7109375 0.00859375 0.02265625
10 0.67421875 0.7109375 0.00546875 0.09453125
10 0.665625 0.71328125 0.00625 0.09453125
5 0.7625 0.71875 0.0078125 0.025
5 0.77109375 0.72109375 0.0078125 0.0203125
10 0.71171875 0.71953125 0.01328125 0.040625
5 0.73515625 0.72890625 0.003125 0.04453125
7 0.74375 0.7671875 0.00859375 0.0625
5 0.7328125 0.76875 0.00859375 0.02265625
10 0.54375 0.77109375 0.01015625 0.103125
10 0.4984375 0.77890625 0.00390625 0.0515625
7 0.7109375 0.78046875 0.01015625 0.0625
10 0.71953125 0.7828125 0.00546875 0.04921875
5 0.503125 0.78125 0.00390625 0.046875
5 0.534375 0.790625 0.003125 0.046875
5 0.7328125 0.79609375 0.00703125 0.02265625
10 0.48359375 0.796875 0.0078125 0.10078125
10 0.49140625 0.80078125 0.0078125 0.103125
5 0.5734375 0.81953125 0.0078125 0.0203125
5 0.621875 0.81953125 0.00625 0.015625
5 0.61015625 0.81953125 0.00703125 0.015625
5 0.584375 0.81953125 0.0078125 0.0203125
5 0.59765625 0.8203125 0.00625 0.01328125
12 0.59296875 0.9328125 0.09765625 0.134375
10 0.02578125 0.1390625 0.00703125 0.02265625
10 0.17890625 0.14609375 0.00234375 0.04453125
10 0.553125 0.146875 0.003125 0.04296875
10 0.06875 0.14609375 0.00390625 0.040625
10 0.4421875 0.14921875 0.00390625 0.046875
10 0.30390625 0.14921875 0.00390625 0.046875
10 0.3171875 0.14921875 0.003125 0.046875
10 0.0546875 0.1515625 0.0046875 0.046875
10 0.428125 0.15 0.0046875 0.04453125
10 0.56640625 0.1515625 0.00390625 0.04296875
10 0.690625 0.1515625 0.003125 0.04296875
10 0.67734375 0.1515625 0.00390625 0.04296875
10 0.8015625 0.15234375 0.003125 0.04453125
10 0.93828125 0.1546875 0.003125 0.040625
10 0.92421875 0.1578125 0.003125 0.046875
10 0.19375 0.1625 0.00234375 0.03828125
10 0.025 0.16484375 0.0078125 0.025
5 0.09921875 0.16796875 0.00390625 0.040625
5 0.08359375 0.1671875 0.003125 0.046875
10 0.815625 0.16796875 0.003125 0.040625
5 0.08984375 0.16953125 0.00390625 0.0515625
5 0.09453125 0.171875 0.00390625 0.0515625
5 0.9609375 0.17578125 0.003125 0.046875
10 0.978125 0.17734375 0.00859375 0.0265625
5 0.965625 0.17734375 0.003125 0.04921875
5 0.95546875 0.178125 0.0046875 0.04296875
5 0.96953125 0.17734375 0.003125 0.04921875
10 0.30390625 0.19296875 0.003125 0.040625
10 0.3171875 0.1953125 0.003125 0.0359375
10 0.0546875 0.1953125 0.00390625 0.040625
10 0.55390625 0.1953125 0.003125 0.04453125
10 0.1796875 0.19609375 0.00234375 0.03828125
10 0.4421875 0.19609375 0.003125 0.0515625
10 0.42890625 0.1953125 0.00390625 0.04453125
10 0.06875 0.19765625 0.00390625 0.04921875
10 0.56640625 0.19765625 0.003125 0.04453125
10 0.67734375 0.1984375 0.003125 0.03828125
10 0.690625 0.2015625 0.003125 0.040625
10 0.80078125 0.2015625 0.00234375 0.0359375
10 0.9390625 0.203125 0.00390625 0.04296875
10 0.02265625 0.20625 0.0171875 0.040625
10 0.92421875 0.20859375 0.003125 0.04453125
10 0.19375 0.21328125 0.00234375 0.0359375
5 0.98046875 0.215625 0.00859375 0.0265625
10 0.815625 0.2234375 0.003125 0.03828125