5 0.89296875 0.30390625 0.003125 0.0625
0 0.7234375 0.30390625 0.0078125 0.15703125
10 0.77109375 0.3203125 0.01015625 0.1421875
10 0.76015625 0.3234375 0.01015625 0.125
5 0.85703125 0.3265625 0.003125 0.07109375
10 0.7484375 0.33125 0.009375 0.121875
5 0.825 0.33515625 0.0046875 0.07734375
10 0.85 0.33671875 0.00390625 0.07421875
10 0.8015625 0.33671875 0.003125 0.06796875
5 0.80625 0.33671875 0.00390625 0.06796875
5 0.86640625 0.33984375 0.003125 0.0625
10 0.7828125 0.33984375 0.0046875 0.07421875
5 0.871875 0.34140625 0.0046875 0.07109375
5 0.84296875 0.33984375 0.003125 0.06796875
5 0.878125 0.34453125 0.00390625 0.065625
5 0.884375 0.34453125 0.003125 0.065625
10 0.73359375 0.3546875 0.00390625 0.07421875
5 0.91171875 0.3875 0.0046875 0.06796875
5 0.9046875 0.38984375 0.0046875 0.0625
5 0.89296875 0.39140625 0.003125 0.07109375
10 0.8984375 0.40078125 0.003125 0.065625
0 0.48125 0.4140625 0.05078125 0.4421875
5 0.8375 0.434375 0.00390625 0.05625
5 0.8671875 0.4375 0.003125 0.05625
5 0.82578125 0.4375 0.00234375 0.06796875
10 0.8796875 0.434375 0.003125 0.05625
10 0.8734375 0.4359375 0.003125 0.065625
5 0.83125 0.4375 0.00234375 0.05625
10 0.85 0.4375 0.003125 0.0625
5 0.84453125 0.440625 0.003125 0.05625
5 0.8015625 0.4421875 0.00234375 0.053125
10 0.44375 0.4421875 0.00703125 0.04140625
0 0.64140625 0.4421875 0.025 0.16015625
10 0.784375 0.4421875 0.0046875 0.053125
5 0.8078125 0.4453125 0.00390625 0.065625
5 0.44296875 0.4953125 0.0078125 0.0296875
10 0.75078125 0.51328125 0.009375 0.1484375
10 0.7625 0.51328125 0.01015625 0.1484375
10 0.7390625 0.51484375 0.01015625 0.1453125
10 0.8875 0.5328125 0.0046875 0.05625
5 0.8921875 0.5359375 0.00390625 0.07421875
10 0.81953125 0.5359375 0.0046875 0.0625
10 0.92578125 0.53828125 0.003125 0.0625
10 0.6203125 0.53671875 0.01015625 0.125
10 0.8078125 0.53984375 0.003125 0.07109375
5 0.8140625 0.54296875 0.00390625 0.07734375
10 0.7890625 0.54453125 0.003125 0.05625
5 0.7953125 0.54296875 0.00546875 0.065625
5 0.8265625 0.55078125 0.003125 0.09765625
5 0.5546875 0.5640625 0.00390625 0.07109375
10 0.5484375 0.565625 0.00390625 0.07421875
10 0.26953125 0.59921875 0.00390625 0.07109375
10 0.2296875 0.60390625 0.0046875 0.07421875
5 0.2171875 0.60546875 0.00390625 0.065625
5 0.14609375 0.60546875 0.00390625 0.065625
10 0.2765625 0.60546875 0.003125 0.07109375
5 0.134375 0.60546875 0.0046875 0.0890625
10 0.140625 0.60546875 0.003125 0.07734375
5 0.20390625 0.60703125 0.003125 0.0625
5 0.2109375 0.60703125 0.0046875 0.07421875
5 0.1984375 0.60703125 0.003125 0.05078125
5 0.22265625 0.61015625 0.003125 0.06796875
5 0.06484375 0.61015625 0.00390625 0.06796875
10 0.12734375 0.6125 0.00390625 0.08046875
5 0.18671875 0.6109375 0.00390625 0.07109375
5 0.103125 0.6125 0.00390625 0.06796875
5 0.084375 0.6140625 0.003125 0.065625
5 0.115625 0.6140625 0.00390625 0.065625
5 0.19375 0.6140625 0.00390625 0.065625
5 0.07109375 0.6140625 0.00546875 0.065625
5 0.096875 0.615625 0.00390625 0.06796875
10 0.51796875 0.6171875 0.0046875 0.07109375
10 0.07890625 0.615625 0.00546875 0.08046875
5 0.12109375 0.615625 0.003125 0.06796875
5 0.109375 0.615625 0.003125 0.05625
5 0.090625 0.6171875 0.0046875 0.07109375
10 0.68671875 0.62734375 0.0046875 0.07421875
10 0.72578125 0.62890625 0.003125 0.07109375
10 0.48984375 0.6828125 0.0078125 0.04765625
10 0.46640625 0.68984375 0.0078125 0.04453125
10 0.53515625 0.69609375 0.00546875 0.07421875
10 0.54375 0.7015625 0.00390625 0.06796875
5 0.52109375 0.1171875 0.003125 0.07421875
10 0.9109375 0.11875 0.003125 0.053125
5 0.8921875 0.11875 0.00234375 0.053125
5 0.9046875 0.1203125 0.003125 0.0625
10 0.8484375 0.12578125 0.0046875 0.08046875
10 0.8984375 0.125 0.003125 0.053125
5 0.85390625 0.12578125 0.00234375 0.07421875
5 0.865625 0.125 0.0046875 0.065625
5 0.86015625 0.13046875 0.003125 0.07109375
5 0.75390625 0.13359375 0.00390625 0.07109375
5 0.7359375 0.13203125 0.00390625 0.06796875
10 0.76015625 0.13359375 0.00390625 0.059375
10 0.48671875 0.13359375 0.00703125 0.0359375
10 0.7421875 0.13671875 0.00390625 0.059375
5 0.71796875 0.13828125 0.0046875 0.06796875
10 0.7296875 0.13671875 0.00390625 0.07109375
5 0.74765625 0.13828125 0.0046875 0.0625
10 0.47109375 0.140625 0.009375 0.04453125
0 0.878125 0.1796875 0.0140625 0.175
5 0.89140625 0.2109375 0.00390625 0.07109375
5 0.86015625 0.2328125 0.003125 0.0625
10 0.51953125 0.234375 0.00703125 0.0296875
5 0.8671875 0.234375 0.003125 0.053125
10 0.9109375 0.234375 0.003125 0.065625
5 0.7328125 0.259375 0.003125 0.06796875
5 0.73984375 0.2625 0.003125 0.06796875
0 0.9015625 0.265625 0.00859375 0.10390625
10 0.44296875 0.2671875 0.0078125 0.0359375
10 0.6796875 0.28046875 0.01015625 0.121875
10 0.665625 0.2875 0.00859375 0.125