10 0.6984375 0.19453125 0.00703125 0.065625
5 0.66171875 0.2046875 0.003125 0.046875
5 0.68046875 0.20546875 0.003125 0.04921875
5 0.66953125 0.20625 0.003125 0.046875
5 0.6734375 0.20546875 0.003125 0.04921875
5 0.665625 0.2078125 0.00390625 0.046875
5 0.68359375 0.2078125 0.003125 0.05078125
5 0.6765625 0.209375 0.00390625 0.04921875
5 0.56015625 0.23671875 0.01015625 0.02109375
5 0.58828125 0.23515625 0.009375 0.02265625
5 0.56875 0.23671875 0.0078125 0.02421875
5 0.61484375 0.2375 0.00859375 0.0265625
5 0.57890625 0.23984375 0.009375 0.028125
5 0.59609375 0.2390625 0.0078125 0.01875
5 0.60625 0.23984375 0.00859375 0.02421875
10 0.55234375 0.24765625 0.0046875 0.046875
5 0.540625 0.24921875 0.00390625 0.05078125
10 0.5359375 0.2484375 0.00390625 0.05234375
5 0.54375 0.25078125 0.00390625 0.04921875
5 0.54765625 0.2515625 0.003125 0.046875
5 0.53203125 0.2515625 0.0046875 0.0546875
10 0.62890625 0.2515625 0.00390625 0.03984375
10 0.6453125 0.25390625 0.003125 0.0375
10 0.65 0.25390625 0.00390625 0.0375
10 0.63359375 0.2578125 0.00390625 0.0453125
10 0.740625 0.26015625 0.01015625 0.0828125
5 0.68515625 0.2625 0.0078125 0.02421875
10 0.7484375 0.2625 0.00703125 0.07734375
10 0.75546875 0.26640625 0.00546875 0.07734375
10 0.76328125 0.26640625 0.00703125 0.0625
10 0.625 0.26953125 0.0046875 0.0453125
10 0.5609375 0.27109375 0.00859375 0.03046875
5 0.8875 0.28359375 0.009375 0.02421875
10 0.82421875 0.2859375 0.0078125 0.02265625
5 0.9109375 0.3015625 0.00390625 0.0453125
0 0.6859375 0.30390625 0.0203125 0.05859375
10 0.8875 0.30625 0.0078125 0.0171875
7 0.9015625 0.3078125 0.01171875 0.06953125
10 0.84765625 0.315625 0.00390625 0.046875
10 0.8625 0.31484375 0.0046875 0.04140625
10 0.85703125 0.315625 0.0046875 0.046875
10 0.8328125 0.31640625 0.00390625 0.0375
10 0.7015625 0.32265625 0.0046875 0.05078125
10 0.8875 0.32734375 0.00859375 0.01875
10 0.66328125 0.33828125 0.00703125 0.07734375
10 0.6703125 0.340625 0.00859375 0.071875
10 0.7640625 0.34453125 0.0046875 0.0453125
5 0.76875 0.34765625 0.00390625 0.046875
10 0.7734375 0.346875 0.00390625 0.0453125
0 0.7828125 0.3546875 0.01015625 0.09609375
5 0.9015625 0.359375 0.00859375 0.02265625
5 0.884375 0.3609375 0.009375 0.02421875
5 0.91875 0.384375 0.0046875 0.05234375
5 0.9015625 0.3859375 0.009375 0.03046875
5 0.884375 0.3859375 0.0078125 0.01875
0 0.5953125 0.4078125 0.05546875 0.2953125
10 0.79609375 0.415625 0.01015625 0.0734375
10 0.80625 0.41640625 0.0109375 0.075
10 0.815625 0.4171875 0.01015625 0.065625
10 0.9265625 0.4171875 0.00703125 0.0734375
5 0.82265625 0.4328125 0.0046875 0.04921875
5 0.91875 0.434375 0.0046875 0.03984375
5 0.865625 0.44609375 0.00390625 0.04921875
10 0.8609375 0.44921875 0.0046875 0.04921875
5 0.778125 0.45 0.00390625 0.04140625
5 0.89296875 0.45 0.00390625 0.0453125
5 0.84140625 0.45078125 0.00546875 0.04296875
5 0.77421875 0.453125 0.003125 0.0546875
10 0.8296875 0.453125 0.00390625 0.046875
5 0.7828125 0.453125 0.00390625 0.04296875
10 0.7703125 0.453125 0.0046875 0.05078125
10 0.834375 0.45390625 0.00546875 0.0453125
5 0.78828125 0.45546875 0.0046875 0.04921875
10 0.88671875 0.4546875 0.00625 0.07734375
10 0.87890625 0.45703125 0.00625 0.06953125
10 0.85390625 0.47265625 0.0046875 0.0453125
5 0.846875 0.47421875 0.00546875 0.04921875
10 0.8984375 0.48671875 0.00546875 0.04296875
5 0.903125 0.48984375 0.003125 0.04140625
10 0.90703125 0.48984375 0.00390625 0.04921875
10 0.92578125 0.49453125 0.0078125 0.05859375
7 0.915625 0.49609375 0.01015625 0.065625
5 0.87265625 0.51953125 0.00390625 0.04921875
5 0.86796875 0.52265625 0.00390625 0.05078125
5 0.84140625 0.5265625 0.00390625 0.05078125
5 0.8359375 0.52734375 0.003125 0.04921875
0 0.85234375 0.52734375 0.0125 0.0453125
10 0.90703125 0.53828125 0.0046875 0.0453125
5 0.903125 0.53984375 0.0046875 0.04296875
10 0.56328125 0.5640625 0.00859375 0.02421875
5 0.07109375 0.57890625 0.00390625 0.046875
5 0.075 0.5796875 0.003125 0.0453125
5 0.925 0.5796875 0.009375 0.01875
5 0.0796875 0.58125 0.0046875 0.05078125
10 0.58046875 0.58671875 0.009375 0.028125
10 0.02734375 0.58671875 0.01328125 0.05078125
10 0.5625 0.58828125 0.01015625 0.028125
5 0.60078125 0.5875 0.00859375 0.0265625
10 0.5921875 0.58984375 0.009375 0.03046875
5 0.07890625 0.63359375 0.00859375 0.02421875
5 0.0875 0.63671875 0.00859375 0.03046875
5 0.07734375 0.6609375 0.00859375 0.01875
5 0.0875 0.6609375 0.00859375 0.01875
5 0.078125 0.68671875 0.00859375 0.02421875
5 0.0875 0.68828125 0.00859375 0.02109375
5 0.078125 0.71484375 0.01015625 0.02109375
5 0.0875 0.7140625 0.009375 0.02265625
10 0.07734375 0.74453125 0.00703125 0.028125
10 0.11640625 0.7859375 0.01015625 0.02421875
10 0.0984375 0.7890625 0.00859375 0.0265625
5 0.13203125 0.7890625 0.01328125 0.0265625
10 0.0875 0.7921875 0.009375 0.02421875
5 0.234375 0.7921875 0.0109375 0.028125
10 0.22265625 0.7921875 0.01015625 0.028125
10 0.25703125 0.79453125 0.009375 0.03359375
10 0.31796875 0.79375 0.0078125 0.028125
5 0.246875 0.7953125 0.009375 0.03203125
10 0.35546875 0.7953125 0.0078125 0.02109375
5 0.30859375 0.796875 0.009375 0.03046875
10 0.36796875 0.79765625 0.01015625 0.028125
5 0.296875 0.796875 0.009375 0.02265625
5 0.3796875 0.7984375 0.00703125 0.02265625
5 0.390625 0.8 0.0078125 0.03046875
10 0.42890625 0.8015625 0.009375 0.028125
10 0.44296875 0.8 0.009375 0.0265625
5 0.503125 0.803125 0.0078125 0.02421875
5 0.49296875 0.80390625 0.0078125 0.0265625
10 0.540625 0.80703125 0.009375 0.02421875
10 0.65625 0.8109375 0.01015625 0.028125
5 0.584375 0.81171875 0.009375 0.02265625
5 0.66875 0.8125 0.00703125 0.02109375
10 0.68984375 0.8125 0.01015625 0.028125
5 0.5609375 0.8125 0.009375 0.028125
5 0.6796875 0.81328125 0.0078125 0.02265625
5 0.596875 0.815625 0.00859375 0.02265625
10 0.81640625 0.81640625 0.0109375 0.028125
5 0.5734375 0.81640625 0.01015625 0.02421875
5 0.61875 0.8171875 0.01015625 0.0265625
10 0.74609375 0.81640625 0.01171875 0.02421875
5 0.60625 0.8171875 0.01015625 0.02265625
5 0.62890625 0.8171875 0.01015625 0.02265625
5 0.85625 0.81796875 0.00859375 0.02109375
5 0.86796875 0.81953125 0.01015625 0.0265625
10 0.8453125 0.82109375 0.0109375 0.0265625
10 0.88984375 0.82109375 0.0109375 0.02265625
5 0.8796875 0.82265625 0.00859375 0.02265625