7 0.803125 0.48359375 0.0578125 0.0203125
10 0.3890625 0.4890625 0.0328125 0.00703125
10 0.490625 0.49140625 0.01953125 0.00390625
10 0.52734375 0.49765625 0.03203125 0.021875
10 0.2765625 0.5109375 0.0265625 0.00625
10 0.471875 0.5140625 0.06640625 0.01640625
10 0.27734375 0.5171875 0.01953125 0.00234375
7 0.90078125 0.0515625 0.03203125 0.00703125
10 0.265625 0.52578125 0.04296875 0.0109375
7 0.16875 0.53671875 0.03203125 0.01640625
5 0.2328125 0.5375 0.02109375 0.00546875
10 0.80859375 0.53984375 0.034375 0.02265625
5 0.23515625 0.54296875 0.01953125 0.003125
10 0.26328125 0.0546875 0.01796875 0.0109375
0 0.88984375 0.54453125 0.11796875 0.03046875
5 0.47109375 0.54453125 0.00859375 0.009375
10 0.4015625 0.54453125 0.0078125 0.009375
10 0.46328125 0.5453125 0.015625 0.00859375
10 0.375 0.5453125 0.0140625 0.009375
10 0.41328125 0.5453125 0.01328125 0.009375
10 0.43125 0.5453125 0.0078125 0.0109375
10 0.484375 0.5453125 0.0125 0.009375
10 0.44609375 0.5453125 0.0125 0.0078125
10 0.3546875 0.54921875 0.02421875 0.00546875
5 0.234375 0.55078125 0.01953125 0.0046875
0 0.29140625 0.5515625 0.06640625 0.03671875
5 0.234375 0.55625 0.01953125 0.00390625
5 0.8078125 0.55703125 0.02421875 0.00546875
5 0.234375 0.56171875 0.01953125 0.00390625
7 0.1671875 0.5625 0.02890625 0.01640625
5 0.80625 0.5640625 0.02421875 0.00546875
5 0.234375 0.56796875 0.01953125 0.0046875
5 0.30078125 0.57890625 0.015625 0.0046875
10 0.32109375 0.5796875 0.01875 0.00546875
5 0.29921875 0.58359375 0.01953125 0.003125
5 0.303125 0.58828125 0.01875 0.003125
10 0.321875 0.58828125 0.01875 0.003125
10 0.84140625 0.58828125 0.0390625 0.0328125
7 0.1671875 0.5890625 0.03125 0.01484375
10 0.8734375 0.590625 0.02109375 0.01953125
12 0.09140625 0.59140625 0.103125 0.13359375
10 0.321875 0.59296875 0.01640625 0.00390625
5 0.3015625 0.59296875 0.01953125 0.003125
0 0.43125 0.59375 0.1734375 0.07421875
10 0.63515625 0.596875 0.02109375 0.00390625
5 0.29609375 0.59765625 0.01796875 0.00234375
10 0.90625 0.59921875 0.00859375 0.00859375
10 0.809375 0.60078125 0.0234375 0.01953125
5 0.29921875 0.603125 0.01953125 0.00390625
5 0.634375 0.60390625 0.0265625 0.00703125
10 0.9484375 0.60546875 0.02109375 0.0046875
5 0.3 0.6078125 0.02109375 0.003125
10 0.321875 0.60859375 0.02109375 0.00390625
5 0.6328125 0.61015625 0.02421875 0.00546875
10 0.86015625 0.61328125 0.02109375 0.003125
10 0.32265625 0.61328125 0.01796875 0.003125
10 0.95 0.6140625 0.02109375 0.00390625
10 0.634375 0.615625 0.01953125 0.0046875
10 0.8046875 0.615625 0.01640625 0.00546875
10 0.8609375 0.61796875 0.01953125 0.003125
10 0.321875 0.61875 0.01953125 0.0046875
10 0.8046875 0.6203125 0.01796875 0.003125
10 0.86015625 0.62265625 0.02109375 0.003125
5 0.621875 0.62421875 0.021875 0.00546875
5 0.80625 0.625 0.01796875 0.00390625
10 0.7890625 0.62734375 0.00625 0.0078125
10 0.859375 0.62734375 0.021875 0.00390625
5 0.775 0.62890625 0.0125 0.009375
10 0.62265625 0.6296875 0.02109375 0.00390625
5 0.80546875 0.63046875 0.01953125 0.00390625
10 0.859375 0.6328125 0.01640625 0.003125
10 0.6859375 0.63359375 0.02109375 0.00390625
10 0.715625 0.63359375 0.02109375 0.0046875
5 0.74453125 0.634375 0.02109375 0.00546875
10 0.6609375 0.634375 0.02109375 0.0046875
10 0.80625 0.63515625 0.01953125 0.0046875
10 0.859375 0.6375 0.01875 0.003125
5 0.77578125 0.63828125 0.021875 0.00625
5 0.378125 0.6375 0.02109375 0.00390625
5 0.35390625 0.63828125 0.02109375 0.0046875
10 0.8046875 0.63984375 0.01875 0.003125
5 0.85859375 0.6421875 0.01796875 0.0046875
5 0.378125 0.64296875 0.01875 0.003125
5 0.353125 0.64296875 0.02109375 0.00390625
10 0.3984375 0.64296875 0.01015625 0.009375
10 0.775 0.646875 0.01875 0.0046875
5 0.859375 0.646875 0.01796875 0.003125
0 0.26171875 0.6515625 0.04453125 0.0125
0 0.31796875 0.65234375 0.0421875 0.01171875
5 0.825 0.65234375 0.01015625 0.009375
5 0.803125 0.653125 0.01015625 0.009375
5 0.8140625 0.653125 0.01015625 0.009375
10 0.91171875 0.653125 0.021875 0.0046875
5 0.93515625 0.6546875 0.02578125 0.00625
0 0.93125 0.6625 0.034375 0.009375
5 0.6828125 0.6625 0.01328125 0.0109375
10 0.65390625 0.66328125 0.01015625 0.009375
5 0.66640625 0.66328125 0.0109375 0.01171875
10 0.25 0.6625 0.02421875 0.00546875
10 0.30625 0.66328125 0.01953125 0.00546875
10 0.696875 0.69609375 0.02421875 0.00390625
10 0.52265625 0.7046875 0.01953125 0.0046875
10 0.7390625 0.70546875 0.02109375 0.0046875
10 0.54453125 0.70703125 0.0109375 0.009375
10 0.58359375 0.70703125 0.01015625 0.009375
10 0.60078125 0.70703125 0.0109375 0.009375
10 0.71953125 0.70703125 0.01015625 0.009375
10 0.55625 0.70703125 0.01015625 0.01015625
10 0.6125 0.70703125 0.0109375 0.01015625
10 0.67578125 0.70703125 0.01015625 0.009375
10 0.57109375 0.7078125 0.0109375 0.0109375
10 0.63359375 0.70703125 0.0078125 0.009375
10 0.6640625 0.7078125 0.00859375 0.00859375
10 0.6859375 0.7078125 0.01015625 0.00859375
10 0.653125 0.7078125 0.00859375 0.009375
10 0.709375 0.7078125 0.00859375 0.009375
10 0.73515625 0.709375 0.0234375 0.003125
10 0.52265625 0.71328125 0.01953125 0.0046875
10 0.5234375 0.71875 0.021875 0.00546875
10 0.6484375 0.7234375 0.00859375 0.009375
12 0.08828125 0.73046875 0.10625 0.1359375
10 0.66015625 0.734375 0.02109375 0.00546875
10 0.6125 0.734375 0.02109375 0.0046875
10 0.521875 0.7375 0.01875 0.0046875
10 0.68046875 0.7421875 0.0109375 0.0078125
10 0.7390625 0.74140625 0.021875 0.00390625
10 0.5234375 0.7421875 0.01875 0.003125
0 0.4046875 0.74375 0.0515625 0.03359375
10 0.57421875 0.7453125 0.01015625 0.00859375
10 0.73984375 0.746875 0.02109375 0.0046875
10 0.56015625 0.753125 0.00859375 0.0078125
10 0.51640625 0.753125 0.0125 0.00859375
10 0.7390625 0.76015625 0.01953125 0.0046875
10 0.68203125 0.7625 0.0109375 0.009375
10 0.5203125 0.76328125 0.01953125 0.00390625
10 0.7390625 0.765625 0.021875 0.00390625
10 0.57421875 0.76640625 0.01015625 0.00859375
10 0.521875 0.76875 0.02109375 0.00390625
10 0.43125 0.77421875 0.02109375 0.00390625
10 0.60078125 0.77890625 0.01953125 0.00390625
10 0.65 0.7796875 0.021875 0.0046875
10 0.73828125 0.7875 0.01953125 0.003125
0 0.42578125 0.78828125 0.02578125 0.01796875
10 0.52109375 0.7890625 0.02109375 0.0046875
10 0.521875 0.79375 0.021875 0.0046875
5 0.39375 0.796875 0.01875 0.0046875
10 0.74375 0.80078125 0.0109375 0.009375
10 0.61796875 0.80078125 0.0109375 0.009375
10 0.64453125 0.80078125 0.0078125 0.009375
10 0.65703125 0.8015625 0.0125 0.009375
10 0.54609375 0.8015625 0.0125 0.01171875
10 0.6046875 0.8015625 0.0125 0.009375
10 0.709375 0.8015625 0.00859375 0.00859375
0 0.35234375 0.8015625 0.0421875 0.0140625
10 0.72734375 0.8015625 0.00859375 0.00859375
5 0.39453125 0.80234375 0.01796875 0.003125
10 0.521875 0.80390625 0.0234375 0.0046875
10 0.39453125 0.80703125 0.01953125 0.003125
5 0.4265625 0.809375 0.021875 0.00546875
5 0.4265625 0.815625 0.01953125 0.0046875
5 0.51953125 0.81640625 0.01953125 0.0046875
5 0.42578125 0.8203125 0.02109375 0.00390625
5 0.51953125 0.82109375 0.01953125 0.0046875
5 0.42578125 0.82578125 0.02109375 0.003125
5 0.51953125 0.8265625 0.02109375 0.0046875
5 0.4953125 0.8265625 0.021875 0.0046875
12 0.94296875 0.8265625 0.1140625 0.31328125
10 0.24140625 0.82890625 0.0234375 0.00625
5 0.4265625 0.83046875 0.01796875 0.003125
12 0.125 0.834375 0.18984375 0.06171875
0 0.51640625 0.8390625 0.0328125 0.01015625
5 0.46015625 0.8421875 0.0078125 0.0078125
5 0.5390625 0.84765625 0.01015625 0.01015625
5 0.490625 0.84765625 0.00859375 0.009375
7 0.29140625 0.0859375 0.02890625 0.015625
10 0.240625 0.85390625 0.0265625 0.00859375
7 0.51640625 0.8546875 0.034375 0.01640625
10 0.315625 0.08671875 0.01015625 0.01171875
10 0.86015625 0.0875 0.02578125 0.0046875
10 0.63984375 0.8796875 0.015625 0.01328125
10 0.659375 0.8796875 0.01640625 0.01328125
10 0.575 0.88984375 0.040625 0.0078125
10 0.88515625 0.0890625 0.021875 0.003125
5 0.46875 0.9 0.02109375 0.0046875
12 0.121875 0.90078125 0.0875 0.03515625
10 0.81328125 0.90390625 0.0328125 0.00546875
5 0.47109375 0.90390625 0.021875 0.0046875
5 0.46953125 0.90859375 0.01953125 0.003125
0 0.19921875 0.91328125 0.034375 0.009375
5 0.46875 0.9140625 0.01875 0.003125
5 0.47265625 0.91875 0.02109375 0.00390625
10 0.57109375 0.921875 0.0296875 0.00703125
0 0.2265625 0.934375 0.08359375 0.02890625
10 0.77578125 0.94140625 0.01796875 0.0140625
10 0.8046875 0.94609375 0.03125 0.00625
5 0.60078125 0.946875 0.02890625 0.00703125
10 0.6484375 0.953125 0.015625 0.0125
10 0.62890625 0.953125 0.01640625 0.0140625
10 0.28984375 0.09921875 0.01796875 0.00390625
7 0.865625 0.1015625 0.05625 0.01796875
0 0.40625 0.10703125 0.07109375 0.0203125
12 0.15 0.1078125 0.16796875 0.053125
10 0.28984375 0.1109375 0.02578125 0.00390625
10 0.32734375 0.11484375 0.03203125 0.0078125
5 0.86015625 0.1203125 0.02578125 0.00546875
10 0.884375 0.12109375 0.02109375 0.0046875
7 0.86640625 0.134375 0.0578125 0.01875
7 0.37109375 0.1390625 0.034375 0.01328125
7 0.4390625 0.13984375 0.034375 0.01328125
7 0.2609375 0.16953125 0.03671875 0.0125
12 0.1640625 0.17734375 0.12734375 0.06328125
10 0.86875 0.178125 0.0234375 0.0078125
7 0.2609375 0.1859375 0.03984375 0.01484375
7 0.8828125 0.2203125 0.0328125 0.01640625
7 0.83203125 0.2234375 0.03984375 0.01328125
12 0.115625 0.24375 0.19765625 0.04296875
7 0.2515625 0.24609375 0.03125 0.0171875
10 0.8625 0.26015625 0.0234375 0.00703125
10 0.8125 0.2828125 0.00625 0.0078125
10 0.78203125 0.28984375 0.02578125 0.00546875
5 0.88125 0.2921875 0.02109375 0.0046875
5 0.825 0.2921875 0.02109375 0.0046875
5 0.84609375 0.29296875 0.01796875 0.00234375
5 0.88203125 0.296875 0.01953125 0.0046875
10 0.78203125 0.3015625 0.02578125 0.00703125
10 0.1875 0.30625 0.01875 0.003125
5 0.1875 0.31171875 0.01953125 0.0046875
10 0.35703125 0.34453125 0.0109375 0.0109375
0 0.309375 0.35703125 0.07734375 0.02890625
10 0.45390625 0.371875 0.11015625 0.0234375
10 0.2609375 0.0390625 0.01953125 0.01015625
5 0.709375 0.4078125 0.015625 0.01171875
10 0.69375 0.4078125 0.01015625 0.009375
12 0.09140625 0.4125 0.13046875 0.1609375
10 0.790625 0.4125 0.02578125 0.00546875
10 0.83828125 0.41953125 0.01875 0.00390625
10 0.69375 0.42265625 0.0109375 0.009375
5 0.70859375 0.4234375 0.01875 0.0109375
0 0.7828125 0.43203125 0.07421875 0.03046875
0 0.46875 0.43515625 0.1484375 0.0609375
10 0.73125 0.440625 0.0125 0.009375
10 0.78046875 0.4515625 0.0234375 0.00546875
10 0.75546875 0.4515625 0.02109375 0.00546875
12 0.15546875 0.046875 0.1671875 0.05546875
5 0.72578125 0.46328125 0.00078125 0.00546875