12 0.20078125 0.10234375 0.11484375 0.125
12 0.4875 0.08828125 0.303125 0.1765625
12 0.77578125 0.10546875 0.11015625 0.12734375
6 0.909375 0.28671875 0.11015625 0.12265625
11 0.628125 0.33671875 0.125 0.06015625
0 0.55390625 0.47109375 0.21875 0.12890625
0 0.29609375 0.90390625 0.09140625 0.0625
0 0.48046875 0.90546875 0.12265625 0.075
10 0.428125 0.21328125 0.02265625 0.02734375
10 0.484375 0.21328125 0.02265625 0.02734375
5 0.39140625 0.30234375 0.02109375 0.02109375
5 0.43203125 0.30078125 0.01875 0.02734375
5 0.728125 0.32734375 0.01875 0.025
5 0.521875 0.346875 0.02265625 0.025
5 0.51328125 0.85859375 0.04375 0.01640625
1 0.26015625 0.62421875 0.10390625 0.03125
1 0.66796875 0.88125 0.08984375 0.04140625
7 0.396875 0.646875 0.12265625 0.08125
7 0.26015625 0.5125 0.12890625 0.08359375
5 0.29375 0.45390625 0.0625 0.01640625
5 0.35390625 0.440625 0.02890625 0.03515625
5 0.69765625 0.57109375 0.02890625 0.02890625
5 0.73984375 0.390625 0.0375 0.04375
5 0.22109375 0.67890625 0.03359375 0.03515625
5 0.28203125 0.678125 0.03984375 0.04375
5 0.57109375 0.61875 0.02109375 0.025
5 0.6875 0.61796875 0.02890625 0.02265625
5 0.26328125 0.85625 0.05625 0.02109375
5 0.38984375 0.85546875 0.04140625 0.02265625
5 0.66796875 0.92109375 0.08125 0.0375
5 0.409375 0.5625 0.05625 0.025