8 0.69765625 0.290625 0.60390625 0.56875
10 0.43046875 0.659375 0.10625 0.075
10 0.57109375 0.653125 0.10625 0.06484375
0 0.51328125 0.83828125 0.21484375 0.23515625
11 0.321875 0.79765625 0.08515625 0.25
5 0.21875 0.8 0.08359375 0.2125
5 0.79140625 0.73359375 0.2125 0.075
5 0.790625 0.80234375 0.2 0.05390625
5 0.79140625 0.86953125 0.2 0.06015625
5 0.790625 0.93515625 0.18984375 0.06640625
10 0.11171875 0.9 0.06875 0.10859375
1 0.11484375 0.75703125 0.08359375 0.10625
13 0.803125 0.62421875 0.16015625 0.03984375
13 0.81953125 0.67421875 0.16875 0.05234375