0 0.49140625 0.35 0.29609375 0.39140625
0 0.49140625 0.60859375 0.10390625 0.09140625
0 0.490625 0.72109375 0.07109375 0.0875
6 0.36796875 0.85546875 0.04375 0.08984375
6 0.61953125 0.85078125 0.04375 0.08125
7 0.61640625 0.60703125 0.04140625 0.03515625
7 0.615625 0.73046875 0.04765625 0.03984375
13 0.46953125 0.78671875 0.01484375 0.01875
13 0.49140625 0.78671875 0.0125 0.01875
13 0.51328125 0.78671875 0.01484375 0.01875
13 0.42109375 0.78125 0.0375 0.02109375
1 0.371875 0.70234375 0.01875 0.03359375
10 0.371875 0.584375 0.01875 0.03515625
10 0.40234375 0.58203125 0.02109375 0.03515625
10 0.37421875 0.62109375 0.01875 0.0125
10 0.40625 0.63828125 0.01640625 0.02734375
10 0.37265625 0.65234375 0.01640625 0.00859375
10 0.41640625 0.678125 0.01640625 0.01015625
10 0.41796875 0.69609375 0.01875 0.0125
10 0.41171875 0.81328125 0.01015625 0.01875
5 0.371875 0.74609375 0.01015625 0.025
5 0.37421875 0.634375 0.02265625 0.01015625
5 0.41875 0.70859375 0.02109375 0.00859375
5 0.42734375 0.74765625 0.0125 0.02109375
5 0.409375 0.74921875 0.01484375 0.02265625
5 0.55859375 0.68359375 0.0125 0.02109375
5 0.57265625 0.68671875 0.0125 0.01875
5 0.559375 0.753125 0.01015625 0.02265625
5 0.57421875 0.75390625 0.01015625 0.02109375
12 0.49453125 0.86796875 0.12734375 0.11875