0 0.32578125 0.48984375 0.35234375 0.325
0 0.70859375 0.39140625 0.10234375 0.1
0 0.70546875 0.571875 0.11015625 0.13359375
7 0.61328125 0.48203125 0.05625 0.06015625
7 0.61796875 0.38671875 0.05234375 0.05859375
6 0.86328125 0.35625 0.09375 0.05859375
6 0.86171875 0.62734375 0.09765625 0.06640625
5 0.78515625 0.615625 0.02109375 0.04375
5 0.78671875 0.35546875 0.01484375 0.03984375
5 0.784375 0.415625 0.01875 0.04375
5 0.53359375 0.35546875 0.01640625 0.03515625
5 0.56640625 0.36328125 0.02109375 0.04375
5 0.61875 0.340625 0.0375 0.01875
5 0.55 0.434375 0.03359375 0.02265625
5 0.546875 0.459375 0.03125 0.02265625
5 0.54765625 0.48359375 0.03359375 0.02109375
5 0.54765625 0.509375 0.03515625 0.01875
5 0.546875 0.5375 0.03984375 0.025
1 0.54453125 0.56484375 0.04375 0.025
1 0.54921875 0.40859375 0.04765625 0.02109375
5 0.61875 0.52578125 0.03125 0.02265625
12 0.88125 0.49375 0.125 0.13359375
10 0.53125 0.61640625 0.02265625 0.04375
10 0.56484375 0.615625 0.02109375 0.04375
13 0.62109375 0.59765625 0.02890625 0.06640625
13 0.78515625 0.55859375 0.025 0.03984375
10 0.78203125 0.49296875 0.01484375 0.04765625