11 0.58046875 0.228125 0.1875 0.08984375
11 0.52734375 0.64296875 0.12109375 0.08125
0 0.40078125 0.271875 0.10625 0.17734375
12 0.2 0.39921875 0.1875 0.14765625
12 0.77578125 0.40625 0.20625 0.175
12 0.49453125 0.83359375 0.18125 0.16484375
10 0.17734375 0.25234375 0.01640625 0.025
10 0.28984375 0.25703125 0.0125 0.02734375
10 0.20390625 0.25546875 0.0125 0.03125
10 0.25 0.26171875 0.03359375 0.01875
10 0.25 0.28828125 0.02890625 0.01484375
10 0.25234375 0.30703125 0.02890625 0.01484375
10 0.31328125 0.31640625 0.01484375 0.02734375
10 0.5125 0.296875 0.0375 0.01875
5 0.56484375 0.29609375 0.03359375 0.01640625
7 0.49140625 0.57890625 0.05390625 0.0375
10 0.55 0.56171875 0.05 0.02265625
7 0.47265625 0.715625 0.05390625 0.05234375
10 0.41875 0.6375 0.02109375 0.0375
10 0.42109375 0.69453125 0.02109375 0.04375
10 0.56875 0.70625 0.04609375 0.02109375
10 0.56640625 0.73828125 0.04375 0.02265625
5 0.44765625 0.57578125 0.01640625 0.03125
10 0.55 0.59140625 0.05 0.02109375
5 0.51796875 0.71640625 0.01875 0.04375