10 0.22578125 0.13359375 0.06875 0.12109375
10 0.35390625 0.13359375 0.06015625 0.12109375
10 0.540625 0.08203125 0.12734375 0.13984375
10 0.684375 0.21015625 0.13125 0.125
3 0.76875 0.07421875 0.15859375 0.14765625
0 0.71796875 0.85 0.18125 0.19140625
12 0.0375 0.64296875 0.0625 0.20625
1 0.909375 0.23984375 0.08984375 0.0875
0 0.39609375 0.33984375 0.4125 0.19609375
5 0.1625 0.334375 0.05 0.17890625
5 0.24453125 0.64453125 0.05234375 0.17734375
5 0.63984375 0.43359375 0.05 0.15390625
5 0.71953125 0.43046875 0.05234375 0.14375
5 0.796875 0.43359375 0.04765625 0.15
5 0.87890625 0.440625 0.05390625 0.13515625
5 0.953125 0.44453125 0.05625 0.12265625
5 0.33359375 0.6375 0.06015625 0.15
5 0.41015625 0.63671875 0.05390625 0.13984375
5 0.49296875 0.634375 0.05625 0.125