4 0.27890625 0.24375 0.24140625 0.20390625
4 0.27734375 0.60546875 0.2375 0.19609375
4 0.56328125 0.60625 0.23125 0.20390625
4 0.55703125 0.23828125 0.23125 0.20625
12 0.06953125 0.278125 0.12265625 0.29765625
12 0.06875 0.571875 0.12109375 0.28984375
12 0.11484375 0.92421875 0.22890625 0.14765625
12 0.34453125 0.925 0.2375 0.15
13 0.81484375 0.17734375 0.02890625 0.07109375
13 0.82109375 0.35625 0.025 0.07109375
13 0.81796875 0.5625 0.02734375 0.06640625
13 0.82109375 0.759375 0.025 0.075
7 0.86875 0.77265625 0.04609375 0.05859375
7 0.86015625 0.58046875 0.05 0.05234375
7 0.86171875 0.37578125 0.03984375 0.05859375
7 0.865625 0.19375 0.05625 0.05390625
12 0.58359375 0.96875 0.24609375 0.0625
12 0.84453125 0.96875 0.23984375 0.05859375
12 0.47578125 0.05546875 0.31015625 0.06015625
12 0.80859375 0.05 0.31640625 0.075
5 0.86328125 0.14140625 0.04375 0.025
5 0.81328125 0.265625 0.01875 0.06015625
5 0.8375 0.265625 0.025 0.05625
5 0.871875 0.24765625 0.04375 0.025
5 0.859375 0.32109375 0.04375 0.03359375
5 0.81640625 0.44921875 0.02109375 0.05234375
5 0.83828125 0.44453125 0.01875 0.05625
5 0.87421875 0.4375 0.03515625 0.025
5 0.8625 0.528125 0.03515625 0.03125
5 0.81171875 0.653125 0.02265625 0.05234375
5 0.83828125 0.653125 0.02265625 0.05625
5 0.875 0.63828125 0.03984375 0.02265625
5 0.86875 0.71875 0.03984375 0.02890625
5 0.88203125 0.81875 0.03984375 0.02109375
5 0.81796875 0.8375 0.02265625 0.05390625
5 0.840625 0.834375 0.01875 0.05234375
1 0.87578125 0.85078125 0.04375 0.02265625
1 0.87421875 0.67421875 0.04765625 0.02734375
1 0.87265625 0.46953125 0.05 0.025
1 0.87265625 0.275 0.04609375 0.02109375