13 0.89140625 0.10234375 0.1375 0.14609375
10 0.35625 0.04140625 0.071875 0.0828125
10 0.62890625 0.23828125 0.075 0.06015625
0 0.49609375 0.11953125 0.15859375 0.10234375
7 0.28984375 0.275 0.09609375 0.07890625
7 0.2875 0.40546875 0.10390625 0.08515625
7 0.31171875 0.53984375 0.08125 0.06640625
7 0.32265625 0.67265625 0.1 0.06640625
7 0.31328125 0.80546875 0.10234375 0.07265625
7 0.30703125 0.93359375 0.11015625 0.075
5 0.46953125 0.33984375 0.07734375 0.05390625
5 0.46640625 0.44375 0.06640625 0.0625
5 0.46796875 0.56328125 0.06484375 0.06484375
5 0.46015625 0.69453125 0.07109375 0.06640625
5 0.47578125 0.81328125 0.06875 0.05625
5 0.48359375 0.93984375 0.0625 0.06640625
5 0.71953125 0.19140625 0.09375 0.04140625