0 0.5127104171875 0.7497833328125 0.61439375 0.5073583328125 0.5105625 0.2683979171875 0.41962083281250007 0.4779229171875 0.5127104171875 0.7497833328125
12 0.72890625 0.62265625 0.04140625 0.21015625
12 0.06875 0.50234375 0.13359375 0.44140625
12 0.80234375 0.58203125 0.1 0.125
12 0.80625 0.70625 0.10234375 0.10625
12 0.9421875 0.496875 0.115625 0.34375
6 0.76875 0.35859375 0.13359375 0.17109375
11 0.346875 0.490625 0.08125 0.48984375
0 0.24609375 0.48984375 0.07890625 0.35390625
1 0.165625 0.628125 0.03515625 0.18125
1 0.16796875 0.35859375 0.03515625 0.175