15 0.55234375 0.14453125 0.15859375 0.16875
15 0.53515625 0.378125 0.125 0.17890625
15 0.5375 0.625 0.1375 0.16640625
15 0.54609375 0.871875 0.14609375 0.16015625
6 0.24140625 0.86875 0.1125 0.10625
5 0.33359375 0.15234375 0.05390625 0.07109375
12 0.77109375 0.08125 0.1875 0.08359375
12 0.78515625 0.20859375 0.20859375 0.1
12 0.77734375 0.32421875 0.18359375 0.08515625
12 0.790625 0.45234375 0.21875 0.08515625
12 0.790625 0.57578125 0.2 0.09375
12 0.78203125 0.696875 0.21875 0.08984375
12 0.78359375 0.81796875 0.1875 0.08984375
12 0.78671875 0.94296875 0.21875 0.10234375
12 0.21328125 0.509375 0.4265625 0.4125
1 0.21875 0.15859375 0.1 0.0375