12 0.29296875 0.67109375 0.425 0.425
4 0.5762041671875 0.7211854171875001 0.8126791671875001 0.45446875000000003 0.5698562500000001 0.28618125 0.33496875 0.5370229171875 0.5762041671875 0.7211854171875001
4 0.3476645828125 0.5243229171875 0.5809645828125001 0.28459375 0.3524270828125 0.1417083328125 0.1198916671875 0.37419166718749997 0.3476645828125 0.5243229171875
12 0.82734375 0.26328125 0.12890625 0.12734375
12 0.6375 0.14765625 0.15390625 0.125
1 0.46953125 0.18046875 0.05390625 0.04765625
5 0.52578125 0.21640625 0.05234375 0.04609375
7 0.825 0.50390625 0.0625 0.06015625
1 0.88515625 0.42890625 0.05 0.04609375
5 0.82109375 0.38984375 0.04609375 0.04140625
5 0.78828125 0.425 0.05234375 0.0375
0 0.69609375 0.31953125 0.11640625 0.11015625
0 0.61640625 0.265625 0.08984375 0.08125