12 0.47890625 0.43125 0.34140625 0.14609375
12 0.37734375 0.84609375 0.18359375 0.1
12 0.65234375 0.83671875 0.17109375 0.08125
1 0.38203125 0.68359375 0.04765625 0.05390625
1 0.5125 0.68046875 0.0625 0.07265625
1 0.62890625 0.67890625 0.06640625 0.06640625
1 0.76328125 0.690625 0.06640625 0.06640625
13 0.38046875 0.61640625 0.03125 0.07109375
13 0.509375 0.615625 0.03515625 0.05234375
13 0.63515625 0.61796875 0.04609375 0.06484375
13 0.75625 0.61328125 0.04609375 0.06484375
1 0.703125 0.42109375 0.06015625 0.07109375
5 0.70546875 0.46171875 0.06484375 0.04375
5 0.38125 0.746875 0.04140625 0.07265625
5 0.50859375 0.75 0.03359375 0.07890625
5 0.62734375 0.73984375 0.03984375 0.0625
5 0.753125 0.74375 0.03984375 0.05390625
15 0.31484375 0.66328125 0.08515625 0.17734375
15 0.45234375 0.66953125 0.075 0.18515625
15 0.571875 0.67109375 0.05390625 0.175
15 0.709375 0.66640625 0.06015625 0.1625