6 0.653125 0.27109375 0.10234375 0.09140625
6 0.51953125 0.31328125 0.09765625 0.10625
6 0.378125 0.35546875 0.09375 0.09765625
12 0.859375 0.38125 0.14140625 0.225
12 0.171875 0.640625 0.17734375 0.25859375
0 0.209375 0.428125 0.14375 0.11484375
0 0.58359375 0.44609375 0.08359375 0.10859375
0 0.36796875 0.490625 0.09765625 0.08125
0 0.69765625 0.36328125 0.10390625 0.07734375
10 0.44765625 0.41875 0.0375 0.03359375
5 0.72421875 0.22109375 0.04375 0.0375
5 0.74296875 0.28671875 0.03984375 0.03984375
5 0.73828125 0.40703125 0.03984375 0.03515625
5 0.47109375 0.49921875 0.04140625 0.02734375
1 0.45546875 0.45390625 0.03984375 0.0375
1 0.734375 0.25546875 0.03515625 0.04375
10 0.27734375 0.53359375 0.12109375 0.08515625
4 0.409375 0.67265625 0.31484375 0.22734375
14 0.703125 0.56875 0.29765625 0.2375
13 0.86953125 0.52265625 0.06015625 0.05