9 0.296875 0.253125 0.18125 0.38984375
5 0.39375 0.5625 0.11640625 0.07890625
13 0.11640625 0.85546875 0.04609375 0.06015625
13 0.11953125 0.92578125 0.04765625 0.075
13 0.065625 0.884375 0.03125 0.14375
13 0.04140625 0.45 0.02109375 0.10859375
10 0.08671875 0.42734375 0.01875 0.075
10 0.06484375 0.47421875 0.0125 0.04765625
5 0.06484375 0.42109375 0.0125 0.04609375
5 0.090625 0.48984375 0.02265625 0.03359375
0 0.159375 0.509375 0.05625 0.20625
5 0.22890625 0.76484375 0.025 0.04140625
5 0.23671875 0.59140625 0.01015625 0.05859375
5 0.21875 0.53046875 0.0125 0.06015625
10 0.23359375 0.515625 0.0125 0.05390625
10 0.178125 0.70234375 0.05390625 0.125
5 0.259375 0.70703125 0.03125 0.03984375
5 0.290625 0.7625 0.03125 0.05