2 0.45 0.25 0.7125 0.27890625
2 0.44375 0.64765625 0.7 0.27109375
13 0.428125 0.871875 0.55625 0.11875
10 0.075 0.06796875 0.0875 0.06484375
10 0.47109375 0.06953125 0.09609375 0.06015625
10 0.56328125 0.06015625 0.07265625 0.05859375
10 0.77265625 0.06484375 0.0875 0.0625
5 0.66328125 0.06171875 0.09765625 0.04765625
5 0.67109375 0.45859375 0.07109375 0.04609375
10 0.46328125 0.46328125 0.13515625 0.06875
10 0.565625 0.459375 0.07734375 0.05625
10 0.79140625 0.46171875 0.1125 0.05625
10 0.04765625 0.93984375 0.09140625 0.0625
1 0.31953125 0.96875 0.19375 0.025
5 0.54453125 0.97109375 0.14375 0.0375