9 0.5375 0.46796875 0.30859375 0.36015625
7 0.32109375 0.140625 0.11640625 0.09765625
7 0.559375 0.21171875 0.11015625 0.08984375
7 0.684375 0.76875 0.10625 0.09375
13 0.68359375 0.221875 0.0625 0.05625
0 0.48828125 0.81015625 0.21484375 0.27109375
5 0.31328125 0.23828125 0.05859375 0.03359375
5 0.30078125 0.38515625 0.02890625 0.075
5 0.3875 0.221875 0.01640625 0.05625
5 0.453125 0.18984375 0.04375 0.04140625
5 0.69765625 0.878125 0.05 0.03125
5 0.27890625 0.69765625 0.02265625 0.0625
5 0.30390625 0.61015625 0.0375 0.075
10 0.32421875 0.77734375 0.04765625 0.0625
10 0.68984375 0.91875 0.05390625 0.025