0 0.28359375 0.50390625 0.31640625 0.49609375
0 0.61953125 0.58828125 0.15625 0.21875
6 0.35078125 0.05546875 0.10234375 0.08515625
0 0.7625 0.35625 0.1125 0.22109375
0 0.55 0.19453125 0.11640625 0.14765625
12 0.91328125 0.84375 0.16875 0.24609375
12 0.9171875 0.5015625 0.165625 0.25
12 0.91328125 0.165625 0.17265625 0.23125
6 0.74375 0.059375 0.10390625 0.08984375
6 0.74765625 0.94609375 0.0875 0.0875
0 0.56640625 0.93984375 0.07109375 0.08359375
0 0.29453125 0.946875 0.06484375 0.08125
1 0.18515625 0.09296875 0.07890625 0.12265625
11 0.48046875 0.57890625 0.05625 0.1
10 0.48203125 0.50859375 0.02265625 0.02109375
10 0.48359375 0.64765625 0.025 0.01640625
10 0.27578125 0.18984375 0.01484375 0.0375
10 0.51171875 0.096875 0.04375 0.02734375
10 0.58984375 0.05078125 0.05390625 0.03984375
10 0.590625 0.09609375 0.05234375 0.03359375
10 0.175 0.84765625 0.04609375 0.02890625
10 0.17578125 0.90078125 0.05234375 0.04375
10 0.36328125 0.94375 0.02265625 0.07109375
10 0.39453125 0.93671875 0.02890625 0.07734375
10 0.53359375 0.83984375 0.02890625 0.075
10 0.56796875 0.84375 0.02265625 0.06640625
10 0.61953125 0.93203125 0.02265625 0.06875
10 0.653125 0.92421875 0.03125 0.075
10 0.6625 0.83203125 0.0125 0.03984375
10 0.765625 0.61328125 0.02734375 0.01875
10 0.765625 0.52734375 0.02265625 0.02109375
13 0.23203125 0.85546875 0.03125 0.12890625
13 0.70703125 0.80234375 0.04765625 0.14609375
7 0.76953125 0.846875 0.05625 0.08984375
7 0.72578125 0.146875 0.05234375 0.07265625
1 0.76640625 0.68671875 0.04609375 0.03125
1 0.76796875 0.725 0.04765625 0.03359375
5 0.3125 0.83671875 0.1 0.12265625
5 0.46328125 0.89453125 0.08125 0.14765625
5 0.21953125 0.96484375 0.01484375 0.03515625
5 0.24375 0.96484375 0.01640625 0.04609375
5 0.61484375 0.87109375 0.02109375 0.01640625
5 0.62265625 0.83203125 0.01640625 0.03515625
5 0.64375 0.83125 0.0125 0.03515625
5 0.76484375 0.56015625 0.025 0.02109375
5 0.76484375 0.58515625 0.02109375 0.02109375
5 0.8125 0.6875 0.02109375 0.02109375
5 0.81640625 0.709375 0.01640625 0.01875
5 0.815625 0.74609375 0.01484375 0.02109375
5 0.82890625 0.32109375 0.0125 0.0375
5 0.85 0.31875 0.0125 0.03359375
5 0.76484375 0.14453125 0.0125 0.03359375
5 0.64765625 0.259375 0.02265625 0.02734375
5 0.29765625 0.18671875 0.0125 0.03515625
5 0.315625 0.1875 0.01484375 0.03359375
5 0.37890625 0.18984375 0.0125 0.02890625
5 0.39921875 0.1875 0.01484375 0.02890625
13 0.66171875 0.1375 0.0625 0.13125