12 0.60234375 0.8 0.12109375 0.11640625
12 0.80234375 0.69453125 0.14609375 0.12109375
12 0.19623541718749998 0.3328083328125 0.6422604171875 0.1298 0.5943125 0.048372917187499996 0.1315625 0.2501145828125 0.19623541718749998 0.3328083328125
4 0.66171875 0.26640625 0.34375 0.30390625
4 0.41953125 0.37421875 0.34375 0.32265625
7 0.39765625 0.696875 0.0625 0.07265625
7 0.77421875 0.50625 0.06484375 0.05859375
13 0.70390625 0.5375 0.05859375 0.05859375
13 0.47890625 0.64921875 0.0625 0.05625
1 0.43046875 0.79765625 0.06484375 0.05
1 0.85703125 0.59140625 0.04765625 0.03984375
5 0.47578125 0.72109375 0.05625 0.04609375
5 0.50625 0.76484375 0.05390625 0.0375
5 0.75703125 0.58359375 0.05234375 0.03984375
5 0.790625 0.62421875 0.05234375 0.03125
0 0.68984375 0.634375 0.10625 0.11484375
0 0.603125 0.68125 0.12890625 0.125