12 0.48828125 0.11015625 0.50625 0.21640625
6 0.63954375 0.5845333328125 0.3141041671875 0.5857958328125 0.3200833328125 0.6688520828125 0.6371270828125 0.66816875 0.63954375 0.5845333328125
11 0.6401666671874999 0.5221312499999999 0.69246875 0.5459020828125001 0.8200833328125 0.49426249999999994 0.7719666671875001 0.47213125 0.7489541671875 0.47786875 0.6401666671874999 0.5221312499999999
1 0.7015687500000001 0.8242833328125 0.6983479171875 0.772525 0.6338916671875 0.7721312499999999 0.6317999999999999 0.82213125 0.7015687500000001 0.8242833328125
1 0.5726833328125001 0.8223895828125001 0.56785 0.7696833328125 0.5098499999999999 0.7690520828125 0.5062770828125001 0.82213125 0.5726833328125001 0.8223895828125001
1 0.4372375 0.8262291671875 0.4351458328125 0.77295 0.3817708328125 0.77189375 0.3817708328125 0.8252312500000001 0.4372375 0.8262291671875
1 0.3173270828125 0.8246 0.3092708328125 0.7741020828125 0.2593270828125 0.77505 0.25941458281249996 0.8254104171875 0.3173270828125 0.8246
5 0.29609375 0.72578125 0.05625 0.05234375
5 0.40859375 0.72265625 0.04609375 0.04375
5 0.54140625 0.72421875 0.05390625 0.03984375
5 0.66015625 0.72890625 0.05859375 0.04140625
0 0.51323125 0.5207625 0.8100104171875 0.39888124999999997 0.48820208281250005 0.2713979171875 0.1767729171875 0.3885958328125 0.51323125 0.5207625