2 0.90546875 0.30546875 0.15234375 0.30234375
10 0.628125 0.65625 0.14765625 0.20390625
10 0.21328125 0.67265625 0.14765625 0.22265625
10 0.06328125 0.31328125 0.10625 0.17734375
10 0.21484375 0.18203125 0.12109375 0.19375
10 0.359375 0.18359375 0.1125 0.2
10 0.59609375 0.24140625 0.12109375 0.175
10 0.74375 0.1 0.11640625 0.18359375
10 0.47421875 0.378125 0.11875 0.17890625
10 0.38515625 0.028125 0.05390625 0.04765625
10 0.62265625 0.115625 0.05390625 0.05234375
10 0.78984375 0.31875 0.03359375 0.09140625
10 0.728125 0.321875 0.04375 0.04765625
10 0.94765625 0.54921875 0.0375 0.10234375
10 0.86953125 0.55 0.08984375 0.06640625
10 0.76953125 0.871875 0.06484375 0.13515625
10 0.503125 0.79140625 0.05625 0.14140625
10 0.37109375 0.69296875 0.05 0.13125
10 0.31640625 0.41328125 0.03359375 0.07734375
10 0.24296875 0.321875 0.06015625 0.05234375
10 0.05078125 0.453125 0.07265625 0.04765625
10 0.0625 0.840625 0.05859375 0.12734375
10 0.18828125 0.828125 0.05625 0.04765625
10 0.3375 0.90234375 0.05390625 0.14140625
10 0.6625 0.81640625 0.05859375 0.05390625
10 0.45703125 0.51953125 0.0625 0.05234375
5 0.85 0.10234375 0.03359375 0.0875
5 0.62734375 0.04609375 0.05859375 0.0375
5 0.46171875 0.11015625 0.02734375 0.0875
5 0.51171875 0.11640625 0.03125 0.0875
5 0.56171875 0.07890625 0.02265625 0.0875
5 0.07578125 0.075 0.03125 0.07890625
5 0.125 0.15390625 0.025 0.0625
5 0.05546875 0.18984375 0.04765625 0.04140625
5 0.36171875 0.39609375 0.01875 0.07109375
5 0.37109375 0.53828125 0.02109375 0.07734375
5 0.31875 0.53671875 0.025 0.0625
5 0.503125 0.66875 0.05234375 0.04609375
5 0.73203125 0.24140625 0.05625 0.05390625
5 0.7375 0.51171875 0.025 0.07109375
5 0.790625 0.50703125 0.02734375 0.06875
5 0.89609375 0.67265625 0.02734375 0.08359375
5 0.83671875 0.66796875 0.03125 0.06015625
5 0.77734375 0.66796875 0.03359375 0.07109375
5 0.89375 0.83984375 0.02109375 0.06640625
5 0.98125 0.80390625 0.02890625 0.08359375
5 0.425 0.85234375 0.03359375 0.075
5 0.428125 0.959375 0.04375 0.03515625
5 0.09140625 0.68125 0.04609375 0.05390625
5 0.24140625 0.93828125 0.05 0.05234375
5 0.70234375 0.96796875 0.04375 0.04375
5 0.85859375 0.959375 0.05 0.05625
5 0.47734375 0.2375 0.05 0.05859375
7 0.95703125 0.92109375 0.04765625 0.10234375
7 0.61171875 0.91953125 0.04765625 0.11015625
7 0.14375 0.91640625 0.05 0.10390625
7 0.50390625 0.91640625 0.04609375 0.1
0 0.63203125 0.44453125 0.11015625 0.1625