0 0.53203125 0.50546875 0.16015625 0.09375
0 0.30390625 0.68515625 0.075 0.0375
1 0.57109375 0.07734375 0.07109375 0.07890625
1 0.49375 0.88359375 0.10859375 0.05
1 0.4125 0.08125 0.0875 0.0625
5 0.725 0.3375 0.1 0.0375
5 0.728125 0.38671875 0.08984375 0.03515625
5 0.72578125 0.43828125 0.08125 0.03515625
5 0.62265625 0.86796875 0.05390625 0.06484375
5 0.7125 0.8625 0.05 0.075
5 0.803125 0.871875 0.05625 0.06875
10 0.41875 0.68359375 0.05 0.0625
10 0.1875 0.6875 0.05859375 0.0625
10 0.32421875 0.43359375 0.09765625 0.03359375
10 0.32109375 0.3875 0.0875 0.0375
0 0.503125 0.21015625 0.17265625 0.1125