1 0.73046875 0.28046875 0.04375 0.05234375
7 0.771875 0.34140625 0.06875 0.0625
3 0.36640625 0.53203125 0.1875 0.18515625
0 0.52265625 0.4375 0.225 0.1875
5 0.6125 0.35546875 0.05390625 0.04765625
5 0.39921875 0.3875 0.05625 0.04140625
5 0.48203125 0.33984375 0.06484375 0.03359375
5 0.56953125 0.28984375 0.04765625 0.0375
5 0.653125 0.33359375 0.04765625 0.04140625
5 0.69609375 0.309375 0.05 0.04375
5 0.725 0.38828125 0.05 0.04765625
10 0.68671875 0.4125 0.04765625 0.04140625
12 0.86328125 0.21875 0.20234375 0.1875
12 0.15 0.63828125 0.24609375 0.18515625
12 0.3086375 0.898125 0.9624958328125001 0.48141249999999997 0.93914375 0.3857125 0.2792583328125 0.791875 0.3086375 0.898125