7 0.15 0.34921875 0.15859375 0.17265625
5 0.32890625 0.33046875 0.09140625 0.18515625
0 0.4875 0.35078125 0.11640625 0.16015625
5 0.65625 0.21328125 0.0875 0.05234375
5 0.65859375 0.30390625 0.09140625 0.05859375
5 0.52578125 0.590625 0.08984375 0.05234375
10 0.17109375 0.19765625 0.09140625 0.05390625
10 0.15546875 0.50234375 0.09765625 0.06640625
10 0.15625 0.596875 0.08359375 0.05625
10 0.15859375 0.67890625 0.08359375 0.0625
10 0.52421875 0.50859375 0.10625 0.0625
10 0.52734375 0.68046875 0.10390625 0.06015625