7 0.26328125 0.109375 0.18125 0.06015625
7 0.28046875 0.23984375 0.16015625 0.05234375
7 0.2625 0.365625 0.16640625 0.06875
7 0.29375 0.49453125 0.17890625 0.06015625
7 0.27890625 0.62109375 0.14140625 0.05859375
7 0.278125 0.7625 0.125 0.07109375
7 0.27265625 0.88515625 0.11640625 0.05390625
1 0.71640625 0.109375 0.34375 0.04765625
1 0.71875 0.23515625 0.26640625 0.03984375
1 0.72578125 0.3625 0.3125 0.04609375
1 0.70390625 0.48828125 0.34140625 0.04375
1 0.71953125 0.61953125 0.28984375 0.04375
1 0.71953125 0.75625 0.28125 0.04140625
1 0.71875 0.88125 0.24609375 0.04140625
5 0.32265625 0.05859375 0.14609375 0.02890625
5 0.32734375 0.1875 0.14765625 0.0375
5 0.31328125 0.31796875 0.15625 0.02734375
5 0.290625 0.44609375 0.16484375 0.02890625
5 0.334375 0.57890625 0.14375 0.02890625
5 0.32890625 0.71328125 0.15390625 0.02734375
5 0.30546875 0.84609375 0.18125 0.03359375
5 0.77421875 0.93359375 0.23125 0.03984375
5 0.78359375 0.80078125 0.22890625 0.03125
5 0.76953125 0.66796875 0.25625 0.03515625
5 0.78515625 0.540625 0.15 0.03125
5 0.778125 0.40625 0.17265625 0.03359375
5 0.76953125 0.27890625 0.18125 0.04140625
5 0.78515625 0.146875 0.17890625 0.03984375