2 0.67109375 0.253125 0.25859375 0.44765625
13 0.471875 0.23359375 0.13125 0.34609375
13 0.85703125 0.253125 0.10234375 0.30625
12 0.20703125 0.53125 0.38984375 0.90859375
10 0.471875 0.59375 0.08515625 0.21875
10 0.56875 0.6125 0.10859375 0.22109375
10 0.70546875 0.59140625 0.03515625 0.11640625
10 0.775 0.85 0.02890625 0.11640625
10 0.94140625 0.60078125 0.09609375 0.21015625
0 0.78359375 0.61328125 0.10234375 0.17734375
1 0.45546875 0.853125 0.06015625 0.14765625
5 0.5125 0.85234375 0.03984375 0.11640625
5 0.565625 0.83984375 0.03515625 0.11640625
5 0.61875 0.8375 0.04140625 0.13359375
5 0.66640625 0.83203125 0.03359375 0.11015625
5 0.71875 0.840625 0.04140625 0.13125
5 0.821875 0.83203125 0.03515625 0.12265625
5 0.86953125 0.83671875 0.03515625 0.11875
5 0.8625 0.59453125 0.04375 0.12734375
5 0.65703125 0.58046875 0.04375 0.11015625
5 0.95 0.278125 0.04140625 0.11015625