8 0.23671875 0.48203125 0.41015625 0.30625
11 0.66953125 0.56953125 0.22265625 0.06484375
0 0.85546875 0.41484375 0.08125 0.09609375
0 0.85859375 0.57578125 0.07109375 0.08125
13 0.64296875 0.41875 0.02734375 0.06640625
10 0.85234375 0.48671875 0.04609375 0.025
10 0.85234375 0.51953125 0.06640625 0.02734375
5 0.68515625 0.415625 0.02109375 0.06484375
5 0.72265625 0.41796875 0.02109375 0.05859375
5 0.75859375 0.41640625 0.02890625 0.06015625
5 0.653125 0.49453125 0.04765625 0.03125
5 0.74375 0.48828125 0.05859375 0.03125
5 0.94140625 0.415625 0.02890625 0.08125
5 0.94609375 0.584375 0.04609375 0.07734375