4 0.2125 0.428125 0.25 0.21875
4 0.39609375 0.36640625 0.23359375 0.22890625
4 0.54765625 0.28828125 0.23359375 0.22265625
4 0.72421875 0.21796875 0.23125 0.16484375
12 0.89609375 0.38828125 0.0625 0.09375
12 0.84140625 0.51484375 0.16640625 0.1125
7 0.240625 0.64453125 0.04765625 0.04375
7 0.41875 0.5875 0.0375 0.03984375
7 0.584375 0.525 0.04375 0.03984375
7 0.74375 0.46640625 0.04375 0.0375
13 0.28515625 0.59453125 0.04609375 0.04375
13 0.446875 0.53125 0.05234375 0.03515625
13 0.609375 0.47890625 0.06015625 0.04140625
13 0.76015625 0.41796875 0.05 0.04375
5 0.26796875 0.68046875 0.03984375 0.03125
5 0.28515625 0.7125 0.04140625 0.03984375
5 0.43203125 0.61875 0.04765625 0.03125
5 0.45703125 0.64609375 0.03984375 0.02734375
5 0.60390625 0.55859375 0.04609375 0.02890625
5 0.62578125 0.58125 0.03125 0.02890625
5 0.765625 0.49375 0.04765625 0.03359375
1 0.434375 0.69140625 0.04375 0.025
1 0.50078125 0.659375 0.04375 0.03125
1 0.575 0.640625 0.0375 0.03515625
1 0.64296875 0.6125 0.03515625 0.03984375
0 0.34453125 0.63359375 0.08359375 0.10859375
0 0.51953125 0.571875 0.08515625 0.08984375
0 0.684375 0.51171875 0.08515625 0.09765625
0 0.83984375 0.44375 0.08359375 0.08359375