2 0.2543270828125 1 0.5137791671875 0.9839645828125001 0.48420416718750003 0.6560937499999999 0.2341625 0.7146416671875 0.2543270828125 1
2 0.58984375 0.47421875 0.25390625 0.31015625
0 0.84765625 0.809375 0.26640625 0.26484375
0 0.31875 0.37734375 0.2 0.34140625
0 0.790625 0.29609375 0.11875 0.14609375
10 0.10546875 0.36796875 0.18125 0.22265625
10 0.83203125 0.5375 0.18515625 0.22109375
10 0.146875 0.88046875 0.13125 0.18125
13 0.56484375 0.79453125 0.07890625 0.18125
13 0.05234375 0.87265625 0.05 0.1875
0 0.50625 0.26328125 0.08359375 0.10625
13 0.15859375 0.584375 0.11640625 0.08515625
3 0.39921875 0.090625 0.21484375 0.16875
3 0.61328125 0.08671875 0.20390625 0.16875
3 0.83125 0.07578125 0.209375 0.1515625
5 0.571875 0.67109375 0.05625 0.025
5 0.65 0.67265625 0.05390625 0.02890625
10 0.73515625 0.67265625 0.03984375 0.02890625
5 0.21015625 0.10546875 0.025 0.06875
10 0.58671875 0.26015625 0.01875 0.05859375
10 0.68515625 0.26640625 0.02109375 0.04609375
1 0.92578125 0.23359375 0.02734375 0.10390625
1 0.93125 0.34765625 0.02734375 0.07890625
1 0.94453125 0.45 0.03125 0.08359375
5 0.640625 0.27265625 0.02734375 0.07109375
5 0.89375 0.28671875 0.02109375 0.05390625
5 0.89296875 0.36015625 0.01875 0.05
5 0.62734375 0.78203125 0.025 0.07109375