14 0.625 0.65703125 0.275 0.12734375
6 0.49609375 0.52578125 0.075 0.06875
6 0.61328125 0.52734375 0.08125 0.06640625
6 0.72421875 0.52578125 0.08125 0.06875
0 0.82109375 0.57265625 0.06640625 0.07109375
13 0.521875 0.453125 0.05625 0.03125
13 0.60703125 0.45625 0.06640625 0.02734375
0 0.39765625 0.48359375 0.075 0.075
10 0.39921875 0.41796875 0.04375 0.02265625
10 0.40234375 0.54296875 0.05 0.03125
10 0.43984375 0.60078125 0.025 0.04375
10 0.83359375 0.49453125 0.03359375 0.01875
10 0.834375 0.51796875 0.03515625 0.01875
5 0.46640625 0.60390625 0.025 0.04140625
5 0.83125 0.44921875 0.03359375 0.01875
5 0.83359375 0.47109375 0.02734375 0.01640625
5 0.45625 0.465625 0.01640625 0.03515625
1 0.46484375 0.66796875 0.01640625 0.04765625
12 0.54609375 0.34375 0.23359375 0.09140625
12 0.73125 0.37578125 0.14140625 0.19375
7 0.828125 0.415625 0.03984375 0.03984375
12 0.38828125 0.59609375 0.06875 0.09609375