3 0.36484375 0.39453125 0.06015625 0.04765625
0 0.290625 0.38984375 0.06484375 0.03359375
0 0.23046875 0.45390625 0.03515625 0.04140625
0 0.26484375 0.453125 0.0375 0.04375
0 0.29921875 0.45234375 0.025 0.04609375
0 0.33359375 0.44765625 0.0375 0.04140625
5 0.23359375 0.51796875 0.025 0.03125
5 0.26484375 0.51875 0.025 0.03359375
5 0.3 0.51796875 0.02734375 0.03125
5 0.33046875 0.51796875 0.02890625 0.03515625
12 0.30546875 0.57734375 0.18125 0.06640625
0 0.38125 0.521875 0.04140625 0.03125
10 0.371875 0.47890625 0.04375 0.04375
5 0.23203125 0.39140625 0.03515625 0.02265625
9 0.44296875 0.44609375 0.11875 0.09609375
12 0.45703125 0.58125 0.09375 0.07109375
10 0.43515625 0.51640625 0.0625 0.05
13 0.48125 0.515625 0.02734375 0.04375
0 0.51796875 0.453125 0.03515625 0.04375
0 0.553125 0.45546875 0.03515625 0.04765625
0 0.5875 0.45390625 0.03125 0.04609375
0 0.62109375 0.45390625 0.03515625 0.04609375
0 0.57890625 0.38828125 0.05390625 0.03515625
3 0.65 0.39375 0.0625 0.04609375
5 0.52109375 0.38984375 0.03359375 0.02109375
5 0.52109375 0.51796875 0.02265625 0.03515625
5 0.55390625 0.521875 0.025 0.03984375
5 0.58671875 0.51796875 0.02734375 0.03125
5 0.62109375 0.51875 0.025 0.03359375
0 0.66796875 0.521875 0.04765625 0.02734375
10 0.66796875 0.48515625 0.05234375 0.0375
10 0.60078125 0.41171875 0.01875 0.01015625
12 0.59296875 0.57578125 0.18515625 0.06484375
10 0.31171875 0.41171875 0.03125 0.01015625
9 0.72890625 0.44140625 0.12890625 0.0875
10 0.721875 0.5125 0.05625 0.05859375
13 0.76796875 0.515625 0.03125 0.04765625
12 0.74296875 0.57734375 0.09765625 0.075
5 0.521875 0.48984375 0.02265625 0.0125
5 0.55390625 0.490625 0.025 0.01875
5 0.58515625 0.48984375 0.025 0.0125
5 0.62265625 0.49296875 0.02890625 0.01484375
5 0.23046875 0.4875 0.03125 0.0125
5 0.26328125 0.48984375 0.02265625 0.0125
5 0.29765625 0.48984375 0.025 0.01640625
5 0.33359375 0.48984375 0.02734375 0.0125