14 0.49921875 0.503125 0.25625 0.22265625
11 0.26640625 0.31640625 0.1 0.07109375
11 0.265625 0.4375 0.10234375 0.075
10 0.27734375 0.66796875 0.12109375 0.09765625
10 0.27734375 0.77578125 0.11640625 0.10234375
10 0.17109375 0.68515625 0.04609375 0.05390625
10 0.296875 0.55625 0.03125 0.03984375
10 0.71796875 0.64921875 0.05625 0.25390625
10 0.71953125 0.44921875 0.03984375 0.05625
10 0.68203125 0.321875 0.02265625 0.08984375
12 0.13515625 0.38515625 0.09765625 0.17890625
12 0.8875 0.52890625 0.09609375 0.30390625
12 0.63125 0.15859375 0.07890625 0.19375
12 0.78828125 0.46484375 0.03984375 0.12890625
5 0.72578125 0.25625 0.06640625 0.075
5 0.79140625 0.31484375 0.06640625 0.05
5 0.19375 0.54765625 0.10390625 0.0875