6 0.43515625 0.125 0.29140625 0.225
11 0.78984375 0.88203125 0.34140625 0.16875
5 0.365625 0.853125 0.09765625 0.19375
5 0.63515625 0.22578125 0.0625 0.11875
5 0.62578125 0.44921875 0.08125 0.05625
5 0.61875 0.525 0.05390625 0.11640625
5 0.628125 0.634375 0.07265625 0.06640625
10 0.59765625 0.74765625 0.07109375 0.075
10 0.715625 0.76796875 0.06484375 0.06015625
10 0.89921875 0.76640625 0.05625 0.05859375
6 0.48828125 0.85703125 0.06484375 0.12265625
0 0.83828125 0.60625 0.16484375 0.2
12 0.70390625 0.23203125 0.0875 0.17265625
12 0.8703125 0.08359375 0.259375 0.1234375
12 0.78359375 0.23203125 0.0625 0.17265625
12 0.85390625 0.24453125 0.0625 0.21484375
10 0.62265625 0.36171875 0.07109375 0.05234375
12 0.26796875 0.47890625 0.53515625 0.3875
10 0.46796875 0.27578125 0.07265625 0.06015625