0 0.49921875 0.52578125 0.20625 0.25234375
13 0.78671875 0.24296875 0.10625 0.06875
13 0.78515625 0.33515625 0.11640625 0.07109375
2 0.78671875 0.42734375 0.0625 0.04609375
2 0.20234375 0.40390625 0.07890625 0.05625
2 0.20234375 0.653125 0.075 0.05234375
2 0.796875 0.67421875 0.06640625 0.04375
10 0.53125 0.125 0.02890625 0.07109375
10 0.58984375 0.12265625 0.02734375 0.07109375
10 0.32109375 0.26328125 0.02890625 0.06875
10 0.375 0.2625 0.03359375 0.075
10 0.44765625 0.26328125 0.02890625 0.06875
10 0.58125 0.26015625 0.03125 0.07890625
10 0.63984375 0.265625 0.0375 0.08515625
10 0.196875 0.30859375 0.06875 0.05390625
10 0.17578125 0.490625 0.04375 0.03515625
10 0.28515625 0.49296875 0.06640625 0.03984375
10 0.17421875 0.56015625 0.05234375 0.03984375
10 0.28359375 0.56015625 0.05859375 0.03984375
10 0.20390625 0.75703125 0.075 0.05625
10 0.31875 0.78671875 0.03359375 0.07109375
10 0.37890625 0.78984375 0.02890625 0.07890625
10 0.4375 0.7875 0.03359375 0.0875
10 0.49375 0.78515625 0.03359375 0.07890625
10 0.54921875 0.7875 0.03515625 0.075
10 0.60625 0.79453125 0.02890625 0.075
10 0.66328125 0.78671875 0.03984375 0.06875
10 0.79609375 0.771875 0.07109375 0.05625
10 0.72578125 0.51328125 0.04765625 0.04765625
10 0.83203125 0.51328125 0.05625 0.03984375
10 0.72734375 0.584375 0.05 0.03984375
10 0.83671875 0.584375 0.06875 0.05234375
5 0.44921875 0.11875 0.03984375 0.07890625
5 0.52578125 0.25078125 0.03984375 0.06875