10 0.30859375 0.171875 0.34140625 0.26015625
13 0.31953125 0.440625 0.16875 0.08515625
13 0.31484375 0.521875 0.17890625 0.09375
13 0.31171875 0.60390625 0.17734375 0.05390625
13 0.88515625 0.35625 0.0875 0.0875
0 0.67109375 0.36796875 0.16640625 0.14375
12 0.16640625 0.81171875 0.31640625 0.35625
12 0.65078125 0.86953125 0.51875 0.26015625
5 0.58828125 0.21796875 0.04375 0.075
5 0.48046875 0.38671875 0.06484375 0.07265625
5 0.675 0.21640625 0.03984375 0.06640625
5 0.71015625 0.67890625 0.08984375 0.05
5 0.89140625 0.728125 0.04375 0.06484375
10 0.76796875 0.21484375 0.06015625 0.07109375