4 0.534375 0.18125 0.25625 0.225
12 0.325 0.31171875 0.3 0.19765625
14 0.5587458328125 0.7418375 0.85076875 0.5586520828125 0.733325 0.43170833281250004 0.4444770828125 0.5956104171875001 0.5587458328125 0.7418375
6 0.63828125 0.38203125 0.10625 0.10234375
6 0.525 0.453125 0.1 0.10234375
6 0.39296875 0.534375 0.125 0.10234375
13 0.46328125 0.40703125 0.06484375 0.07265625
13 0.36875 0.46953125 0.07109375 0.05390625
10 0.20078125 0.51875 0.06015625 0.0625
10 0.74921875 0.34375 0.05625 0.0375
10 0.72109375 0.31640625 0.0375 0.025
5 0.70859375 0.30234375 0.04375 0.02734375
5 0.67890625 0.27890625 0.04140625 0.03359375
5 0.29609375 0.53125 0.0375 0.04375
5 0.42734375 0.65234375 0.04140625 0.05
0 0.24296875 0.57421875 0.10234375 0.09765625
0 0.77578125 0.4 0.11015625 0.0875
12 0.34921875 0.65859375 0.12734375 0.15859375
1 0.48203125 0.725 0.05234375 0.0625