6 0.33671875 0.16484375 0.11484375 0.1625
6 0.47734375 0.165625 0.1125 0.13984375
6 0.62578125 0.16484375 0.11484375 0.12890625
6 0.77265625 0.16875 0.09609375 0.12265625
6 0.32421875 0.37890625 0.10625 0.13359375
6 0.48046875 0.37421875 0.1 0.14375
6 0.61875 0.37109375 0.10234375 0.14140625
6 0.77890625 0.38125 0.09609375 0.1375
6 0.33203125 0.58203125 0.0875 0.11875
6 0.47890625 0.58828125 0.10234375 0.12734375
6 0.625 0.58046875 0.1125 0.13125
6 0.77421875 0.57734375 0.08515625 0.12890625
6 0.33671875 0.78203125 0.09375 0.13984375
6 0.478125 0.79296875 0.09609375 0.13984375
6 0.625 0.78984375 0.09609375 0.125
6 0.77109375 0.790625 0.1 0.12734375
12 0.1625 0.49765625 0.05 0.425