12 0.48984375 0.20859375 0.1625 0.19140625
6 0.04609375 0.35703125 0.0625 0.13515625
6 0.10546875 0.35703125 0.05625 0.12265625
6 0.165625 0.36171875 0.05234375 0.11640625
6 0.22421875 0.35859375 0.05625 0.10859375
6 0.28671875 0.365625 0.05234375 0.08984375
6 0.34921875 0.36953125 0.05625 0.11015625
6 0.40390625 0.35859375 0.05859375 0.1
6 0.46640625 0.36015625 0.05 0.1
6 0.53125 0.36328125 0.05390625 0.09765625
6 0.59296875 0.365625 0.04765625 0.08984375
6 0.64921875 0.36640625 0.05625 0.08359375
6 0.709375 0.36953125 0.05625 0.09765625
6 0.77734375 0.365625 0.05390625 0.08125
6 0.8375 0.36953125 0.05390625 0.10625
6 0.89453125 0.36015625 0.06015625 0.1
6 0.96171875 0.36484375 0.05234375 0.11640625
15 0.04296875 0.58359375 0.03984375 0.2875
15 0.10078125 0.58984375 0.03125 0.30390625
15 0.15546875 0.58125 0.02734375 0.26640625
15 0.21953125 0.58203125 0.03125 0.27265625
15 0.28359375 0.58125 0.02890625 0.2875
15 0.34296875 0.58359375 0.02734375 0.28125
15 0.40078125 0.56796875 0.02734375 0.27265625
15 0.46328125 0.58671875 0.02734375 0.25625
15 0.521875 0.584375 0.03125 0.26484375
15 0.58203125 0.57890625 0.02734375 0.26640625
15 0.64296875 0.58984375 0.03515625 0.2875
15 0.70625 0.5875 0.03359375 0.2875
15 0.76796875 0.57734375 0.02734375 0.26640625
15 0.82890625 0.58203125 0.0375 0.29765625
15 0.88828125 0.578125 0.03984375 0.29375
15 0.95078125 0.57890625 0.02734375 0.29140625
13 0.078125 0.49609375 0.01015625 0.1
13 0.13515625 0.5 0.01640625 0.09140625
13 0.196875 0.48671875 0.01484375 0.09765625
13 0.25390625 0.49140625 0.01640625 0.09140625
13 0.31484375 0.496875 0.0125 0.09375
13 0.37265625 0.49140625 0.01640625 0.07109375
13 0.434375 0.49296875 0.01484375 0.08984375
13 0.49375 0.490625 0.0125 0.09375
13 0.553125 0.48828125 0.01484375 0.10625
13 0.61328125 0.48984375 0.01484375 0.10390625
13 0.67421875 0.49921875 0.0125 0.11875
13 0.734375 0.49296875 0.00859375 0.08125
13 0.79453125 0.48828125 0.01015625 0.08125
13 0.85390625 0.49140625 0.01640625 0.0875
13 0.91328125 0.49375 0.01484375 0.0875
13 0.97421875 0.48828125 0.0125 0.09375
1 0.078125 0.58671875 0.01875 0.04765625
1 0.1375 0.59375 0.0125 0.0375
1 0.19921875 0.596875 0.01875 0.05625
1 0.25546875 0.59375 0.02109375 0.06640625
1 0.31484375 0.59453125 0.02109375 0.06875
1 0.37578125 0.59375 0.01875 0.06640625
1 0.43515625 0.59375 0.02109375 0.06640625
1 0.49453125 0.58359375 0.01875 0.06640625
1 0.55625 0.58828125 0.02109375 0.06875
1 0.61484375 0.58984375 0.02109375 0.06640625
1 0.67421875 0.59609375 0.02265625 0.05390625
1 0.734375 0.59609375 0.01875 0.07109375
1 0.79296875 0.59375 0.02265625 0.0625
1 0.85546875 0.58828125 0.01875 0.06015625
1 0.915625 0.58984375 0.01484375 0.06640625
1 0.97734375 0.59453125 0.01640625 0.06484375
5 0.07734375 0.6875 0.01640625 0.0875
5 0.13671875 0.68203125 0.01484375 0.06015625
5 0.19453125 0.68671875 0.01875 0.07265625
5 0.25546875 0.68046875 0.01484375 0.08515625
5 0.31640625 0.68125 0.0125 0.06640625
5 0.375 0.67890625 0.01640625 0.07890625
5 0.434375 0.69140625 0.01484375 0.07890625
5 0.49375 0.684375 0.01484375 0.09765625
5 0.55625 0.690625 0.01640625 0.09375
5 0.6125 0.68984375 0.01640625 0.10234375
5 0.678125 0.68515625 0.01875 0.09765625
5 0.73359375 0.67421875 0.02109375 0.09765625
5 0.79140625 0.6875 0.025 0.12109375
5 0.85625 0.6875 0.02109375 0.10234375
5 0.91875 0.70703125 0.02109375 0.08984375
5 0.978125 0.69140625 0.0125 0.12109375
1 0.59453125 0.1875 0.01875 0.07890625
12 0.29453125 0.87734375 0.32265625 0.2
12 0.69609375 0.87265625 0.325 0.19609375