12 0.18984375 0.05703125 0.2390625 0.1140625
12 0.47109375 0.05703125 0.2265625 0.1140625
12 0.76640625 0.059375 0.34609375 0.11875
12 0.14375 0.2625 0.2125 0.04140625
7 0.42578125 0.17109375 0.11015625 0.04609375
7 0.69921875 0.17265625 0.10625 0.04609375
5 0.13828125 0.215625 0.08515625 0.02734375
5 0.39375 0.26015625 0.03359375 0.02890625
5 0.45703125 0.26171875 0.03125 0.02734375
5 0.67109375 0.259375 0.03359375 0.02734375
5 0.72890625 0.26171875 0.03359375 0.02734375
5 0.45546875 0.79921875 0.08359375 0.02265625
7 0.309375 0.92578125 0.08125 0.05234375
5 0.68984375 0.940625 0.07890625 0.02265625
1 0.6875 0.91171875 0.0875 0.02265625
5 0.27578125 0.89296875 0.03984375 0.00859375
5 0.40390625 0.89296875 0.04140625 0.00859375
10 0.52890625 0.89140625 0.04375 0.0125
10 0.16640625 0.36875 0.03359375 0.03359375
10 0.22734375 0.36875 0.02890625 0.02890625
10 0.16953125 0.50546875 0.03515625 0.03125
10 0.22890625 0.50390625 0.02890625 0.02890625
10 0.39609375 0.56875 0.04140625 0.0125
5 0.49375 0.56796875 0.03359375 0.01015625
5 0.65 0.56640625 0.04140625 0.0125
5 0.734375 0.56796875 0.03984375 0.0125
0 0.496875 0.43359375 0.41015625 0.175
0 0.49453125 0.92734375 0.11875 0.05390625