3 0.62890625 0.46328125 0.09140625 0.12265625
0 0.49921875 0.48671875 0.13984375 0.14375
12 0.22890625 0.47734375 0.12890625 0.09609375
12 0.78984375 0.49921875 0.12890625 0.15234375
7 0.31953125 0.475 0.03984375 0.05
1 0.3125 0.540625 0.02109375 0.05625
5 0.36953125 0.459375 0.01875 0.04375
5 0.340625 0.525 0.01875 0.04140625
5 0.37265625 0.52890625 0.01640625 0.0375
5 0.40078125 0.53203125 0.01875 0.04765625
5 0.38984375 0.6 0.04609375 0.025
5 0.45546875 0.59921875 0.03125 0.02734375
5 0.52109375 0.59921875 0.0375 0.02265625
10 0.40078125 0.459375 0.02265625 0.04765625