7 0.51875 0.17734375 0.13359375 0.225
7 0.440625 0.73671875 0.13125 0.22265625
7 0.61328125 0.73515625 0.12734375 0.22265625
10 0.49375 0.38515625 0.10859375 0.1125
10 0.40234375 0.528125 0.05390625 0.05625
5 0.26796875 0.06875 0.11015625 0.1
5 0.265625 0.21796875 0.09765625 0.08984375
5 0.24375 0.92421875 0.09140625 0.09375
5 0.84453125 0.209375 0.15234375 0.21875
5 0.84140625 0.421875 0.16015625 0.13515625
5 0.81171875 0.66171875 0.06484375 0.19140625
5 0.903125 0.65546875 0.06484375 0.16875
5 0.80859375 0.88125 0.06640625 0.175
5 0.90625 0.88359375 0.05859375 0.1625
5 0.69296875 0.35859375 0.05859375 0.17734375