14 0.48671875 0.14140625 0.48515625 0.2625
4 0.25390625 0.79296875 0.25625 0.37890625
12 0.50546875 0.8953125 0.2203125 0.209375
12 0.928125 0.28046875 0.12734375 0.18984375
12 0.728125 0.88671875 0.21875 0.20390625
13 0.50390625 0.634375 0.13359375 0.0625
13 0.68203125 0.63515625 0.12734375 0.07109375
1 0.78359375 0.13203125 0.0375 0.10234375
6 0.28828125 0.45703125 0.16484375 0.16015625
6 0.509375 0.45859375 0.16015625 0.14609375
6 0.72890625 0.45625 0.15859375 0.15390625
10 0.91484375 0.44609375 0.07890625 0.05859375
0 0.921875 0.58046875 0.11875 0.17734375
0 0.103125 0.353125 0.12265625 0.18515625
10 0.91171875 0.73046875 0.08125 0.05859375
10 0.83125 0.29296875 0.03125 0.07265625
10 0.06953125 0.49140625 0.06015625 0.04140625
10 0.07421875 0.54453125 0.05625 0.04375
7 0.07734375 0.740625 0.0625 0.07265625
5 0.07734375 0.65703125 0.04609375 0.04375
5 0.07578125 0.59765625 0.04765625 0.02890625
5 0.78515625 0.28125 0.025 0.06640625
5 0.80546875 0.61484375 0.03984375 0.07890625