8 0.490625 0.15390625 0.78125 0.28359375
11 0.27265625 0.58359375 0.1 0.12890625
0 0.55859375 0.59140625 0.22890625 0.14140625
0 0.50703125 0.91015625 0.13515625 0.08359375
10 0.371875 0.534375 0.02890625 0.03515625
10 0.37734375 0.59296875 0.02734375 0.03984375
10 0.66875 0.5 0.05 0.01640625
5 0.74296875 0.53203125 0.02734375 0.02734375
5 0.75234375 0.59296875 0.025 0.03125
5 0.46875 0.74140625 0.09140625 0.0375
5 0.29296875 0.85625 0.04765625 0.0125
5 0.41875 0.85703125 0.04140625 0.02265625
7 0.31953125 0.90234375 0.08515625 0.06640625
5 0.71875 0.91875 0.09140625 0.03359375
1 0.71953125 0.88046875 0.10234375 0.03125
10 0.54921875 0.86015625 0.05234375 0.01640625