12 0.5 0.15546875 1 0.31015625
0 0.50234375 0.47734375 0.24140625 0.1625
10 0.26015625 0.42109375 0.04609375 0.04140625
10 0.32578125 0.42265625 0.05625 0.05
10 0.68125 0.42109375 0.03515625 0.04609375
10 0.26015625 0.47578125 0.03359375 0.03515625
10 0.296875 0.53046875 0.08359375 0.03125
5 0.328125 0.88203125 0.08984375 0.03515625
5 0.78984375 0.50703125 0.07890625 0.02734375
5 0.79453125 0.53671875 0.06484375 0.02734375
5 0.525 0.88359375 0.03359375 0.04140625
1 0.66953125 0.87890625 0.125 0.05390625