12 0.50703125 0.22578125 0.58984375 0.11484375
12 0.609375 0.80859375 0.19375 0.04609375
12 0.34140625 0.81328125 0.15859375 0.04765625
7 0.20703125 0.63515625 0.06875 0.04140625
7 0.77109375 0.63671875 0.06640625 0.05234375
1 0.75625 0.73359375 0.07109375 0.03359375
1 0.2 0.72734375 0.06640625 0.04140625
5 0.29765625 0.68515625 0.07109375 0.025
5 0.290625 0.73046875 0.06484375 0.03125
5 0.67578125 0.68828125 0.05625 0.02265625
5 0.66953125 0.72734375 0.06015625 0.03359375
13 0.6375 0.63671875 0.11640625 0.03125
13 0.328125 0.62890625 0.08515625 0.03359375
0 0.44140625 0.703125 0.075 0.11484375
0 0.53359375 0.70390625 0.09140625 0.12109375