10 0.61640625 0.82265625 0.11640625 0.24140625
10 0.73671875 0.76953125 0.11875 0.25625
10 0.84375 0.71640625 0.10625 0.23359375
10 0.565625 0.66484375 0.10625 0.2125
10 0.69765625 0.603125 0.1 0.12109375
10 0.80859375 0.53984375 0.09765625 0.1125
10 0.42421875 0.409375 0.15625 0.41875
10 0.571875 0.19296875 0.15234375 0.12734375
10 0.71484375 0.13359375 0.14140625 0.13359375
10 0.575 0.43984375 0.16640625 0.32890625
10 0.72890625 0.353125 0.15390625 0.31875
10 0.871875 0.32734375 0.14140625 0.43359375
10 0.42109375 0.653125 0.04609375 0.04765625
7 0.08125 0.74375 0.08359375 0.10625
7 0.07421875 0.66328125 0.06875 0.06484375
10 0.21171875 0.71484375 0.03515625 0.075
0 0.359375 0.80703125 0.26484375 0.24375
10 0.1375 0.834375 0.04609375 0.03984375
10 0.146875 0.846875 0.03984375 0.03984375
10 0.159375 0.875 0.04375 0.0375
10 0.17734375 0.89921875 0.04140625 0.03515625
10 0.19296875 0.925 0.04765625 0.03984375
10 0.21171875 0.95 0.05234375 0.03359375
10 0.21640625 0.978125 0.04609375 0.04375