12 0.5015625 0.06328125 0.259375 0.1265625
0 0.51484375 0.66953125 0.25859375 0.13515625
0 0.51875 0.37265625 0.1875 0.05625
2 0.74140625 0.37265625 0.16875 0.075
5 0.31328125 0.39453125 0.09140625 0.06015625
5 0.90234375 0.34765625 0.075 0.02109375
5 0.55546875 0.4875 0.08125 0.02109375
5 0.31484375 0.71171875 0.05 0.04765625
5 0.31015625 0.64140625 0.05 0.05
5 0.47109375 0.828125 0.09375 0.03515625
5 0.37578125 0.91875 0.0875 0.02890625
10 0.509375 0.41953125 0.09765625 0.02265625
10 0.49375 0.58046875 0.0875 0.01875
10 0.6875 0.675 0.05390625 0.04609375
1 0.64453125 0.92421875 0.10234375 0.02734375
1 0.51171875 0.246875 0.13984375 0.05625