12 0.43203125 0.33671875 0.84765625 0.09375
12 0.43203125 0.478125 0.84375 0.18515625
12 0.43046875 0.66328125 0.84375 0.17265625
12 0.43046875 0.803125 0.85234375 0.10234375
3 0.9806833328125 0.1870333328125 0.9784541671874999 0.1177354171875 0.9063895828125 0.12295 0.9086187499999999 0.1907604171875 0.9806833328125 0.1870333328125
12 0.146875 0.0625 0.10234375 0.12109375
12 0.92421875 0.56171875 0.03125 0.26875
12 0.92578125 0.334375 0.05625 0.05234375
12 0.93828125 0.23671875 0.07265625 0.03515625
12 0.90859375 0.934375 0.03984375 0.09375
6 0.18515625 0.93984375 0.06640625 0.0625
6 0.38515625 0.9375 0.06640625 0.06640625
6 0.590625 0.93671875 0.06484375 0.06484375
6 0.79375 0.94453125 0.07109375 0.075
6 0.03671875 0.16875 0.06484375 0.13125
1 0.51796875 0.05703125 0.05625 0.06015625
1 0.51640625 0.16328125 0.0625 0.06875
1 0.64296875 0.05625 0.06015625 0.0625
1 0.77734375 0.05546875 0.0625 0.05625
1 0.90546875 0.05546875 0.06015625 0.06015625
12 0.26640625 0.04765625 0.08984375 0.05390625
0 0.384375 0.0625 0.06875 0.0875
0 0.30078125 0.165625 0.11015625 0.07265625
13 0.1625 0.171875 0.10859375 0.03515625
13 0.72421875 0.19375 0.02734375 0.075
5 0.08984375 0.92734375 0.025 0.10625
5 0.28984375 0.921875 0.025 0.09765625
5 0.48984375 0.92109375 0.02890625 0.0875
5 0.68984375 0.91953125 0.025 0.08984375
5 0.48125 0.23046875 0.10234375 0.03125
5 0.45234375 0.07109375 0.0375 0.10390625
5 0.68203125 0.19921875 0.03125 0.10625
12 0.92421875 0.79140625 0.05625 0.06640625
2 0.25859375 0.23125 0.04140625 0.025
9 0.81875 0.19296875 0.12890625 0.13515625
10 0.62421875 0.16796875 0.06484375 0.07734375
10 0.41640625 0.16796875 0.075 0.04375
10 0.34375 0.228125 0.075 0.03515625
10 0.15703125 0.225 0.08125 0.04140625
5 0.575 0.06875 0.04140625 0.1
5 0.71171875 0.06640625 0.03125 0.075
5 0.84375 0.06640625 0.03359375 0.0875