10 0.215625 0.31484375 0.13125 0.35859375
10 0.21015625 0.76875 0.14140625 0.38359375
10 0.71875 0.51953125 0.09609375 0.07265625
10 0.91484375 0.54765625 0.10390625 0.08359375
3 0.89140625 0.80703125 0.20390625 0.30234375
2 0.4625 0.3875 0.34140625 0.6875
5 0.31875 0.85234375 0.05 0.19140625
5 0.39453125 0.84921875 0.04765625 0.17734375
5 0.48125 0.85390625 0.05390625 0.18359375
5 0.56171875 0.84296875 0.04375 0.16875
5 0.64375 0.85 0.05 0.19609375
5 0.72265625 0.83671875 0.05859375 0.18125
5 0.70703125 0.6375 0.08984375 0.1
5 0.72734375 0.1125 0.09609375 0.10390625
5 0.91328125 0.12578125 0.08984375 0.10234375
5 0.915625 0.25859375 0.08125 0.10390625
5 0.915625 0.40546875 0.08515625 0.10234375
0 0.72890625 0.33125 0.1375 0.28359375