12 0.08984375 0.04296875 0.175 0.06484375
12 0.703125 0.16796875 0.11875 0.06484375
12 0.86796875 0.17421875 0.15234375 0.06875
12 0.69765625 0.30234375 0.1125 0.05390625
12 0.76875 0.86171875 0.1125 0.06015625
7 0.93671875 0.81953125 0.06015625 0.11484375
3 0.44921875 0.54765625 0.15234375 0.20390625
6 0.08828125 0.17265625 0.10625 0.07109375
6 0.0875 0.30859375 0.1 0.0875
1 0.30859375 0.16875 0.05859375 0.0875
1 0.30625 0.30703125 0.07109375 0.06875
1 0.51875 0.2625 0.08359375 0.12890625
9 0.71640625 0.53984375 0.16484375 0.2375
7 0.58515625 0.603125 0.03984375 0.08125
1 0.88125 0.36015625 0.025 0.09609375
1 0.20234375 0.96953125 0.05390625 0.03984375
6 0.084375 0.95078125 0.10234375 0.08125
0 0.13515625 0.5375 0.2703125 0.225
10 0.30546875 0.49921875 0.03125 0.0625
10 0.35390625 0.603125 0.025 0.0625
10 0.28671875 0.96875 0.03515625 0.025
10 0.84765625 0.365625 0.02109375 0.06875
10 0.85 0.62578125 0.02109375 0.06015625
10 0.88125 0.815625 0.03359375 0.0625
5 0.18046875 0.18125 0.02265625 0.07890625
5 0.18046875 0.303125 0.02265625 0.05234375
5 0.30546875 0.58515625 0.01875 0.05859375
5 0.58515625 0.49765625 0.02109375 0.07109375
5 0.88046875 0.62734375 0.02265625 0.05
5 0.846875 0.45390625 0.02265625 0.05390625
5 0.88203125 0.45 0.02734375 0.05
5 0.20703125 0.92421875 0.06484375 0.02734375
1 0.96328125 0.396875 0.07265625 0.12734375
5 0.375 0.16875 0.01875 0.07109375
5 0.37734375 0.30703125 0.02265625 0.06015625
5 0.48515625 0.1375 0.02734375 0.05234375
5 0.51953125 0.13671875 0.02265625 0.06875
5 0.553125 0.13671875 0.02734375 0.06640625