12 0.3234375 0.07265625 0.346875 0.1453125
12 0.66015625 0.07421875 0.3375 0.13984375
7 0.37265625 0.26015625 0.1125 0.07890625
7 0.61015625 0.26015625 0.125 0.075
7 0.290625 0.91171875 0.10625 0.0625
0 0.490625 0.91015625 0.14375 0.07890625
0 0.48671875 0.48984375 0.15 0.0875
1 0.69140625 0.884375 0.10390625 0.03984375
5 0.69140625 0.925 0.10390625 0.03515625
5 0.45 0.76328125 0.10625 0.03984375
5 0.45078125 0.63515625 0.10859375 0.04140625
5 0.27109375 0.86015625 0.0625 0.02109375
5 0.396875 0.859375 0.05234375 0.02265625
5 0.72578125 0.659375 0.03984375 0.03125
5 0.37890625 0.3875 0.04609375 0.05625
5 0.44375 0.38671875 0.05390625 0.05625
5 0.52890625 0.38671875 0.04140625 0.05234375
5 0.59296875 0.38359375 0.03515625 0.05390625
10 0.35234375 0.459375 0.04140625 0.01875
10 0.35078125 0.484375 0.03984375 0.01875
10 0.52734375 0.859375 0.04609375 0.0125