5 0.21953125 0.14140625 0.10625 0.03359375
5 0.21015625 0.196875 0.09609375 0.03984375
5 0.771875 0.13828125 0.08515625 0.04765625
5 0.76953125 0.19765625 0.07734375 0.04609375
5 0.76484375 0.46484375 0.05859375 0.07890625
5 0.25703125 0.83125 0.05234375 0.0625
5 0.49921875 0.76328125 0.0625 0.08515625
5 0.56953125 0.76015625 0.05234375 0.07109375
5 0.640625 0.75859375 0.05625 0.07109375
5 0.71953125 0.76015625 0.06484375 0.07890625
10 0.49140625 0.27421875 0.0625 0.08984375
10 0.21015625 0.47890625 0.14765625 0.1625
0 0.496875 0.47578125 0.20234375 0.18125