15 0.515625 0.55625 0.03984375 0.09765625
15 0.56796875 0.55234375 0.03984375 0.09140625
15 0.615625 0.55546875 0.03984375 0.10234375
15 0.66640625 0.54609375 0.03359375 0.09609375
15 0.71796875 0.54765625 0.03125 0.09140625
15 0.76953125 0.54453125 0.03984375 0.08984375
15 0.82421875 0.546875 0.03125 0.10234375
15 0.87421875 0.55546875 0.04375 0.11484375
15 0.925 0.55390625 0.04609375 0.10390625
12 0.52578125 0.45234375 0.04375 0.05
6 0.43515625 0.525 0.075 0.07265625
12 0.57578125 0.44921875 0.03984375 0.04375
12 0.61953125 0.45234375 0.04375 0.07109375
12 0.67265625 0.44921875 0.03984375 0.06875
12 0.721875 0.45546875 0.04765625 0.07734375
12 0.77109375 0.45078125 0.04140625 0.07265625
12 0.82578125 0.45390625 0.04765625 0.075
12 0.87578125 0.453125 0.04375 0.07734375
12 0.92734375 0.44765625 0.04140625 0.07109375