4 0.06015625 0.38125 0.11640625 0.38359375
4 0.178125 0.38671875 0.11484375 0.38125
4 0.30390625 0.39375 0.125 0.3875
4 0.43125 0.39921875 0.11640625 0.39375
4 0.56171875 0.39765625 0.11875 0.40390625
4 0.68984375 0.39609375 0.125 0.39140625
4 0.815625 0.39921875 0.12265625 0.39765625
4 0.9390625 0.4015625 0.121875 0.390625
12 0.49609375 0.94140625 0.17890625 0.09140625
12 0.90625 0.95703125 0.075 0.06484375
12 0.09609375 0.11875 0.10859375 0.14140625
12 0.20703125 0.12109375 0.11484375 0.1375
12 0.32734375 0.12734375 0.1125 0.13359375
12 0.43828125 0.12734375 0.1125 0.15
12 0.56171875 0.11640625 0.11484375 0.14609375
12 0.67734375 0.125 0.12109375 0.15
12 0.79765625 0.11796875 0.12109375 0.14375
12 0.921875 0.12109375 0.11875 0.14609375
7 0.05859375 0.68359375 0.02890625 0.07109375
7 0.16796875 0.69375 0.03125 0.05859375
7 0.28046875 0.69921875 0.02109375 0.05859375
7 0.396875 0.70625 0.02734375 0.0625
7 0.51328125 0.70859375 0.02734375 0.07109375
7 0.63203125 0.7125 0.02734375 0.06640625
7 0.75078125 0.71796875 0.02265625 0.05625
7 0.86875 0.71640625 0.025 0.05390625
0 0.121875 0.76875 0.03515625 0.15
0 0.23515625 0.778125 0.04140625 0.14140625
0 0.34765625 0.78125 0.0375 0.15
0 0.471875 0.78125 0.03515625 0.1375
0 0.58671875 0.784375 0.03515625 0.1375
0 0.70625 0.79375 0.03359375 0.15
0 0.828125 0.79765625 0.04375 0.12890625
0 0.94296875 0.79453125 0.03984375 0.13125
13 0.1 0.628125 0.0375 0.05234375
13 0.209375 0.640625 0.04375 0.04765625
13 0.32265625 0.64140625 0.04140625 0.05
13 0.43828125 0.653125 0.03984375 0.03984375
13 0.559375 0.64765625 0.03984375 0.04375
13 0.67734375 0.65078125 0.04140625 0.05234375
13 0.79296875 0.65 0.03984375 0.05
13 0.91171875 0.65625 0.03984375 0.05
1 0.07421875 0.85703125 0.02734375 0.03984375
1 0.18125 0.86796875 0.02890625 0.03984375
1 0.296875 0.87421875 0.02734375 0.03125
1 0.40859375 0.87265625 0.03359375 0.03125
1 0.53046875 0.88359375 0.02734375 0.04140625
1 0.646875 0.890625 0.02734375 0.03515625
1 0.76640625 0.89296875 0.03359375 0.04765625
1 0.8875 0.89453125 0.025 0.03125
5 0.07578125 0.753125 0.02265625 0.03515625
5 0.075 0.79296875 0.025 0.03515625
5 0.18359375 0.75546875 0.025 0.03125
5 0.18359375 0.80546875 0.01875 0.03984375
5 0.29453125 0.76171875 0.02265625 0.02734375
5 0.296875 0.8125 0.025 0.02890625
5 0.41328125 0.771875 0.02265625 0.03125
5 0.41015625 0.81015625 0.025 0.03515625
5 0.53203125 0.77890625 0.02734375 0.03515625
5 0.53203125 0.81796875 0.02265625 0.04375
5 0.65 0.771875 0.02890625 0.04765625
5 0.64921875 0.81953125 0.02734375 0.03984375
5 0.76953125 0.78046875 0.02734375 0.04765625
5 0.771875 0.83046875 0.02734375 0.03984375
5 0.88828125 0.78125 0.02734375 0.03984375
5 0.88828125 0.82109375 0.02734375 0.04609375