12 0.38125 0.075 0.2375 0.15
12 0.62265625 0.075 0.2375 0.14140625
7 0.28671875 0.26328125 0.10625 0.08125
0 0.50859375 0.40625 0.17109375 0.10859375
0 0.32734375 0.9 0.1125 0.0625
0 0.49609375 0.89765625 0.12890625 0.06640625
5 0.46953125 0.54609375 0.08125 0.0375
5 0.54609375 0.25703125 0.04609375 0.04765625
5 0.28515625 0.85234375 0.04609375 0.01640625
5 0.41015625 0.85390625 0.05390625 0.0125
5 0.69453125 0.921875 0.12109375 0.03125
1 0.69765625 0.87734375 0.12109375 0.03359375
5 0.77890625 0.59375 0.03984375 0.0375
10 0.37421875 0.24140625 0.02109375 0.02734375
10 0.43359375 0.24609375 0.05390625 0.05390625
10 0.615625 0.25859375 0.03125 0.05
10 0.6875 0.26171875 0.05 0.06484375
10 0.75703125 0.259375 0.03984375 0.05234375
10 0.540625 0.85390625 0.03984375 0.02109375
10 0.38125 0.39296875 0.03359375 0.03125
10 0.46015625 0.31484375 0.05390625 0.01640625
10 0.634375 0.37109375 0.03125 0.02890625