14 0.771875 0.23671875 0.38984375 0.32265625
4 0.23515625 0.228125 0.37109375 0.25625
12 0.36171875 0.55859375 0.29765625 0.38515625
6 0.69453125 0.52109375 0.13359375 0.125
6 0.58125 0.38046875 0.12109375 0.11875
6 0.47265625 0.26875 0.11640625 0.10390625
13 0.4625 0.47109375 0.07890625 0.08984375
13 0.55546875 0.58671875 0.06640625 0.09375
10 0.61953125 0.76484375 0.06484375 0.07109375
10 0.79453125 0.66875 0.05625 0.08359375
0 0.71328125 0.73046875 0.11015625 0.16015625
5 0.63984375 0.66328125 0.04375 0.04765625
0 0.434375 0.17421875 0.11875 0.10625
12 0.9046875 0.5578125 0.190625 0.259375