7 0.28125 0.159375 0.14140625 0.30625
7 0.46875 0.1625 0.15859375 0.29609375
7 0.66640625 0.16328125 0.14140625 0.27265625
7 0.65390625 0.51015625 0.13359375 0.30390625
7 0.459375 0.53359375 0.10625 0.3
7 0.21328125 0.52890625 0.13515625 0.3
5 0.33984375 0.48828125 0.04140625 0.14765625
5 0.52265625 0.84765625 0.0625 0.075
5 0.62265625 0.846875 0.075 0.08984375
10 0.61875 0.96171875 0.07109375 0.07265625
10 0.52734375 0.95625 0.06640625 0.0625
10 0.43515625 0.92578125 0.05 0.14765625
10 0.3515625 0.9203125 0.090625 0.159375
10 0.7140625 0.9296875 0.05 0.140625