0 0.40703125 0.54765625 0.16484375 0.15
0 0.58203125 0.54609375 0.15234375 0.13359375
0 0.13828125 0.1 0.25234375 0.16640625
0 0.47734375 0.059375 0.3375 0.09765625
12 0.8796875 0.0734375 0.240625 0.140625
7 0.50625 0.26875 0.11640625 0.05859375
6 0.28984375 0.740625 0.27890625 0.09375
5 0.22890625 0.92578125 0.12890625 0.03125
5 0.50390625 0.69140625 0.08359375 0.07109375
5 0.603125 0.690625 0.08125 0.06875
5 0.53359375 0.7875 0.12109375 0.02890625
5 0.23359375 0.82421875 0.10859375 0.03125
5 0.81015625 0.66484375 0.05 0.05859375
5 0.69765625 0.85703125 0.11640625 0.03984375
5 0.08125 0.38203125 0.11640625 0.02265625
5 0.03984375 0.30703125 0.04140625 0.0625
5 0.2125 0.31015625 0.05 0.05859375
5 0.38984375 0.30703125 0.06015625 0.06015625
5 0.33671875 0.175 0.05234375 0.05
5 0.42578125 0.17578125 0.04765625 0.06015625
5 0.70546875 0.24765625 0.04765625 0.05390625
5 0.61796875 0.24921875 0.05234375 0.05625
5 0.58671875 0.409375 0.06484375 0.06015625
5 0.52890625 0.33671875 0.16640625 0.03125
10 0.71171875 0.05859375 0.06484375 0.075
10 0.121875 0.30390625 0.06875 0.075
10 0.29921875 0.30703125 0.07265625 0.06484375
10 0.790625 0.25 0.0625 0.05859375
5 0.21015625 0.40390625 0.05 0.07109375
10 0.81484375 0.390625 0.325 0.15234375
10 0.52265625 0.88515625 0.12890625 0.10859375
7 0.33203125 0.41640625 0.0875 0.06640625
7 0.47890625 0.415625 0.10234375 0.08125
7 0.69453125 0.1625 0.09375 0.07109375
7 0.5625 0.16328125 0.1125 0.06640625
7 0.91640625 0.24453125 0.11640625 0.06875
1 0.709375 0.92265625 0.16875 0.07109375
1 0.70859375 0.8 0.18359375 0.0625