3 0.65390625 0.52578125 0.18359375 0.17734375
0 0.46953125 0.47109375 0.25234375 0.22109375
12 0.13359375 0.2625 0.19609375 0.2
7 0.28515625 0.31953125 0.05859375 0.06484375
12 0.84921875 0.6625 0.25859375 0.2125
5 0.37578125 0.36875 0.05 0.03359375
10 0.340625 0.35078125 0.04375 0.03984375
5 0.30625 0.44609375 0.04609375 0.04609375
5 0.26953125 0.42890625 0.03984375 0.03359375
5 0.19375 0.38046875 0.04609375 0.04765625
5 0.46171875 0.60390625 0.06484375 0.05390625
5 0.37890625 0.56171875 0.05625 0.03984375
5 0.31484375 0.521875 0.04609375 0.03515625
1 0.23046875 0.40859375 0.04375 0.04140625