9 0.50625 0.40625 0.27109375 0.325
1 0.153125 0.296875 0.13984375 0.10234375
1 0.28046875 0.25234375 0.14375 0.1125
1 0.45078125 0.18828125 0.14765625 0.12265625
1 0.59296875 0.15234375 0.14375 0.13359375
1 0.38828125 0.79609375 0.15859375 0.12890625
1 0.53125 0.74453125 0.1375 0.16484375
1 0.71640625 0.68359375 0.125 0.14140625
1 0.85 0.6375 0.14609375 0.16640625
10 0.74453125 0.59296875 0.05234375 0.04375
10 0.42265625 0.70703125 0.07890625 0.04375
10 0.25546875 0.35078125 0.04765625 0.05234375
10 0.56796875 0.24609375 0.04765625 0.05
7 0.340625 0.375 0.06875 0.07109375