0 0.49375 0.60625 0.4125 0.1875
10 0.25234375 0.36953125 0.10859375 0.03515625
2 0.36953125 0.39140625 0.05234375 0.06015625
10 0.72890625 0.4125 0.09140625 0.02890625
13 0.72734375 0.815625 0.14140625 0.04375
0 0.209375 0.79609375 0.13515625 0.09609375
13 0.3375 0.78828125 0.07109375 0.08515625
1 0.50546875 0.88203125 0.11015625 0.04375
1 0.209375 0.59296875 0.07734375 0.07109375
1 0.78359375 0.590625 0.06640625 0.06875
5 0.24921875 0.41640625 0.08515625 0.025
5 0.25546875 0.46484375 0.10625 0.0375
5 0.46640625 0.41015625 0.075 0.02109375
5 0.59453125 0.41328125 0.08125 0.02265625
5 0.478125 0.359375 0.04609375 0.03984375
5 0.55234375 0.35625 0.03515625 0.04140625
5 0.20703125 0.65625 0.07734375 0.02890625
5 0.66640625 0.87578125 0.09140625 0.03984375
5 0.78359375 0.65703125 0.06640625 0.02734375
10 0.20078125 0.71953125 0.07734375 0.02265625
10 0.71640625 0.76328125 0.10234375 0.03984375
10 0.44296875 0.76171875 0.08515625 0.02265625
5 0.3125 0.88515625 0.06640625 0.025