14 0.5625 0.14375 0.26640625 0.2875
14 0.840625 0.14140625 0.265625 0.2828125
12 0.159375 0.515625 0.31875 0.96484375
12 0.87578125 0.475 0.24765625 0.22109375
6 0.859375 0.91796875 0.11015625 0.13984375
6 0.68671875 0.90859375 0.11015625 0.125
11 0.47109375 0.85625 0.1875 0.07890625
0 0.53671875 0.596875 0.29375 0.28125
1 0.91328125 0.66953125 0.06875 0.08125
1 0.915625 0.765625 0.06640625 0.06484375
5 0.73046875 0.30859375 0.04765625 0.02890625
5 0.89296875 0.30703125 0.06484375 0.03125
5 0.7625 0.696875 0.05 0.09765625
5 0.62578125 0.803125 0.05234375 0.03515625
5 0.82734375 0.7 0.02890625 0.06640625
10 0.415625 0.93203125 0.03984375 0.01875
10 0.52578125 0.93203125 0.06015625 0.02734375
5 0.81171875 0.80703125 0.03984375 0.02265625