15 0.06953125 0.47421875 0.09765625 0.39765625
15 0.296875 0.471875 0.08125 0.38515625
15 0.53359375 0.46953125 0.075 0.38125
15 0.76640625 0.46953125 0.0875 0.4
12 0.27109375 0.10859375 0.13359375 0.1625
12 0.70078125 0.10546875 0.12265625 0.13515625
12 0.34375 0.91484375 0.18125 0.15390625
12 0.671875 0.91640625 0.17734375 0.1625
1 0.18125 0.215625 0.075 0.08515625
1 0.17578125 0.328125 0.07109375 0.10625
1 0.40859375 0.203125 0.0625 0.09375
1 0.40078125 0.33671875 0.05234375 0.08125
1 0.61875 0.21328125 0.0625 0.12265625
1 0.61875 0.33359375 0.05 0.09609375
5 0.18359375 0.56484375 0.05234375 0.24140625
5 0.228125 0.42109375 0.04765625 0.22890625
5 0.4 0.559375 0.05 0.19765625
5 0.45703125 0.409375 0.04765625 0.22265625
5 0.62265625 0.56796875 0.05 0.25234375
5 0.67109375 0.4125 0.03984375 0.24609375
5 0.84140625 0.55546875 0.05390625 0.25390625
5 0.9 0.40859375 0.05 0.22890625
1 0.84140625 0.21953125 0.07109375 0.12734375
1 0.84140625 0.34453125 0.05 0.11484375