10 0.06796875 0.16953125 0.07265625 0.11015625
10 0.153125 0.16640625 0.0625 0.10390625
10 0.23671875 0.21640625 0.03125 0.0625
10 0.34765625 0.48046875 0.04140625 0.05234375
10 0.44296875 0.49296875 0.08515625 0.03125
10 0.55546875 0.49453125 0.07109375 0.02265625
10 0.7012354171874999 0.5858666671874999 0.6358020828125001 0.5330958328125 0.6049375 0.5500895828125001 0.6703708328125 0.6046520828124999 0.7012354171874999 0.5858666671874999
10 0.8049375 0.6288020828125 0.8037041671875 0.5992854171875 0.7074083328125 0.5992854171875 0.7098770828125 0.6314854171875 0.8049375 0.6288020828125
10 0.8049375 0.6699458328125 0.7962958328124999 0.641025 0.7139916671875 0.6454979171875 0.7098770828125 0.6726291671875 0.8049375 0.6699458328125
10 0.7950625 0.7128791671875 0.7913583328125 0.6869416671875 0.6950624999999999 0.6869416671875 0.69753125 0.7173520828125 0.7950625 0.7128791671875
10 0.7901229171875 0.7576020828125001 0.7864187499999999 0.7280854171875 0.6913583328125 0.72898125 0.6901229171875001 0.7584979171875 0.7901229171875 0.7576020828125001
10 0.3074083328125 0.6082291671875 0.3111104171875 0.5357791671875 0.27037083281249996 0.5366729171875 0.2691354171875 0.6055458328125 0.3074083328125 0.6082291671875
5 0.25555625000000004 0.33810416718749997 0.2592583328125 0.27101875 0.21728333281249998 0.26923125 0.21481458281250002 0.33363125 0.25555625000000004 0.33810416718749997
0 0.11328125 0.32578125 0.18984375 0.15234375
0 0.11484375 0.52890625 0.18359375 0.14765625
0 0.89921875 0.30703125 0.18984375 0.13984375
0 0.89453125 0.50625 0.18515625 0.14609375
5 0.06953125 0.6875 0.06015625 0.07890625
5 0.15390625 0.66484375 0.02890625 0.0375
5 0.15703125 0.74296875 0.03515625 0.05234375
5 0.18828125 0.809375 0.08515625 0.02734375
1 0.309375 0.81484375 0.08125 0.025
5 0.95 0.65625 0.06640625 0.07890625
5 0.85 0.640625 0.03359375 0.03515625
5 0.846875 0.72734375 0.03515625 0.04609375
10 0.76640625 0.19375 0.0375 0.0375
5 0.77109375 0.28359375 0.03359375 0.06015625
5 0.76875 0.36953125 0.04140625 0.05234375
5 0.77421875 0.45546875 0.03125 0.05234375
5 0.771875 0.54921875 0.03125 0.04375
0 0.49375 0.684375 0.3125 0.22265625
10 0.5308645828125 0.8434708328125 0.6012354171875 0.8944541671874999 0.6320979171875 0.8738812499999999 0.5641979171875 0.8211083328125 0.5358020828125001 0.8363145828125 0.5308645828125 0.8434708328125
5 0.7901229171875 0.7969583328125001 0.7864187499999999 0.77101875 0.6925916671875 0.76923125 0.6901229171875001 0.7996416671875 0.7901229171875 0.7969583328125001
5 0.7901229171875 0.8381041671875 0.7864187499999999 0.810375 0.6901229171875001 0.8121645828125 0.6901229171875001 0.8407875 0.7901229171875 0.8381041671875
10 0.1913583328125 0.6940958328125 0.2777770828125 0.6940958328125 0.28641875 0.6878354171875001 0.2777770828125 0.6618958328125 0.18888958281249998 0.6618958328125 0.1913583328125 0.6940958328125
10 0.18888958281249998 0.6547395828125 0.24321041718749997 0.6601083328125 0.28395000000000004 0.6484791671875 0.2827166671875 0.6243291671875 0.18888958281249998 0.6243291671875 0.18888958281249998 0.6547395828125
5 0.21481458281250002 0.4230770828125 0.2506166671875 0.42933750000000004 0.2592583328125 0.42128750000000004 0.2592583328125 0.3604645828125 0.21728333281249998 0.3586770828125 0.21481458281250002 0.4230770828125
5 0.25555625000000004 0.5187833328125 0.25678958281250003 0.4481208328125 0.21728333281249998 0.4481208328125 0.21481458281250002 0.5143104171874999 0.25555625000000004 0.5187833328125
5 0.21728333281249998 0.6055458328125 0.2530854171875 0.6100187499999999 0.2617291671875 0.6055458328125 0.2617291671875 0.5375666671875 0.2197520828125 0.5375666671875 0.21728333281249998 0.6055458328125