12 0.88359375 0.77578125 0.18359375 0.31875
1 0.278125 0.275 0.08125 0.12734375
1 0.50859375 0.29375 0.07890625 0.14140625
1 0.73515625 0.28359375 0.08359375 0.125
10 0.25546875 0.184375 0.03125 0.03359375
10 0.31484375 0.196875 0.02109375 0.03125
10 0.69765625 0.2 0.03359375 0.03515625
5 0.76328125 0.20078125 0.02734375 0.02734375
5 0.31484375 0.42265625 0.0375 0.05
5 0.50859375 0.40703125 0.03984375 0.03984375
5 0.76640625 0.42578125 0.03359375 0.04765625
5 0.7625 0.50703125 0.02890625 0.03125
7 0.70390625 0.38515625 0.04609375 0.075
7 0.25390625 0.37890625 0.0375 0.075
5 0.32109375 0.50078125 0.025 0.03515625
5 0.51484375 0.52421875 0.04140625 0.05625
1 0.70546875 0.50078125 0.02734375 0.04765625
1 0.25234375 0.50234375 0.0375 0.04609375
10 0.26796875 0.553125 0.03984375 0.03125
10 0.73671875 0.56015625 0.03125 0.03125