12 0.4953125 0.14765625 0.990625 0.2953125
13 0.065625 0.35625 0.11875 0.09375
11 0.20625 0.81015625 0.12890625 0.1
0 0.51953125 0.77734375 0.43359375 0.28359375
0 0.25625 0.46953125 0.45390625 0.10234375
0 0.85703125 0.44921875 0.26015625 0.17734375
0 0.62109375 0.42890625 0.19609375 0.10859375
7 0.19921875 0.57578125 0.09375 0.05234375
1 0.596875 0.58046875 0.11015625 0.02265625
1 0.59375 0.6125 0.10390625 0.025
1 0.84296875 0.58203125 0.11875 0.02265625
1 0.84140625 0.61484375 0.13359375 0.025
1 0.23359375 0.94140625 0.11640625 0.02890625
10 0.20546875 0.89453125 0.04765625 0.01875
10 0.20625 0.87734375 0.05390625 0.0125
10 0.209375 0.75390625 0.05234375 0.0125
10 0.77421875 0.81796875 0.04375 0.03125
10 0.93984375 0.55625 0.10390625 0.02109375
10 0.62734375 0.51328125 0.05859375 0.0125
10 0.25859375 0.67578125 0.02890625 0.02265625
10 0.765625 0.66484375 0.02734375 0.025
10 0.48359375 0.33359375 0.0625 0.04140625
10 0.39140625 0.41328125 0.08125 0.01015625
1 0.06015625 0.5625 0.05859375 0.05
5 0.36171875 0.33515625 0.14765625 0.03359375
5 0.61640625 0.33203125 0.16015625 0.025
5 0.2 0.34296875 0.09609375 0.01484375
5 0.20390625 0.36796875 0.09140625 0.02265625
5 0.33984375 0.54296875 0.09609375 0.01875
5 0.36953125 0.58046875 0.04765625 0.03515625
5 0.309375 0.57890625 0.05234375 0.03515625
5 0.065625 0.60078125 0.06875 0.01484375
5 0.20625 0.64921875 0.09140625 0.01875
5 0.78515625 0.84609375 0.06640625 0.0125
5 0.78203125 0.865625 0.06015625 0.01875
5 0.80625 0.909375 0.07109375 0.01875
5 0.49453125 0.39609375 0.03515625 0.02890625
5 0.69609375 0.58359375 0.0375 0.025
5 0.74765625 0.58125 0.03984375 0.025
5 0.74609375 0.61328125 0.03125 0.02265625
5 0.69765625 0.61484375 0.0375 0.02109375