0 0.49765625 0.26484375 0.17109375 0.0875
0 0.56015625 0.8125 0.20390625 0.14609375
5 0.25625 0.63359375 0.05234375 0.05859375
5 0.54765625 0.63046875 0.12109375 0.03984375
5 0.2875 0.71328125 0.0875 0.02734375
5 0.29609375 0.77109375 0.07890625 0.03515625
10 0.70703125 0.75859375 0.04765625 0.05859375
10 0.34765625 0.265625 0.05625 0.06484375
10 0.49609375 0.346875 0.10859375 0.03125
10 0.49453125 0.384375 0.11484375 0.02734375
10 0.496875 0.509375 0.06640625 0.0625
10 0.709375 0.86171875 0.06015625 0.06015625
10 0.78125 0.86328125 0.05859375 0.06015625
1 0.29453125 0.86953125 0.14375 0.07265625