7 0.74609375 0.10859375 0.26640625 0.14609375
7 0.24765625 0.11484375 0.275 0.15390625
7 0.246875 0.3125 0.26015625 0.14765625
7 0.73515625 0.31015625 0.27109375 0.1625
7 0.72890625 0.51875 0.27109375 0.15390625
7 0.76171875 0.71640625 0.27734375 0.15
7 0.26171875 0.72734375 0.25625 0.14140625
7 0.25625 0.51953125 0.25 0.15625
5 0.49765625 0.125 0.11640625 0.11640625
5 0.50234375 0.29296875 0.125 0.11484375
5 0.484375 0.52734375 0.12265625 0.125
5 0.490625 0.70234375 0.09765625 0.12109375
10 0.73359375 0.88359375 0.175 0.0875