12 0.14375 0.346875 0.20859375 0.11015625
12 0.08515625 0.58984375 0.08515625 0.12109375
10 0.32109375 0.34921875 0.10390625 0.11015625
10 0.434375 0.35 0.11484375 0.125
11 0.45625 0.55078125 0.05859375 0.10625
0 0.3375 0.49609375 0.13359375 0.10390625
1 0.47578125 0.44140625 0.02265625 0.05
10 0.23046875 0.43046875 0.03984375 0.01875
10 0.228125 0.45390625 0.03515625 0.01640625
10 0.22890625 0.478125 0.02890625 0.01875
10 0.19296875 0.54765625 0.01484375 0.02890625
10 0.240625 0.546875 0.01484375 0.02734375
10 0.32734375 0.59296875 0.01640625 0.03125
10 0.36796875 0.60625 0.03125 0.01640625
5 0.43125 0.428125 0.02890625 0.01875
5 0.21875 0.54609375 0.0125 0.025
5 0.30078125 0.59140625 0.01484375 0.02890625
5 0.37109375 0.58046875 0.02734375 0.01875