2 0.46484375 0.36640625 0.35390625 0.64609375
10 0.21328125 0.29453125 0.15234375 0.35625
10 0.21640625 0.765625 0.14140625 0.36484375
3 0.89140625 0.79296875 0.19140625 0.28515625
0 0.73828125 0.31015625 0.13515625 0.2875
5 0.71796875 0.10546875 0.08984375 0.09375
5 0.90546875 0.10546875 0.09765625 0.08984375
5 0.91171875 0.24140625 0.08984375 0.09609375
5 0.91484375 0.38515625 0.1 0.08359375
10 0.90703125 0.53359375 0.08515625 0.07109375
10 0.709375 0.50078125 0.10625 0.08125
5 0.7125 0.621875 0.08984375 0.10234375
5 0.32734375 0.83671875 0.05234375 0.19375
5 0.39375 0.83125 0.05390625 0.19609375
5 0.48125 0.834375 0.05390625 0.18515625
5 0.5625 0.82578125 0.04609375 0.16875
5 0.64765625 0.82890625 0.05 0.15390625
5 0.73125 0.82578125 0.05390625 0.16484375