14 0.50625 0.7859375 0.359375 0.428125
13 0.20859375 0.06640625 0.09609375 0.06640625
13 0.37890625 0.521875 0.07890625 0.08515625
7 0.17890625 0.69453125 0.05859375 0.10234375
7 0.18203125 0.821875 0.05234375 0.08984375
2 0.5875 0.38515625 0.2 0.34140625
10 0.209375 0.32109375 0.16875 0.34140625
10 0.784375 0.33046875 0.16015625 0.33125
12 0.934375 0.50078125 0.11875 0.27734375
12 0.06640625 0.48359375 0.12109375 0.29140625
3 0.57890625 0.103125 0.1625 0.17734375
6 0.79921875 0.90078125 0.11484375 0.19765625
0 0.27578125 0.659375 0.06875 0.11484375
0 0.38125 0.21328125 0.14609375 0.38125
5 0.48671875 0.11875 0.02109375 0.1
5 0.25390625 0.7875 0.04609375 0.0375
5 0.30625 0.81015625 0.02109375 0.05859375
5 0.30703125 0.92578125 0.02265625 0.09765625
5 0.25390625 0.940625 0.04609375 0.04375
5 0.17890625 0.93515625 0.04140625 0.05390625
5 0.69375 0.71484375 0.02109375 0.10859375
5 0.77109375 0.70390625 0.01640625 0.0875
5 0.80859375 0.70390625 0.02109375 0.09609375
1 0.84375 0.70625 0.025 0.09375
1 0.73046875 0.7125 0.02265625 0.09375
5 0.16015625 0.571875 0.025 0.09375
5 0.19765625 0.58359375 0.025 0.07890625
10 0.25390625 0.8625 0.04609375 0.04140625
10 0.690625 0.11640625 0.01875 0.10859375
5 0.70234375 0.90703125 0.02890625 0.12734375