9 0.51953125 0.40546875 0.27265625 0.35625
1 0.20078125 0.60703125 0.12734375 0.10234375
1 0.21328125 0.51484375 0.13515625 0.1
1 0.23046875 0.39765625 0.11875 0.10859375
1 0.23515625 0.30390625 0.12109375 0.08359375
1 0.84140625 0.334375 0.125 0.08984375
1 0.834375 0.41875 0.12734375 0.07890625
1 0.828125 0.53828125 0.11875 0.10234375
1 0.82421875 0.63515625 0.12265625 0.09140625
10 0.73125 0.59375 0.02890625 0.04140625
10 0.29453125 0.57578125 0.03125 0.06875
10 0.32109375 0.365625 0.03359375 0.04765625
10 0.75078125 0.378125 0.03984375 0.03515625
6 0.684375 0.47109375 0.08125 0.10390625
5 0.69921875 0.5375 0.05234375 0.03359375