4 0.08671875 0.2625 0.08984375 0.20390625
4 0.08359375 0.71015625 0.08984375 0.2
4 0.18046875 0.709375 0.08984375 0.19375
4 0.26875 0.71875 0.0875 0.21640625
4 0.3625 0.71875 0.08515625 0.20390625
4 0.45234375 0.71796875 0.08359375 0.21875
4 0.17578125 0.2625 0.08515625 0.20390625
4 0.26875 0.2625 0.08125 0.2
4 0.36328125 0.265625 0.08515625 0.18984375
4 0.45234375 0.27109375 0.0875 0.20390625
4 0.53984375 0.26953125 0.08359375 0.20234375
4 0.63203125 0.27109375 0.08515625 0.2125
4 0.72109375 0.26640625 0.08359375 0.21640625
4 0.54140625 0.71640625 0.0875 0.2
4 0.63046875 0.71640625 0.08515625 0.2
4 0.71796875 0.71796875 0.08515625 0.19375
12 0.09140625 0.11640625 0.09140625 0.07109375
12 0.184375 0.11484375 0.08515625 0.08359375
12 0.271875 0.1125 0.09375 0.0875
12 0.35859375 0.11640625 0.08359375 0.08125
12 0.44921875 0.121875 0.08984375 0.08125
12 0.53984375 0.11875 0.0875 0.07890625
12 0.63046875 0.11328125 0.08984375 0.075
12 0.71875 0.115625 0.0875 0.07734375
12 0.08984375 0.865625 0.09140625 0.07265625
12 0.18203125 0.86953125 0.08984375 0.08984375
12 0.271875 0.865625 0.08359375 0.08125
12 0.359375 0.86796875 0.08984375 0.08515625
12 0.45234375 0.87421875 0.09375 0.08515625
12 0.540625 0.87109375 0.08515625 0.0875
12 0.634375 0.86640625 0.09375 0.06640625
12 0.71796875 0.875 0.07734375 0.07890625
0 0.80234375 0.67578125 0.05390625 0.24375
0 0.82109375 0.13046875 0.07890625 0.10859375
0 0.80234375 0.38125 0.04140625 0.24140625
0 0.85390625 0.33515625 0.0375 0.05390625
0 0.91328125 0.33359375 0.03984375 0.05859375
0 0.85390625 0.39921875 0.04140625 0.04375
0 0.85859375 0.45 0.0375 0.05390625
0 0.85625 0.51640625 0.0375 0.05390625
0 0.91796875 0.51171875 0.03515625 0.05
0 0.91796875 0.45703125 0.03515625 0.05234375
0 0.91640625 0.39921875 0.04140625 0.05625
0 0.85390625 0.66328125 0.0375 0.05390625
0 0.85390625 0.71484375 0.0375 0.05
0 0.85625 0.77421875 0.0375 0.05625
0 0.85703125 0.83203125 0.03984375 0.04375
0 0.915625 0.66328125 0.04375 0.04765625
0 0.915625 0.71796875 0.03984375 0.05234375
0 0.91328125 0.77578125 0.03515625 0.05234375
0 0.915625 0.83828125 0.03984375 0.04765625
5 0.859375 0.56328125 0.02734375 0.02734375
5 0.915625 0.56015625 0.03125 0.03125
5 0.80078125 0.828125 0.01484375 0.04375
5 0.8 0.88203125 0.01640625 0.04765625
5 0.85625 0.87890625 0.02890625 0.02109375
5 0.915625 0.88046875 0.02734375 0.02265625
5 0.809375 0.22890625 0.0125 0.04140625
5 0.85078125 0.26953125 0.01875 0.04765625
13 0.88046875 0.11484375 0.01484375 0.075
10 0.96953125 0.22265625 0.00859375 0.04609375
10 0.92421875 0.11875 0.06015625 0.11640625
10 0.93671875 0.228125 0.05234375 0.08515625
10 0.88203125 0.22109375 0.04765625 0.09140625
12 0.96640625 0.33359375 0.05390625 0.12734375
12 0.96640625 0.575 0.0375 0.2625
5 0.73671875 0.55703125 0.02265625 0.01875
5 0.7 0.42890625 0.025 0.025
5 0.615625 0.428125 0.02265625 0.02265625
5 0.64765625 0.55390625 0.02109375 0.02109375
5 0.559375 0.55703125 0.02265625 0.01875
5 0.525 0.43046875 0.025 0.02265625
5 0.07890625 0.42734375 0.01875 0.02109375
5 0.11484375 0.553125 0.025 0.02265625
5 0.17109375 0.42734375 0.025 0.02109375
5 0.20625 0.55546875 0.02109375 0.01875
5 0.29765625 0.55703125 0.025 0.01484375
5 0.26015625 0.43046875 0.02890625 0.02265625
5 0.34609375 0.43203125 0.02109375 0.01875
5 0.38203125 0.55546875 0.01875 0.02265625
5 0.471875 0.55390625 0.02265625 0.0125
5 0.43828125 0.43203125 0.02109375 0.02265625
1 0.11953125 0.43203125 0.02265625 0.02265625
1 0.08046875 0.55390625 0.02265625 0.02109375
1 0.20625 0.428125 0.01875 0.02265625
1 0.16796875 0.55390625 0.02265625 0.01640625
1 0.25625 0.55546875 0.025 0.02265625
1 0.384375 0.42890625 0.02265625 0.02109375
1 0.34375 0.55390625 0.025 0.02109375
1 0.296875 0.42890625 0.02265625 0.02109375
1 0.46953125 0.43203125 0.02265625 0.01875
1 0.43671875 0.55625 0.02265625 0.02265625
1 0.52578125 0.55625 0.02265625 0.02109375
1 0.646875 0.42890625 0.02265625 0.02109375
1 0.7375 0.42890625 0.025 0.025
1 0.61015625 0.55625 0.025 0.02109375
1 0.7 0.55625 0.025 0.01640625