11 0.50390625 0.12265625 0.47265625 0.14609375
0 0.284375 0.446875 0.13984375 0.12734375
12 0.17890625 0.86953125 0.3125 0.26015625
1 0.45703125 0.84921875 0.13515625 0.12265625
1 0.64921875 0.84609375 0.10625 0.12109375
7 0.890625 0.54921875 0.09765625 0.10625
7 0.66328125 0.61796875 0.08984375 0.09375
11 0.121875 0.053125 0.13515625 0.04765625
10 0.04375 0.12890625 0.04609375 0.0625
10 0.18125 0.12265625 0.03359375 0.06640625
10 0.39921875 0.22421875 0.07734375 0.03984375
10 0.61171875 0.23203125 0.08125 0.03515625
10 0.11328125 0.45234375 0.07265625 0.03359375
10 0.21484375 0.54453125 0.0625 0.03515625
10 0.31015625 0.59375 0.03359375 0.05859375
10 0.40390625 0.59453125 0.03359375 0.05625
10 0.56015625 0.58828125 0.03515625 0.06015625
10 0.76640625 0.728125 0.0875 0.02734375
10 0.771875 0.56796875 0.06015625 0.06015625
10 0.38125 0.65234375 0.08359375 0.04375
5 0.11015625 0.325 0.075 0.04609375
5 0.10859375 0.36875 0.07890625 0.03359375
5 0.10546875 0.40859375 0.08125 0.05
5 0.32109375 0.34609375 0.0375 0.075
5 0.45703125 0.378125 0.07734375 0.03515625
5 0.459375 0.425 0.07734375 0.03359375
5 0.77109375 0.65859375 0.04140625 0.0625
5 0.81875 0.665625 0.05 0.07109375
5 0.621875 0.715625 0.03515625 0.05625
5 0.46796875 0.71875 0.03515625 0.07109375