0 0.50703125 0.33359375 0.22734375 0.12890625
5 0.3875 0.76015625 0.1 0.05
5 0.38671875 0.69609375 0.10234375 0.04140625
5 0.39375 0.6375 0.1 0.04375
5 0.70703125 0.63046875 0.09765625 0.03984375
5 0.80625 0.83359375 0.04140625 0.08984375
5 0.75703125 0.33671875 0.09375 0.04375
5 0.253125 0.39453125 0.09765625 0.04765625
5 0.25546875 0.334375 0.09375 0.04375
5 0.26015625 0.27890625 0.08359375 0.0375
10 0.41875 0.18515625 0.06640625 0.09765625
10 0.57890625 0.18125 0.05859375 0.0875
1 0.64765625 0.83828125 0.16015625 0.11875