2 0.67578125 0.38671875 0.40234375 0.59375
13 0.59375 0.828125 0.2375 0.15625
0 0.26171875 0.45234375 0.19375 0.25390625
5 0.2375 0.07890625 0.1375 0.09765625
5 0.23125 0.21796875 0.12890625 0.08984375
5 0.39375 0.74296875 0.05 0.13515625
12 0.80703125 0.89296875 0.09765625 0.11875
5 0.95625 0.31015625 0.05 0.17109375
10 0.40234375 0.15625 0.08359375 0.20390625
10 0.05625 0.4375 0.10859375 0.24609375
10 0.259375 0.73125 0.14765625 0.10390625
10 0.07734375 0.65859375 0.125 0.08359375
10 0.35390625 0.9375 0.10390625 0.07890625