0 0.52109375 0.05859375 0.10859375 0.05859375
0 0.50390625 0.23046875 0.225 0.21015625
6 0.65703125 0.621875 0.15234375 0.06015625
3 0.36484375 0.62734375 0.25859375 0.24609375
6 0.49609375 0.44140625 0.21640625 0.06640625
7 0.84765625 0.421875 0.11640625 0.06484375
1 0.86328125 0.071875 0.13125 0.04765625
1 0.57578125 0.91640625 0.1125 0.05390625
5 0.84609375 0.146875 0.1 0.03984375
5 0.83828125 0.228125 0.11875 0.03984375
5 0.475 0.79453125 0.07890625 0.04375
5 0.43984375 0.91875 0.075 0.03359375
5 0.171875 0.20546875 0.1125 0.03984375
5 0.175 0.27421875 0.10859375 0.03984375
5 0.18046875 0.34609375 0.09375 0.05
10 0.17890625 0.06484375 0.09140625 0.04609375
10 0.16640625 0.13515625 0.08359375 0.05390625
10 0.84140625 0.3125 0.09765625 0.05