15 0.815625 0.09921875 0.33984375 0.19375
2 0.140625 0.55703125 0.13515625 0.22734375
2 0.071875 0.83046875 0.12265625 0.22734375
13 0.16953125 0.78515625 0.05234375 0.2
13 0.36484375 0.6625 0.04140625 0.15390625
13 0.92890625 0.56484375 0.05390625 0.175
13 0.8 0.31640625 0.05859375 0.16640625
1 0.753125 0.675 0.02734375 0.09609375
1 0.46875 0.59296875 0.025 0.10625
5 0.38046875 0.43125 0.10625 0.10390625
5 0.27578125 0.49375 0.04375 0.04140625
5 0.415625 0.58671875 0.02265625 0.09375
5 0.415625 0.84609375 0.04765625 0.04375
5 0.415625 0.91171875 0.04375 0.04765625
5 0.76953125 0.51171875 0.02265625 0.09375
5 0.84765625 0.48515625 0.05 0.04609375
5 0.84921875 0.6125 0.05234375 0.04375
5 0.81328125 0.69453125 0.02734375 0.08984375
5 0.853125 0.7125 0.02734375 0.09765625
7 0.90078125 0.709375 0.04375 0.08984375
7 0.4125 0.74921875 0.04609375 0.08515625
0 0.271875 0.71328125 0.09765625 0.29765625
0 0.60703125 0.59921875 0.14765625 0.53984375
12 0.91953125 0.3375 0.16015625 0.2
12 0.790625 0.87578125 0.18984375 0.21484375
10 0.72578125 0.51328125 0.02265625 0.09375
10 0.05078125 0.584375 0.03515625 0.10234375
10 0.46953125 0.74375 0.02734375 0.08359375
10 0.84765625 0.55234375 0.04140625 0.05