12 0.5 0.153125 1 0.29765625
0 0.48359375 0.465625 0.16640625 0.10625
10 0.56015625 0.36640625 0.03515625 0.00859375
10 0.26328125 0.51328125 0.05625 0.01484375
10 0.2625 0.55234375 0.05 0.01640625
10 0.63984375 0.51796875 0.03359375 0.03125
10 0.521875 0.55 0.03515625 0.0125
10 0.62734375 0.803125 0.025 0.02734375
10 0.315625 0.91875 0.01875 0.025
10 0.675 0.921875 0.02109375 0.02265625
5 0.64609375 0.43046875 0.04140625 0.03515625
5 0.67109375 0.47734375 0.0625 0.02109375
5 0.52578125 0.85859375 0.06875 0.02109375
5 0.4375 0.94765625 0.07109375 0.02109375
1 0.55390625 0.95 0.09140625 0.025