4 0.25703125 0.47734375 0.16875 0.2
4 0.44453125 0.48203125 0.17265625 0.21484375
4 0.62734375 0.48515625 0.175 0.21640625
4 0.80625 0.48125 0.16875 0.21640625
12 0.353125 0.33359375 0.33984375 0.08984375
13 0.2625 0.615625 0.06640625 0.02734375
13 0.44296875 0.61328125 0.04765625 0.01875
13 0.61796875 0.615625 0.04375 0.01875
13 0.79453125 0.61484375 0.04765625 0.02109375
12 0.89453125 0.66796875 0.03984375 0.07109375
12 0.7625 0.775 0.15390625 0.025
1 0.33125 0.77734375 0.0375 0.0125
1 0.40546875 0.775 0.03515625 0.02109375
1 0.47890625 0.77734375 0.0375 0.02109375
1 0.55625 0.775 0.04375 0.01640625
7 0.20390625 0.659375 0.03359375 0.02734375
7 0.378125 0.65859375 0.03515625 0.02890625
7 0.55703125 0.66015625 0.03515625 0.025
7 0.73046875 0.65859375 0.03125 0.025
5 0.20546875 0.70078125 0.03515625 0.02265625
5 0.20390625 0.7375 0.02890625 0.02109375
5 0.38046875 0.70078125 0.02890625 0.01875
5 0.38125 0.7375 0.02890625 0.02109375
5 0.55859375 0.7 0.03359375 0.01640625
5 0.559375 0.73828125 0.03125 0.0125
5 0.73359375 0.70078125 0.03359375 0.01875
5 0.73203125 0.73671875 0.03125 0.01875
0 0.284375 0.7 0.05859375 0.0875
0 0.465625 0.70078125 0.06015625 0.08515625
0 0.64140625 0.696875 0.0625 0.08515625