7 0.45703125 0.34765625 0.09765625 0.10859375
5 0.28046875 0.48125 0.05234375 0.0375
5 0.353125 0.61015625 0.03984375 0.05390625
5 0.38984375 0.5875 0.03359375 0.05390625
5 0.42109375 0.56875 0.0375 0.04609375
5 0.45234375 0.54609375 0.03359375 0.05
10 0.51484375 0.28984375 0.04140625 0.06015625
10 0.521875 0.49375 0.04375 0.05859375
10 0.59140625 0.446875 0.04140625 0.05234375
10 0.62578125 0.43046875 0.04375 0.04375
10 0.684375 0.38671875 0.03125 0.04765625
10 0.73125 0.35703125 0.05859375 0.04765625
10 0.28515625 0.65078125 0.04140625 0.05625
10 0.32109375 0.62890625 0.0375 0.04609375
12 0.31484375 0.25859375 0.2625 0.125
13 0.48359375 0.515625 0.05 0.04765625