12 0.1578125 0.21953125 0.309375 0.4390625
12 0.82890625 0.22109375 0.33359375 0.44140625
0 0.50390625 0.43671875 0.19140625 0.08125
0 0.49765625 0.58828125 0.25 0.16484375
5 0.125 0.53125 0.0375 0.03359375
5 0.053125 0.53125 0.03984375 0.03515625
5 0.72421875 0.615625 0.05625 0.03984375
5 0.81875 0.62109375 0.0375 0.03515625
5 0.39296875 0.790625 0.0875 0.01875
5 0.721875 0.86953125 0.10625 0.02734375
5 0.26484375 0.89921875 0.10859375 0.01875
5 0.26015625 0.85234375 0.09609375 0.02890625
5 0.34921875 0.42578125 0.05234375 0.04765625
5 0.6375 0.42734375 0.04375 0.05
10 0.34453125 0.74296875 0.03515625 0.03984375
10 0.26953125 0.53671875 0.04765625 0.04765625
10 0.42421875 0.7375 0.03515625 0.0375
10 0.50234375 0.73984375 0.04609375 0.0375
10 0.57265625 0.7375 0.0375 0.03359375
10 0.65625 0.74140625 0.04375 0.0375
1 0.590625 0.790625 0.11875 0.02734375