4 0.15859375 0.40234375 0.19609375 0.26015625
4 0.36875 0.40390625 0.20859375 0.25390625
4 0.56953125 0.4 0.18515625 0.25234375
4 0.771875 0.40625 0.18984375 0.25390625
12 0.27578125 0.22890625 0.375 0.0875
12 0.66640625 0.228125 0.36484375 0.08984375
7 0.109375 0.6 0.0375 0.03359375
7 0.31015625 0.596875 0.04609375 0.03515625
7 0.50390625 0.6 0.0375 0.0375
7 0.70390625 0.6 0.05390625 0.0375
13 0.171875 0.559375 0.07734375 0.03984375
13 0.37578125 0.56015625 0.06875 0.03359375
13 0.56328125 0.56171875 0.07109375 0.03125
13 0.76171875 0.559375 0.07109375 0.02734375
1 0.25703125 0.753125 0.05234375 0.02734375
1 0.3375 0.75078125 0.05390625 0.03125
1 0.41875 0.75078125 0.04609375 0.02265625
1 0.50625 0.75390625 0.05 0.02890625
12 0.72734375 0.746875 0.19609375 0.03984375
12 0.88828125 0.63984375 0.03984375 0.08359375
0 0.19765625 0.65625 0.0625 0.10859375
0 0.4125 0.66015625 0.0625 0.10859375
0 0.60546875 0.65859375 0.06015625 0.10234375
0 0.81484375 0.659375 0.0625 0.11484375
5 0.11015625 0.65703125 0.05859375 0.03125
5 0.10625 0.69453125 0.05859375 0.02265625
5 0.325 0.65390625 0.05390625 0.02890625
5 0.32578125 0.68984375 0.05390625 0.02890625
5 0.51484375 0.65546875 0.0625 0.03515625
5 0.51015625 0.68828125 0.0625 0.02734375
5 0.71171875 0.65703125 0.06015625 0.02734375
5 0.70859375 0.68984375 0.0625 0.025