4 0.27890625 0.51015625 0.31015625 0.65390625
12 0.065625 0.50234375 0.11484375 0.6375
12 0.86953125 0.51953125 0.26015625 0.52265625
7 0.471875 0.2625 0.05234375 0.14140625
13 0.46875 0.70078125 0.02890625 0.18125
13 0.68359375 0.428125 0.05859375 0.0625
13 0.68515625 0.59296875 0.0625 0.07734375
10 0.68359375 0.17265625 0.0625 0.0875
10 0.68828125 0.26875 0.05234375 0.06640625
1 0.51640625 0.51875 0.025 0.1625
1 0.68671875 0.85234375 0.04765625 0.0625
5 0.51796875 0.28359375 0.02265625 0.14140625
5 0.51640625 0.7625 0.025 0.15859375
5 0.59140625 0.84921875 0.05 0.0625
5 0.6875 0.68515625 0.04375 0.06640625
5 0.68671875 0.765625 0.03515625 0.05234375
5 0.68515625 0.34765625 0.05 0.075
5 0.68984375 0.50859375 0.04140625 0.06640625
0 0.590625 0.53125 0.08984375 0.29140625