7 0.07890625 0.26875 0.1578125 0.13125
7 0.365625 0.10546875 0.18515625 0.16015625
7 0.83515625 0.20625 0.18359375 0.15
7 0.553125 0.3875 0.14765625 0.11875
13 0.946875 0.71953125 0.075 0.15625
13 0.9625 0.89765625 0.075 0.14765625
13 0.0875 0.69140625 0.08125 0.13359375
13 0.08828125 0.90390625 0.09765625 0.15625
0 0.57578125 0.83203125 0.41484375 0.33515625
5 0.06171875 0.10625 0.10625 0.0625
5 0.34921875 0.28671875 0.18125 0.08984375
5 0.2 0.271875 0.06875 0.13515625
5 0.31640625 0.39765625 0.10859375 0.07890625
5 0.55078125 0.20078125 0.05625 0.13515625
5 0.834375 0.3875 0.16484375 0.11640625
5 0.67890625 0.371875 0.07109375 0.11484375
5 0.48984375 0.5625 0.07109375 0.12109375
5 0.396875 0.56328125 0.07265625 0.10625
10 0.28125 0.546875 0.05625 0.1125
5 0.18203125 0.7375 0.05234375 0.11640625
5 0.28515625 0.73984375 0.06015625 0.10234375
5 0.275 0.915625 0.04609375 0.12109375
5 0.1875 0.91328125 0.0625 0.10625
10 0.72265625 0.60390625 0.11640625 0.07890625
10 0.684375 0.19140625 0.06015625 0.12109375
10 0.2125 0.0875 0.05390625 0.1125