15 0.09375 0.39296875 0.0375 0.21484375
15 0.15546875 0.39453125 0.0375 0.19375
15 0.215625 0.409375 0.03359375 0.21015625
15 0.28046875 0.40234375 0.03515625 0.19609375
15 0.33984375 0.41015625 0.03359375 0.225
15 0.39765625 0.40703125 0.02890625 0.20859375
15 0.46171875 0.396875 0.03125 0.20234375
15 0.51640625 0.39375 0.02890625 0.2
15 0.57734375 0.39765625 0.02890625 0.2
15 0.6375 0.40234375 0.02890625 0.2
15 0.69921875 0.40078125 0.02734375 0.21015625
15 0.76015625 0.39921875 0.025 0.21875
15 0.82109375 0.39609375 0.025 0.20859375
15 0.88046875 0.39453125 0.02734375 0.17734375
12 0.2625 0.11171875 0.41640625 0.14765625
12 0.75 0.103125 0.40859375 0.12265625
12 0.03125 0.35546875 0.05390625 0.21015625
12 0.9765625 0.3015625 0.046875 0.178125
12 0.95390625 0.66015625 0.07109375 0.34609375
12 0.50703125 0.78828125 0.23125 0.10625
12 0.425 0.9390625 0.078125 0.121875
13 0.10234375 0.628125 0.02109375 0.125
13 0.16171875 0.63125 0.02109375 0.1125
13 0.22109375 0.63046875 0.02109375 0.10234375
13 0.28359375 0.625 0.02109375 0.10625
13 0.340625 0.61875 0.02265625 0.07890625
13 0.40234375 0.625 0.01640625 0.1
13 0.45234375 0.63046875 0.02109375 0.08515625
13 0.528125 0.62890625 0.01875 0.1
13 0.57734375 0.62890625 0.025 0.07890625
13 0.6375 0.62734375 0.02109375 0.10234375
13 0.69453125 0.62265625 0.02265625 0.07890625
13 0.75390625 0.63359375 0.02109375 0.09609375
13 0.815625 0.62890625 0.01875 0.09609375
13 0.87890625 0.63125 0.02109375 0.09609375
13 0.225 0.73515625 0.03359375 0.03984375
13 0.28984375 0.7375 0.04140625 0.02890625
13 0.75078125 0.74453125 0.04375 0.03125
13 0.81328125 0.740625 0.03515625 0.04765625
0 0.23515625 0.825 0.05 0.0875
0 0.75859375 0.81875 0.05390625 0.07890625
10 0.20625 0.91015625 0.025 0.03359375
10 0.2375 0.915625 0.03359375 0.04765625
10 0.72578125 0.903125 0.02265625 0.04375
10 0.765625 0.878125 0.05234375 0.04765625
1 0.278125 0.88203125 0.03515625 0.06875
1 0.67734375 0.87265625 0.03125 0.07890625
13 0.63046875 0.86953125 0.03125 0.05234375
13 0.34609375 0.86015625 0.04140625 0.05390625
5 0.22578125 0.95390625 0.05234375 0.04375
5 0.29375 0.94140625 0.03359375 0.0375
5 0.346875 0.90625 0.03515625 0.05
5 0.59296875 0.93671875 0.04375 0.06015625
5 0.671875 0.93515625 0.03984375 0.04609375
5 0.73984375 0.946875 0.03984375 0.03515625
5 0.82421875 0.94609375 0.04765625 0.02890625
6 0.03828125 0.18125 0.05625 0.08515625