12 0.275 0.90859375 0.3375 0.15859375
12 0.47734375 0.15078125 0.4 0.22265625
12 0.71953125 0.90078125 0.32890625 0.19765625
6 0.11015625 0.31953125 0.15 0.12265625
6 0.27109375 0.32578125 0.12890625 0.12265625
6 0.434375 0.328125 0.13359375 0.12734375
6 0.59296875 0.334375 0.13125 0.125
6 0.75703125 0.33984375 0.14765625 0.12734375
6 0.915625 0.334375 0.13984375 0.13984375
13 0.184375 0.48515625 0.04375 0.10859375
13 0.340625 0.48046875 0.03515625 0.08125
13 0.49296875 0.4875 0.03125 0.09609375
13 0.65546875 0.48203125 0.03515625 0.07734375
13 0.80859375 0.48203125 0.02734375 0.06875
13 0.96640625 0.47890625 0.02890625 0.09140625
15 0.09609375 0.5875 0.07890625 0.32734375
15 0.25703125 0.57578125 0.08515625 0.33984375
15 0.415625 0.58671875 0.09375 0.33515625
15 0.57265625 0.584375 0.08359375 0.33515625
15 0.7375 0.58046875 0.1 0.33359375
15 0.89921875 0.590625 0.10234375 0.36875
1 0.18671875 0.59921875 0.04765625 0.06484375
1 0.34140625 0.59453125 0.0375 0.06484375
1 0.5 0.6 0.0375 0.0625
1 0.65 0.59140625 0.03515625 0.05859375
1 0.81015625 0.59140625 0.04375 0.06640625
1 0.96796875 0.59140625 0.04765625 0.07109375
1 0.75703125 0.10234375 0.07109375 0.08359375
5 0.76484375 0.171875 0.0625 0.05234375
5 0.184375 0.70078125 0.03125 0.11015625
5 0.34140625 0.70859375 0.02265625 0.09375
5 0.49765625 0.69765625 0.02890625 0.09609375
5 0.65 0.71171875 0.03125 0.11875
5 0.80703125 0.70546875 0.03515625 0.08984375
5 0.96796875 0.71171875 0.04375 0.13125