12 0.5125 0.45078125 0.05859375 0.79375
12 0.83984375 0.45078125 0.05859375 0.79765625
12 0.07109375 0.29140625 0.1375 0.12890625
12 0.06484375 0.63984375 0.12890625 0.425
12 0.940625 0.49765625 0.10625 0.77109375
6 0.2875 0.91171875 0.15859375 0.05234375
2 0.34375 0.16171875 0.13359375 0.11015625
13 0.44765625 0.15546875 0.04140625 0.07734375
7 0.215625 0.07890625 0.05 0.05390625
10 0.32265625 0.07578125 0.07890625 0.03515625
10 0.42890625 0.07265625 0.07109375 0.025
10 0.21640625 0.12421875 0.04140625 0.02734375
10 0.2125 0.21953125 0.04140625 0.02265625
10 0.41015625 0.36953125 0.075 0.03984375
10 0.45390625 0.47890625 0.04140625 0.075
10 0.29609375 0.23515625 0.04140625 0.025
10 0.15859375 0.20390625 0.02109375 0.04609375
10 0.453125 0.56953125 0.05234375 0.02265625
10 0.44921875 0.59765625 0.03515625 0.02109375
10 0.45078125 0.625 0.03984375 0.0125
10 0.45234375 0.65390625 0.04140625 0.025
10 0.44765625 0.68046875 0.0375 0.01875
10 0.45546875 0.77265625 0.03515625 0.06640625
6 0.67890625 0.93515625 0.10234375 0.07109375
10 0.4625 0.28046875 0.025 0.03515625
0 0.390625 0.28359375 0.09765625 0.08515625
0 0.328125 0.47109375 0.14765625 0.12109375
0 0.32578125 0.62109375 0.10234375 0.15
0 0.32578125 0.76875 0.13125 0.10625
5 0.65625 0.19453125 0.03515625 0.01875
5 0.15703125 0.07734375 0.01875 0.03984375
5 0.16171875 0.14453125 0.02265625 0.03984375
5 0.29296875 0.25703125 0.03515625 0.02265625
5 0.29140625 0.27890625 0.04140625 0.0125
5 0.290625 0.30703125 0.03984375 0.01875
5 0.29296875 0.32734375 0.04375 0.02109375
5 0.28046875 0.365625 0.01875 0.02890625
5 0.30625 0.36875 0.025 0.03359375
5 0.33515625 0.36484375 0.025 0.03359375
5 0.6625 0.22109375 0.04140625 0.01640625
5 0.66015625 0.25078125 0.02890625 0.01875
5 0.659375 0.27734375 0.02734375 0.02109375
5 0.6625 0.30546875 0.03359375 0.02265625
5 0.65390625 0.46015625 0.025 0.04140625
5 0.696875 0.45859375 0.02265625 0.02890625
5 0.634375 0.59765625 0.03125 0.04140625
1 0.06875 0.15703125 0.05390625 0.03515625
0 0.21171875 0.16796875 0.05234375 0.04375