15 0.09609375 0.58828125 0.03984375 0.11484375
15 0.16171875 0.58984375 0.04765625 0.11640625
15 0.22265625 0.59296875 0.05 0.12265625
15 0.290625 0.59375 0.06015625 0.12890625
15 0.35546875 0.590625 0.04765625 0.11875
15 0.41953125 0.596875 0.04765625 0.10625
15 0.48046875 0.59296875 0.04140625 0.11015625
15 0.54296875 0.59296875 0.04765625 0.11484375
15 0.60546875 0.59296875 0.04765625 0.13125
6 0.71796875 0.6375 0.13515625 0.09609375
12 0.08828125 0.73828125 0.06015625 0.06484375
12 0.14921875 0.74140625 0.07734375 0.07109375
12 0.21640625 0.73359375 0.05390625 0.07109375
12 0.28359375 0.73984375 0.06640625 0.07890625
12 0.34375 0.73828125 0.05625 0.08515625
12 0.40703125 0.73671875 0.07265625 0.08125
12 0.47109375 0.73125 0.05390625 0.08359375
12 0.534375 0.74140625 0.05625 0.07890625
12 0.59609375 0.7375 0.06640625 0.0875
6 0.715625 0.28203125 0.11484375 0.08515625
12 0.096875 0.3875 0.05625 0.05625
12 0.16015625 0.3875 0.05859375 0.0625
12 0.21796875 0.38125 0.06015625 0.06640625
12 0.28671875 0.3875 0.05859375 0.075
12 0.34609375 0.39140625 0.0625 0.07109375
12 0.41328125 0.39609375 0.06875 0.06640625
12 0.47265625 0.39765625 0.06640625 0.08359375
12 0.53671875 0.390625 0.06484375 0.07265625
12 0.60546875 0.39140625 0.06015625 0.075