1 0.1928833328125 0.1343354171875 0.06460625 0.1095770828125 0.0056187500000000005 0.16274375000000002 0.1282770828125 0.1899354171875 0.1928833328125 0.1343354171875
1 0.4288395828125 0.06209375 0.36985 0.0073041671875 0.2481270828125 0.0284083328125 0.2986895828125 0.08685000000000001 0.4288395828125 0.06209375
1 0.7715354171875 0.0320625 0.65075 0.0081166671875 0.5973791671875001 0.0523541671875 0.7162916671875 0.0876625 0.7715354171875 0.0320625
1 1 0.16923749999999999 0.9531833328125 0.1164770828125 0.8174166671875 0.1363645828125 0.8735958328125 0.19318125 1 0.16923749999999999
0 0.53515625 0.78671875 0.27109375 0.12734375
13 0.76796875 0.70078125 0.12734375 0.09765625
5 0.475 0.615625 0.14609375 0.02734375
5 0.51484375 0.91171875 0.1125 0.02734375
5 0.225 0.91171875 0.1125 0.02734375
5 0.84765625 0.81640625 0.07890625 0.04140625
1 0.7375 0.91484375 0.12109375 0.02109375
0 0.40390625 0.67109375 0.10859375 0.05390625
10 0.18046875 0.6875 0.05234375 0.04609375
10 0.26484375 0.684375 0.07109375 0.04375
10 0.60859375 0.678125 0.15390625 0.05234375