1 0.925 0.09375 0.13359375 0.09140625
1 0.08046875 0.09453125 0.14375 0.08984375
12 0.49609375 0.24296875 0.7 0.48515625
5 0.08515625 0.16875 0.09609375 0.02890625
5 0.934375 0.16796875 0.08984375 0.02734375
5 0.08671875 0.35 0.08984375 0.02890625
5 0.08203125 0.390625 0.08515625 0.025
5 0.08203125 0.47265625 0.09765625 0.02734375
5 0.93125 0.43125 0.10625 0.03359375
5 0.93046875 0.47265625 0.09375 0.02734375
5 0.253125 0.53984375 0.04375 0.05
5 0.35390625 0.90390625 0.04609375 0.05390625
5 0.43125 0.903125 0.07890625 0.05625
5 0.51328125 0.90234375 0.04609375 0.04375
5 0.59140625 0.903125 0.05859375 0.04765625
5 0.828125 0.9 0.05625 0.05
1 0.70234375 0.90234375 0.14140625 0.07890625
10 0.22578125 0.90625 0.17734375 0.07109375
10 0.07421875 0.42890625 0.08515625 0.03359375
10 0.17421875 0.53828125 0.05625 0.05234375
10 0.33125 0.540625 0.05 0.05390625
10 0.403125 0.54140625 0.06484375 0.0625
10 0.75078125 0.53828125 0.06484375 0.04765625
10 0.828125 0.5375 0.06015625 0.05390625
10 0.93203125 0.38984375 0.09375 0.02734375
11 0.57890625 0.54296875 0.25859375 0.08125
0 0.49375 0.721875 0.72890625 0.21015625
2 0.928125 0.27421875 0.07265625 0.08984375