12 0.5 0.11875 0.375 0.23359375
0 0.49296875 0.584375 0.22265625 0.14375
0 0.48984375 0.33046875 0.12265625 0.0875
10 0.24375 0.9 0.17890625 0.075
5 0.4875 0.89375 0.1 0.03359375
5 0.728125 0.89453125 0.11875 0.04375
5 0.45390625 0.75 0.05390625 0.06640625
5 0.5375 0.75 0.05 0.0625
5 0.69921875 0.53828125 0.03515625 0.04765625
5 0.76875 0.53984375 0.04140625 0.05
5 0.696875 0.62421875 0.03515625 0.05625
5 0.76328125 0.63046875 0.04765625 0.05234375
1 0.73671875 0.80078125 0.10625 0.03984375
1 0.24375 0.79921875 0.11640625 0.04375
1 0.8625 0.08671875 0.10390625 0.03984375
1 0.1125 0.08203125 0.11640625 0.04375
5 0.1125 0.17109375 0.07109375 0.025
5 0.35625 0.315625 0.05625 0.05859375
2 0.61796875 0.31796875 0.06484375 0.05625
10 0.71875 0.31328125 0.0625 0.05390625
10 0.203125 0.540625 0.03984375 0.04765625
10 0.2875 0.53828125 0.04609375 0.04765625
10 0.209375 0.628125 0.03515625 0.05625
10 0.28515625 0.628125 0.04140625 0.04765625
5 0.86640625 0.16796875 0.07109375 0.02109375