10 0.24453125 0.48828125 0.13125 0.15
10 0.44140625 0.67734375 0.1375 0.15390625
10 0.76171875 0.41171875 0.13515625 0.14375
10 0.55390625 0.21953125 0.11640625 0.12265625
7 0.396875 0.45859375 0.14375 0.12265625
7 0.49921875 0.56796875 0.11015625 0.125
5 0.59375 0.65078125 0.09140625 0.07734375
5 0.29921875 0.36328125 0.06875 0.07265625
5 0.47265625 0.325 0.09140625 0.09140625
5 0.53984375 0.38359375 0.0625 0.07890625
5 0.60390625 0.44765625 0.075 0.07890625
5 0.66640625 0.521875 0.08359375 0.09765625