6 0.32734375 0.134375 0.25859375 0.13984375
6 0.32578125 0.37265625 0.25234375 0.14765625
6 0.7125 0.371875 0.2625 0.13984375
6 0.7125 0.1375 0.25390625 0.14609375
13 0.08671875 0.09921875 0.06484375 0.08515625
13 0.08671875 0.33515625 0.06875 0.08359375
13 0.95234375 0.3375 0.06640625 0.07890625
13 0.953125 0.096875 0.06484375 0.08125
1 0.77890625 0.87734375 0.15625 0.07890625
5 0.25859375 0.86015625 0.1 0.03359375
5 0.65703125 0.875 0.03984375 0.05
5 0.796875 0.540625 0.08984375 0.02265625
5 0.09765625 0.25546875 0.075 0.02265625
5 0.26640625 0.25390625 0.06640625 0.02890625
5 0.76875 0.25546875 0.09765625 0.02734375
5 0.93046875 0.259375 0.08125 0.02734375
5 0.11015625 0.021875 0.1 0.03125
5 0.2625 0.02578125 0.0875 0.03125
5 0.76796875 0.021875 0.075 0.02265625
5 0.93359375 0.02421875 0.09140625 0.03125
10 0.42734375 0.021875 0.10390625 0.03125
10 0.60703125 0.01953125 0.11015625 0.03125
10 0.43359375 0.25546875 0.08359375 0.02734375
10 0.6125 0.25703125 0.07890625 0.03125
10 0.39140625 0.53203125 0.1125 0.03515625
10 0.60703125 0.53828125 0.09765625 0.03125
0 0.33046875 0.671875 0.2375 0.20234375
0 0.7 0.675 0.21640625 0.20390625