12 0.1375 0.11640625 0.25 0.15859375
12 0.26377291718749996 0.0400583328125 0.2654416671875 0.1894166671875 0.48664375 0.1918895828125 0.49415624999999996 0.1844708328125 0.4924875 0.03808125 0.2846416671875 0.0356083328125 0.26377291718749996 0.0400583328125
12 0.5183645828125 0.0356083328125 0.5075125 0.0400583328125 0.5091812499999999 0.19040625 0.7320541671874999 0.1918895828125 0.7395666671875001 0.1805145828125 0.7378958328125 0.0390708328125 0.7287145828125 0.0356083328125 0.5183645828125 0.0356083328125
12 0.9590979171875 0.0356083328125 0.7721208328125 0.0356083328125 0.7512520828125 0.0420375 0.7545916671875 0.1884270828125 0.7721208328125 0.1918895828125 0.9774625 0.1928791671875 0.98330625 0.17754791718750002 0.9816354171875 0.0390708328125 0.9590979171875 0.0356083328125
0 0.50546875 0.38046875 0.26484375 0.11875
0 0.49921875 0.58828125 0.28125 0.16015625
10 0.3375 0.40625 0.02890625 0.03359375
10 0.66640625 0.40625 0.025 0.0375
10 0.30703125 0.559375 0.02265625 0.03515625
10 0.3 0.60703125 0.02734375 0.03515625
10 0.690625 0.55859375 0.02265625 0.03984375
5 0.45625 0.78046875 0.1 0.03984375
5 0.41953125 0.91015625 0.09140625 0.0375
1 0.56953125 0.915625 0.11015625 0.03125
10 0.471875 0.678125 0.05390625 0.01484375
10 0.471875 0.49765625 0.05390625 0.02109375