12 0.215625 0.16328125 0.29375 0.31015625
12 0.81875 0.16328125 0.2875 0.31875
0 0.34921875 0.41015625 0.11484375 0.1
0 0.66796875 0.40234375 0.10625 0.0625
0 0.51328125 0.61953125 0.21015625 0.13125
0 0.51015625 0.846875 0.14140625 0.03984375
1 0.5875 0.93984375 0.10859375 0.02890625
11 0.50625 0.74453125 0.11640625 0.08984375
10 0.77109375 0.60234375 0.05 0.04609375
10 0.25625 0.60625 0.04140625 0.03359375
10 0.29765625 0.596875 0.02109375 0.03125
10 0.34140625 0.6375 0.025 0.02890625
10 0.27421875 0.675 0.04375 0.01640625
10 0.27734375 0.703125 0.0625 0.01484375
10 0.22265625 0.3875 0.06875 0.01640625
10 0.209375 0.42421875 0.08515625 0.02265625
10 0.47734375 0.40703125 0.04140625 0.04375
10 0.54765625 0.40234375 0.03359375 0.04140625
10 0.78671875 0.40390625 0.03515625 0.04140625
10 0.6 0.45703125 0.0875 0.01484375
10 0.59453125 0.5125 0.05625 0.0125
10 0.36484375 0.49765625 0.05 0.01640625
10 0.35859375 0.540625 0.04140625 0.01875
10 0.59453125 0.34296875 0.06875 0.02265625
5 0.415625 0.321875 0.06875 0.03125
5 0.50625 0.32421875 0.04375 0.01875
5 0.6 0.31953125 0.05859375 0.01484375
5 0.36015625 0.51875 0.05859375 0.01640625
5 0.59140625 0.48828125 0.0875 0.02265625
5 0.59140625 0.53203125 0.0625 0.01875
5 0.71875 0.659375 0.05859375 0.02265625
5 0.43515625 0.93515625 0.1125 0.03125