12 0.1 0.50625 0.12109375 0.375
0 0.38359375 0.1875 0.12109375 0.125
0 0.384375 0.41640625 0.09765625 0.12109375
0 0.38515625 0.63359375 0.10859375 0.13359375
0 0.38671875 0.85078125 0.10234375 0.14375
13 0.63203125 0.23671875 0.08125 0.03984375
13 0.63515625 0.453125 0.07890625 0.04765625
13 0.634375 0.65078125 0.08125 0.05234375
13 0.63515625 0.875 0.09140625 0.04609375
10 0.28046875 0.16171875 0.08125 0.10625
10 0.26328125 0.38828125 0.08515625 0.09765625
10 0.25703125 0.58515625 0.09765625 0.10625
10 0.26875 0.825 0.07109375 0.10625
1 0.521875 0.234375 0.07734375 0.09765625
1 0.52265625 0.44765625 0.05390625 0.07890625
1 0.528125 0.64609375 0.06875 0.0875
1 0.52109375 0.875 0.06640625 0.06640625
5 0.63359375 0.79375 0.175 0.10859375
5 0.61796875 0.58046875 0.16484375 0.08125
5 0.625 0.378125 0.16640625 0.07265625
5 0.63046875 0.1625 0.17265625 0.08359375
12 0.89140625 0.50390625 0.125 0.55859375