14 0.53125 0.42265625 0.83359375 0.3625
3 0.89296875 0.10390625 0.15234375 0.175
6 0.04609375 0.846875 0.05859375 0.13125
6 0.25390625 0.81484375 0.09140625 0.10625
6 0.36875 0.7625 0.09609375 0.11640625
6 0.36640625 0.865625 0.1 0.09765625
6 0.48828125 0.81328125 0.09765625 0.10625
6 0.76328125 0.809375 0.10234375 0.10625
7 0.16875 0.71484375 0.03359375 0.05
7 0.2125 0.71015625 0.03359375 0.04609375
7 0.534375 0.71796875 0.02734375 0.05234375
7 0.57421875 0.71328125 0.03125 0.04765625
7 0.72421875 0.71328125 0.03515625 0.05234375
5 0.03828125 0.615625 0.02734375 0.04375
5 0.01640625 0.61796875 0.025 0.04765625
0 0.51015625 0.03984375 0.1125 0.07890625
0 0.7046875 0.04140625 0.13125 0.0828125
5 0.80234375 0.146875 0.025 0.04375
8 0.22421875 0.05546875 0.28515625 0.11015625