12 0.23125 0.14609375 0.25390625 0.17890625
12 0.10390625 0.72421875 0.09140625 0.04375
12 0.10390625 0.77109375 0.0875 0.0375
12 0.10546875 0.815625 0.08984375 0.05234375
12 0.490625 0.140625 0.24375 0.17734375
12 0.74921875 0.15 0.24375 0.18359375
4 0.23046875 0.41953125 0.23984375 0.36484375
4 0.49921875 0.41875 0.24765625 0.35390625
4 0.75859375 0.41953125 0.24609375 0.36484375
13 0.23046875 0.72265625 0.04375 0.1
13 0.42578125 0.71953125 0.03125 0.09375
13 0.63046875 0.72578125 0.03515625 0.08984375
13 0.8625 0.753125 0.075 0.03515625
13 0.92578125 0.79609375 0.03515625 0.1125
7 0.36875 0.73984375 0.04609375 0.075
7 0.57109375 0.73984375 0.04609375 0.07109375
7 0.76875 0.73515625 0.03984375 0.07109375
5 0.37109375 0.67734375 0.04140625 0.0375
5 0.23125 0.803125 0.04140625 0.02734375
5 0.23046875 0.83671875 0.03359375 0.02734375
5 0.42890625 0.80390625 0.0375 0.02265625
5 0.43125 0.83828125 0.0375 0.02734375
5 0.56796875 0.67890625 0.03984375 0.02734375
5 0.765625 0.67734375 0.03984375 0.02734375
5 0.878125 0.690625 0.02265625 0.04375
5 0.62734375 0.80546875 0.0375 0.01875
5 0.62578125 0.83984375 0.03515625 0.025
1 0.36953125 0.80546875 0.04765625 0.02734375
1 0.56796875 0.80546875 0.04375 0.02734375
1 0.765625 0.80625 0.04375 0.02265625
2 0.85546875 0.82265625 0.06484375 0.0625
0 0.30234375 0.75625 0.07109375 0.14609375
0 0.50078125 0.75546875 0.07265625 0.15234375
0 0.696875 0.7625 0.06875 0.1625
1 0.92734375 0.70859375 0.05 0.03125
10 0.82734375 0.68828125 0.025 0.04765625
10 0.853125 0.69453125 0.01875 0.04765625