6 0.3373083328125 0.11466875000000001 0.33304999999999996 0.06478125 0.13543541718750002 0.06478125 0.13543541718750002 0.11168958281250001 0.3373083328125 0.11466875000000001
6 0.76328125 0.090625 0.19765625 0.04765625
6 0.23359375 0.24609375 0.1875 0.05859375
6 0.759375 0.24921875 0.18359375 0.04765625
6 0.240625 0.40546875 0.17890625 0.04375
6 0.76875 0.40625 0.1875 0.04609375
5 0.23828125 0.140625 0.11015625 0.02109375
5 0.75546875 0.140625 0.10625 0.02109375
5 0.23828125 0.29765625 0.11015625 0.02265625
5 0.759375 0.3 0.10625 0.02265625
5 0.23984375 0.459375 0.09609375 0.02265625
5 0.75625 0.45859375 0.09609375 0.025
5 0.4 0.55625 0.09609375 0.025
5 0.496875 0.609375 0.08515625 0.01875
5 0.50703125 0.64375 0.08515625 0.025
5 0.2125 0.934375 0.09140625 0.02265625
5 0.46484375 0.83359375 0.09609375 0.02109375
10 0.628125 0.715625 0.05234375 0.04765625
2 0.5 0.77109375 0.09140625 0.025
1 0.50703125 0.9375 0.11875 0.0375
0 0.503125 0.71015625 0.11875 0.04609375
10 0.603125 0.55390625 0.11015625 0.02734375