15 0.14921875 0.403125 0.06015625 0.16875
15 0.23828125 0.403125 0.04765625 0.16875
15 0.32734375 0.396875 0.05390625 0.17265625
15 0.42265625 0.403125 0.05859375 0.17734375
1 0.27890625 0.59453125 0.04609375 0.05234375
1 0.36171875 0.59296875 0.04375 0.05234375
1 0.434375 0.59453125 0.03984375 0.05234375
1 0.51015625 0.59609375 0.04375 0.05859375
5 0.24609375 0.5875 0.01875 0.06640625
5 0.32421875 0.59296875 0.01875 0.06875
5 0.39921875 0.590625 0.02265625 0.07265625
5 0.47734375 0.59296875 0.02890625 0.06015625
12 0.246875 0.71328125 0.08515625 0.09765625
12 0.4125 0.71484375 0.24609375 0.12109375
6 0.14453125 0.60078125 0.16484375 0.09375