4 0.46328125 0.346875 0.31484375 0.26875
4 0.45625 0.62109375 0.3125 0.25390625
12 0.23828125 0.48984375 0.13125 0.47890625
13 0.66015625 0.34765625 0.04140625 0.0875
13 0.659375 0.63828125 0.03984375 0.09375
12 0.86640625 0.609375 0.0625 0.13125
12 0.85625 0.378125 0.04609375 0.16875
1 0.76640625 0.24296875 0.025 0.05625
1 0.771875 0.74375 0.03515625 0.05859375
5 0.72265625 0.66328125 0.02890625 0.0625
5 0.76953125 0.66171875 0.03515625 0.06484375
5 0.71640625 0.32421875 0.02890625 0.06484375
5 0.76640625 0.321875 0.02890625 0.06484375
7 0.66796875 0.24140625 0.05234375 0.05
0 0.74375 0.44609375 0.125 0.075
0 0.74609375 0.534375 0.13359375 0.08984375
7 0.66640625 0.740625 0.05859375 0.06484375