13 0.22890625 0.25703125 0.11640625 0.03515625
13 0.50078125 0.25625 0.13515625 0.04140625
13 0.77578125 0.259375 0.11875 0.03515625
12 0.22109375 0.078125 0.24140625 0.15625
12 0.5 0.075 0.24609375 0.15
12 0.771875 0.075 0.25625 0.15
5 0.46796875 0.78984375 0.09375 0.0375
5 0.42734375 0.92734375 0.07890625 0.03125
5 0.72265625 0.60078125 0.07890625 0.03125
5 0.15625 0.33515625 0.075 0.02890625
5 0.8375 0.33359375 0.07890625 0.025
0 0.496875 0.46484375 0.34765625 0.14609375
10 0.28359375 0.33203125 0.06640625 0.02265625
10 0.50234375 0.33203125 0.07890625 0.01875
10 0.71875 0.3375 0.06640625 0.02890625
1 0.57734375 0.93125 0.09140625 0.05