6 0.778125 0.403125 0.18984375 0.05234375
12 0.496875 0.15625 0.99375 0.3125
13 0.21484375 0.4 0.08515625 0.09140625
10 0.33984375 0.409375 0.05390625 0.05859375
10 0.50546875 0.3625 0.08515625 0.02109375
10 0.75078125 0.49921875 0.08515625 0.01875
10 0.565625 0.471875 0.06640625 0.01484375
10 0.440625 0.63046875 0.06015625 0.0125
10 0.54140625 0.63203125 0.03359375 0.03125
10 0.37421875 0.70859375 0.06484375 0.01640625
10 0.62890625 0.709375 0.0625 0.01875
10 0.371875 0.81328125 0.06875 0.01875
10 0.62890625 0.81328125 0.06640625 0.02734375
5 0.46953125 0.40703125 0.04375 0.03515625
5 0.53359375 0.40625 0.03125 0.04140625
5 0.75234375 0.534375 0.07890625 0.02265625
5 0.753125 0.46484375 0.06640625 0.02109375
5 0.47421875 0.91953125 0.07734375 0.02265625
5 0.70234375 0.94765625 0.07109375 0.02109375
1 0.30390625 0.94765625 0.07890625 0.025
0 0.50234375 0.546875 0.27890625 0.08984375
0 0.375 0.76015625 0.0875 0.05
0 0.63125 0.759375 0.0875 0.04765625