0 0.515625 0.49609375 0.56015625 0.57109375
0 0.09453125 0.453125 0.08125 0.0875
7 0.86484375 0.77734375 0.08359375 0.08359375
10 0.090625 0.25546875 0.075 0.03984375
10 0.09140625 0.309375 0.075 0.05234375
10 0.09609375 0.36484375 0.075 0.05
10 0.090625 0.53203125 0.07265625 0.04765625
10 0.97265625 0.27109375 0.03359375 0.08125
1 0.16171875 0.59140625 0.06015625 0.03359375
1 0.159375 0.63046875 0.06015625 0.03125
1 0.15859375 0.671875 0.06640625 0.02734375
0 0.87734375 0.28671875 0.09609375 0.08984375
0 0.90390625 0.484375 0.16015625 0.16015625
5 0.87265625 0.671875 0.10625 0.05234375
5 0.07109375 0.62421875 0.075 0.10234375