12 0.50078125 0.08046875 0.34765625 0.16015625
13 0.18828125 0.18125 0.11484375 0.14609375
7 0.84453125 0.09140625 0.10234375 0.08359375
7 0.39140625 0.27890625 0.11640625 0.05859375
7 0.59921875 0.28359375 0.13359375 0.05625
0 0.50625 0.46015625 0.2 0.13515625
0 0.503125 0.675 0.12265625 0.06640625
1 0.690625 0.865625 0.14375 0.04765625
5 0.39375 0.8625 0.11875 0.03984375
5 0.390625 0.77109375 0.04375 0.05390625
5 0.60546875 0.775 0.04765625 0.05859375
5 0.83984375 0.19609375 0.12109375 0.02890625
5 0.840625 0.25625 0.08125 0.02890625
5 0.31328125 0.51875 0.07734375 0.02265625
5 0.31328125 0.39296875 0.08125 0.025
10 0.38984375 0.19765625 0.09609375 0.02890625
10 0.60546875 0.19375 0.09375 0.04140625
10 0.18671875 0.28828125 0.10234375 0.04375
10 0.34296875 0.46015625 0.04765625 0.04609375
10 0.503125 0.57421875 0.11484375 0.03515625
10 0.38671875 0.67109375 0.05625 0.05390625
10 0.60546875 0.67109375 0.05234375 0.05
10 0.51484375 0.34609375 0.0875 0.02265625