6 0.48125 0.19609375 0.10234375 0.1125
6 0.37265625 0.27265625 0.10390625 0.10390625
6 0.275 0.34765625 0.1 0.10390625
6 0.16875 0.434375 0.1125 0.10625
6 0.56328125 0.290625 0.08984375 0.11875
6 0.65078125 0.39453125 0.10625 0.10234375
6 0.74140625 0.50390625 0.10234375 0.10859375
6 0.46328125 0.36875 0.09375 0.09609375
6 0.546875 0.47265625 0.10625 0.1125
6 0.64765625 0.58671875 0.10390625 0.13125
6 0.36640625 0.45390625 0.1 0.10859375
6 0.45 0.55859375 0.09375 0.11640625
6 0.53984375 0.65859375 0.10859375 0.12109375
6 0.26015625 0.53046875 0.10859375 0.10625
6 0.34609375 0.628125 0.10390625 0.10625
6 0.434375 0.746875 0.10625 0.13125
12 0.715625 0.23515625 0.21875 0.25