2 0.66015625 0.35 0.17890625 0.1875
2 0.659375 0.58671875 0.18515625 0.18125
13 0.65625 0.72578125 0.1125 0.08125
10 0.28125 0.71796875 0.16640625 0.16484375
10 0.28515625 0.29296875 0.15859375 0.15234375
10 0.4625 0.290625 0.14609375 0.15625
0 0.38515625 0.50625 0.13359375 0.2
10 0.459375 0.715625 0.14765625 0.15234375
10 0.23984375 0.4 0.02890625 0.02109375
10 0.240625 0.47578125 0.02890625 0.01875
10 0.240625 0.49765625 0.02734375 0.01484375
10 0.24140625 0.52265625 0.02890625 0.01640625
10 0.5125 0.4125 0.02890625 0.02109375
10 0.51171875 0.43515625 0.03125 0.01640625
10 0.51328125 0.484375 0.03125 0.01875
10 0.51484375 0.50703125 0.02890625 0.01875
10 0.51328125 0.55625 0.03359375 0.01640625
10 0.509375 0.58671875 0.03125 0.01875
10 0.66328125 0.471875 0.02734375 0.03125
10 0.6875 0.47421875 0.01640625 0.03125
10 0.73515625 0.47421875 0.02109375 0.02890625
10 0.56640625 0.23046875 0.02109375 0.03359375
10 0.66171875 0.228125 0.02265625 0.03984375
10 0.684375 0.228125 0.01875 0.03515625
10 0.73203125 0.23046875 0.01875 0.03359375
5 0.24140625 0.42578125 0.025 0.01484375
5 0.23984375 0.45 0.025 0.01640625
5 0.24296875 0.54765625 0.025 0.01640625
5 0.240625 0.56875 0.02265625 0.01640625
5 0.240625 0.59296875 0.02265625 0.01875
5 0.709375 0.471875 0.01875 0.02734375
5 0.70859375 0.22734375 0.01640625 0.03359375
1 0.62734375 0.78515625 0.0375 0.025
5 0.68203125 0.78671875 0.03515625 0.01875
10 0.56171875 0.76953125 0.01875 0.03125
5 0.17421875 0.49921875 0.03125 0.01484375