12 0.79765625 0.525 0.07890625 0.47109375
7 0.571875 0.81953125 0.08515625 0.09375
10 0.653125 0.81015625 0.03984375 0.07890625
5 0.59921875 0.69609375 0.04765625 0.07890625
5 0.70390625 0.69140625 0.03359375 0.0625
5 0.4625 0.334375 0.06640625 0.03515625
5 0.465625 0.44921875 0.05625 0.03515625
5 0.4625 0.49921875 0.06640625 0.03515625
10 0.459375 0.22734375 0.07734375 0.03359375
10 0.46484375 0.27578125 0.07109375 0.03125
10 0.46640625 0.59375 0.06640625 0.03515625
10 0.459375 0.65390625 0.08125 0.0375
10 0.459375 0.71640625 0.07734375 0.03359375
10 0.46484375 0.778125 0.06640625 0.02265625