9 0.746875 0.26953125 0.23984375 0.51640625
5 0.50703125 0.25625 0.14375 0.09140625
5 0.35390625 0.28125 0.05859375 0.2375
5 0.190625 0.27890625 0.05625 0.23359375
1 0.090625 0.53515625 0.11015625 0.23359375
1 0.34453125 0.528125 0.11015625 0.25625
3 0.44375 0.76015625 0.22890625 0.29140625
1 0.90390625 0.53671875 0.10625 0.1875
5 0.90546875 0.28671875 0.04375 0.25625
12 0.084375 0.196875 0.05625 0.18515625
12 0.09140625 0.78515625 0.06640625 0.24140625
10 0.23828125 0.54921875 0.03984375 0.22734375
10 0.1875 0.55 0.05 0.20859375
0 0.515625 0.465625 0.16875 0.33984375