8 0.52578125 0.278125 0.78984375 0.47734375
0 0.6125 0.771875 0.32109375 0.21484375
13 0.94765625 0.075 0.10390625 0.10390625
1 0.06796875 0.07421875 0.075 0.09765625
13 0.2125 0.64609375 0.07890625 0.1
11 0.32890625 0.66640625 0.08515625 0.11640625
5 0.06953125 0.45703125 0.06015625 0.05625
5 0.246875 0.8875 0.06484375 0.0875
5 0.73515625 0.915625 0.09765625 0.03125
5 0.84375 0.84375 0.05859375 0.0625
5 0.83984375 0.725 0.05859375 0.07109375
5 0.84921875 0.61171875 0.05625 0.05234375
10 0.74453125 0.6125 0.06484375 0.0625
10 0.45859375 0.91953125 0.12109375 0.05234375
10 0.20546875 0.5375 0.07734375 0.05