8 0.57734375 0.146875 0.175 0.19765625
9 0.4625 0.65625 0.1 0.12890625
0 0.290625 0.19140625 0.06875 0.175
0 0.40703125 0.128125 0.03984375 0.06015625
0 0.45390625 0.234375 0.03359375 0.06015625
0 0.48125 0.35546875 0.0375 0.08125
0 0.534375 0.35390625 0.03984375 0.07109375
0 0.690625 0.30390625 0.03125 0.0625
0 0.80703125 0.23671875 0.04375 0.05234375
0 0.80625 0.38671875 0.05390625 0.08125
0 0.803125 0.49375 0.05625 0.09140625
0 0.51875 0.5125 0.08359375 0.1
2 0.246875 0.496875 0.13125 0.13984375
2 0.23203125 0.66875 0.11875 0.09140625
15 0.253125 0.38203125 0.15859375 0.08515625
11 0.459375 0.13125 0.03125 0.10859375
12 0.11796875 0.5 0.09765625 0.14140625
12 0.11484375 0.68515625 0.09140625 0.14609375
12 0.20625 0.865625 0.10390625 0.12734375
12 0.34296875 0.86796875 0.10234375 0.12734375
12 0.6 0.86875 0.20859375 0.125
12 0.75234375 0.759375 0.05390625 0.04375
12 0.67109375 0.62109375 0.05 0.10625
12 0.68203125 0.69609375 0.03125 0.03359375
11 0.62109375 0.46953125 0.03125 0.10234375
12 0.89765625 0.85859375 0.1125 0.14140625
12 0.90234375 0.71171875 0.10625 0.09765625
12 0.59609375 0.63203125 0.02109375 0.06484375
12 0.903125 0.57109375 0.10234375 0.09765625
12 0.90625 0.4125 0.1125 0.15625
12 0.90703125 0.26484375 0.04375 0.0875
12 0.89765625 0.14453125 0.1 0.15625
12 0.09765625 0.115625 0.14140625 0.09375
12 0.09453125 0.30625 0.07265625 0.17890625
12 0.68359375 0.44296875 0.025 0.06484375
10 0.22421875 0.14296875 0.05234375 0.07265625
10 0.72265625 0.19921875 0.04609375 0.06875
5 0.18515625 0.07109375 0.0125 0.04140625
5 0.20703125 0.07109375 0.01484375 0.04140625
5 0.34375 0.06953125 0.03359375 0.02734375
5 0.37890625 0.06796875 0.03359375 0.03515625
5 0.41171875 0.06875 0.02734375 0.025
5 0.825 0.07421875 0.02890625 0.02734375
5 0.77109375 0.19140625 0.025 0.01875
5 0.38984375 0.23359375 0.0125 0.04375
5 0.41328125 0.234375 0.01015625 0.03515625
5 0.33515625 0.13984375 0.01640625 0.04609375
5 0.3625 0.12578125 0.02890625 0.02734375
5 0.34296875 0.18046875 0.02890625 0.02265625
13 0.12265625 0.19375 0.05859375 0.0375
13 0.34453125 0.5375 0.02890625 0.06640625
13 0.35234375 0.659375 0.01640625 0.05234375
13 0.503125 0.75546875 0.01484375 0.04765625
7 0.375 0.42890625 0.02734375 0.04140625
7 0.309375 0.60390625 0.02265625 0.04140625
7 0.53203125 0.77265625 0.02734375 0.04140625
7 0.7375 0.34609375 0.025 0.0375
1 0.37109375 0.54140625 0.01640625 0.03984375
1 0.39140625 0.53984375 0.01640625 0.0375
1 0.38984375 0.61015625 0.0125 0.03515625
1 0.32734375 0.69921875 0.01640625 0.03984375
10 0.23046875 0.071875 0.01484375 0.03125
10 0.18359375 0.12421875 0.01640625 0.04765625
10 0.22265625 0.209375 0.01640625 0.03125
10 0.34453125 0.21171875 0.02265625 0.01875
10 0.36953125 0.16953125 0.01015625 0.03125
10 0.47734375 0.28828125 0.02890625 0.02265625
10 0.53046875 0.290625 0.02734375 0.02265625
10 0.45078125 0.49140625 0.01015625 0.03359375
10 0.44921875 0.51953125 0.02265625 0.01484375
10 0.44765625 0.54609375 0.02109375 0.0125
5 0.39296875 0.39609375 0.02109375 0.01640625
5 0.36640625 0.48671875 0.01640625 0.025
5 0.41015625 0.54375 0.0125 0.02890625
5 0.41171875 0.60703125 0.01015625 0.02734375
5 0.34375 0.61484375 0.025 0.02109375
5 0.325 0.65 0.0125 0.02890625
5 0.3875 0.72265625 0.0125 0.02890625
5 0.38828125 0.77265625 0.01015625 0.025
5 0.34453125 0.746875 0.02265625 0.01484375
5 0.31796875 0.77109375 0.01015625 0.02890625
5 0.25859375 0.74375 0.02109375 0.01640625
5 0.24921875 0.77265625 0.01015625 0.02890625
5 0.18984375 0.74140625 0.02890625 0.02109375
5 0.18046875 0.77421875 0.01484375 0.03515625
10 0.715625 0.07421875 0.02265625 0.01484375
10 0.771875 0.071875 0.02734375 0.01875
10 0.65703125 0.284375 0.00859375 0.02890625
10 0.64609375 0.43984375 0.00859375 0.03359375
10 0.64453125 0.48046875 0.00625 0.02734375
10 0.59140625 0.51328125 0.0125 0.04375
10 0.51484375 0.60078125 0.0125 0.03984375
10 0.53125 0.60078125 0.0125 0.03125
10 0.54609375 0.60546875 0.0125 0.03515625
10 0.73515625 0.821875 0.01640625 0.03984375
10 0.8375 0.18515625 0.00859375 0.04140625
5 0.53984375 0.72265625 0.0125 0.02890625
5 0.59375 0.70078125 0.00859375 0.03984375
5 0.55546875 0.7625 0.01015625 0.02890625
5 0.57265625 0.76171875 0.0125 0.03125
5 0.63515625 0.73125 0.00859375 0.03359375
5 0.653125 0.73046875 0.01015625 0.03515625
5 0.67109375 0.73125 0.0125 0.03359375
5 0.66328125 0.76015625 0.02734375 0.01640625
5 0.69375 0.77265625 0.01640625 0.02734375
12 0.61796875 0.66796875 0.01484375 0.11875
5 0.62734375 0.54921875 0.0125 0.03515625
5 0.64921875 0.54609375 0.01015625 0.025
5 0.66796875 0.54921875 0.01015625 0.02265625
5 0.73828125 0.515625 0.01875 0.0125
5 0.7375 0.53671875 0.02109375 0.01484375
5 0.7375 0.55625 0.02109375 0.0125
5 0.73828125 0.57890625 0.01875 0.0125
5 0.69296875 0.36796875 0.01875 0.01484375
5 0.69296875 0.39609375 0.01875 0.01640625
5 0.72734375 0.39609375 0.02109375 0.02109375
5 0.53125 0.26171875 0.02734375 0.01875
5 0.86484375 0.28046875 0.03359375 0.02109375
5 0.80390625 0.76875 0.025 0.025
5 0.82890625 0.81171875 0.0125 0.03984375
10 0.76953125 0.16796875 0.02265625 0.01484375