1 0.23671875 0.096875 0.46484375 0.17265625
6 0.07578125 0.35625 0.08515625 0.08359375
6 0.20625 0.353125 0.09140625 0.08125
9 0.16328125 0.57578125 0.18125 0.14765625
10 0.63203125 0.87265625 0.08984375 0.07109375
10 0.6625 0.659375 0.0375 0.05625
1 0.46796875 0.34921875 0.05390625 0.04375
1 0.55625 0.35 0.05 0.04140625
1 0.64140625 0.35234375 0.05859375 0.04140625
5 0.47109375 0.40078125 0.05 0.02265625
5 0.55859375 0.4 0.05 0.02109375
5 0.646875 0.39921875 0.05234375 0.02734375
5 0.61484375 0.75546875 0.10625 0.10625