8 0.5125 0.34765625 0.3875 0.5625
12 0.26796875 0.55625 0.08984375 0.0875
12 0.25859375 0.109375 0.15390625 0.09375
12 0.778125 0.11484375 0.13125 0.09140625
5 0.79296875 0.65078125 0.04765625 0.04765625
5 0.20703125 0.66015625 0.07734375 0.04375
5 0.80625 0.90234375 0.03515625 0.075
5 0.30546875 0.90625 0.02734375 0.07890625
10 0.265625 0.91015625 0.01875 0.06640625
10 0.77421875 0.92578125 0.01875 0.07265625
1 0.76171875 0.709375 0.03515625 0.03125
1 0.24609375 0.70703125 0.03359375 0.03984375
7 0.21796875 0.9125 0.06015625 0.125
7 0.71875 0.91484375 0.0625 0.1125