12 0.340625 0.21875 0.0453125 0.034375
10 0.76640625 0.23828125 0.00390625 0.00859375
11 0.7796875 0.24453125 0.01328125 0.02578125
5 0.76640625 0.2515625 0.00546875 0.01171875
10 0.48671875 0.2859375 0.01640625 0.0109375
10 0.76328125 0.29921875 0.00546875 0.00546875
0 0.7890625 0.30078125 0.02734375 0.06484375
10 0.49765625 0.303125 0.0078125 0.0234375
10 0.47578125 0.30390625 0.00625 0.02578125
0 0.48671875 0.30390625 0.01484375 0.021875
10 0.80703125 0.309375 0.0046875 0.0109375
10 0.75859375 0.31015625 0.01328125 0.009375
10 0.8171875 0.31328125 0.00703125 0.021875
5 0.69765625 0.32109375 0.01484375 0.02421875
10 0.60546875 0.32421875 0.0109375 0.03828125
10 0.7609375 0.32890625 0.00546875 0.02109375
10 0.76875 0.33671875 0.00703125 0.02109375
10 0.56171875 0.33828125 0.01328125 0.02109375
10 0.365625 0.34609375 0.00703125 0.02421875
10 0.66640625 0.34765625 0.015625 0.01015625
10 0.6171875 0.34921875 0.00703125 0.021875
10 0.3890625 0.35078125 0.01640625 0.009375
10 0.634375 0.35234375 0.00703125 0.01953125
10 0.7609375 0.3546875 0.00703125 0.0203125
10 0.31796875 0.35859375 0.0140625 0.01015625
2 0.77734375 0.359375 0.0234375 0.01640625
10 0.65703125 0.36640625 0.00703125 0.02109375
10 0.67578125 0.36875 0.0140625 0.021875
10 0.39140625 0.38203125 0.01640625 0.01015625
10 0.6859375 0.390625 0.01640625 0.009375
10 0.3171875 0.39140625 0.01640625 0.01171875
10 0.39140625 0.39375 0.015625 0.01015625
10 0.6859375 0.4078125 0.01484375 0.01015625
0 0.4921875 0.40859375 0.10703125 0.16875
10 0.4359375 0.41328125 0.0078125 0.021875
10 0.31875 0.42421875 0.015625 0.009375
10 0.68984375 0.43359375 0.015625 0.0109375
10 0.39140625 0.434375 0.01640625 0.0109375
10 0.39453125 0.4515625 0.00703125 0.0234375
10 0.38671875 0.4515625 0.00703125 0.021875
10 0.321875 0.45390625 0.00625 0.021875
10 0.36484375 0.45546875 0.00859375 0.02421875
10 0.33046875 0.45625 0.00703125 0.0234375
10 0.35234375 0.45625 0.00625 0.02421875
10 0.37734375 0.45625 0.0078125 0.02421875
10 0.5578125 0.4640625 0.0078125 0.0234375
0 0.8171875 0.47890625 0.109375 0.16640625
5 0.703125 0.48359375 0.01640625 0.01015625
10 0.3265625 0.49375 0.009375 0.0359375
10 0.31328125 0.49453125 0.0109375 0.03515625
5 0.4921875 0.4953125 0.015625 0.0109375
10 0.6171875 0.5015625 0.00625 0.02109375
5 0.5859375 0.52734375 0.01640625 0.01171875
10 0.54609375 0.528125 0.02421875 0.01796875
10 0.496875 0.53359375 0.00703125 0.021875
10 0.5859375 0.540625 0.01640625 0.01015625
10 0.67109375 0.5484375 0.00703125 0.0203125
11 0.65 0.5546875 0.02890625 0.03125
10 0.5171875 0.55625 0.01640625 0.009375
10 0.62890625 0.55703125 0.00703125 0.021875
10 0.82890625 0.57421875 0.02421875 0.01484375
5 0.6484375 0.58359375 0.015625 0.0109375
5 0.79296875 0.59453125 0.00625 0.0234375
5 0.775 0.59609375 0.00703125 0.02421875
10 0.784375 0.59609375 0.00703125 0.021875
7 0.8640625 0.61171875 0.01640625 0.03125
10 0.80625 0.62421875 0.01640625 0.01171875
5 0.80625 0.63671875 0.01640625 0.0109375
5 0.859375 0.6484375 0.00703125 0.0203125
5 0.86953125 0.6484375 0.0078125 0.01953125
7 0.8359375 0.6640625 0.01640625 0.034375
10 0.8171875 0.665625 0.00703125 0.0234375
7 0.77578125 0.67265625 0.02421875 0.025
7 0.74765625 0.684375 0.025 0.05078125
5 0.71015625 0.68515625 0.00703125 0.0203125
5 0.728125 0.68515625 0.00703125 0.021875
5 0.71875 0.68671875 0.00625 0.02109375
10 0.70078125 0.68671875 0.0046875 0.021875
7 0.7828125 0.721875 0.0296875 0.0515625
5 0.72265625 0.73671875 0.00703125 0.021875
0 0.753125 0.73828125 0.0296875 0.03203125
5 0.74140625 0.77421875 0.00703125 0.0203125
5 0.75078125 0.77421875 0.00625 0.021875