5 0.115625 0.165625 0.0046875 0.0140625
5 0.1625 0.16640625 0.00625 0.0125
5 0.178125 0.16640625 0.00625 0.0125
5 0.315625 0.36640625 0.00625 0.0140625
5 0.2203125 0.4265625 0.00859375 0.00859375
5 0.190625 0.38125 0.00859375 0.0078125
5 0.17890625 0.41796875 0.00859375 0.0078125
5 0.22578125 0.4796875 0.00625 0.0140625
5 0.24453125 0.50234375 0.0046875 0.0125
5 0.0984375 0.4984375 0.00625 0.0125
5 0.1171875 0.4984375 0.00625 0.0140625
0 0.2875 0.390625 0.046875 0.05859375
5 0.15 0.5609375 0.00859375 0.0078125
5 0.2234375 0.54765625 0.00859375 0.0078125
5 0.23125 0.55859375 0.00859375 0.0078125
5 0.1734375 0.5765625 0.00859375 0.00859375
0 0.140625 0.5875 0.0234375 0.0203125
0 0.17890625 0.6421875 0.03828125 0.0625
5 0.13359375 0.62109375 0.00859375 0.0078125
5 0.1328125 0.64765625 0.009375 0.00859375
5 0.228125 0.634375 0.00859375 0.0078125
5 0.31015625 0.68046875 0.0046875 0.0140625
5 0.21953125 0.753125 0.0046875 0.0125
5 0.1765625 0.75625 0.00625 0.0140625
5 0.16953125 0.75625 0.0046875 0.0140625
5 0.1625 0.7703125 0.00859375 0.0078125
5 0.221875 0.76953125 0.00859375 0.0078125
5 0.18046875 0.7703125 0.009375 0.0078125
5 0.16875 0.8296875 0.00859375 0.0078125
5 0.16875 0.80859375 0.00859375 0.0078125
5 0.16875 0.79765625 0.00859375 0.0078125
5 0.1671875 0.78515625 0.00859375 0.0078125
5 0.16875 0.81953125 0.00859375 0.0078125
5 0.1203125 0.746875 0.0046875 0.0125
0 0.0765625 0.79765625 0.0765625 0.059375
5 0.0609375 0.88125 0.00859375 0.0078125
5 0.04375 0.88984375 0.00859375 0.00859375
5 0.0359375 0.87890625 0.009375 0.0078125
5 0.11875 0.88984375 0.009375 0.00859375
5 0.575 0.5515625 0.00859375 0.00859375
5 0.5875 0.5515625 0.00859375 0.00859375
5 0.5203125 0.55390625 0.00859375 0.00859375
5 0.5203125 0.56484375 0.009375 0.00859375
5 0.5203125 0.5765625 0.00859375 0.0078125
5 0.5203125 0.5875 0.00859375 0.00859375
5 0.58828125 0.48203125 0.0046875 0.0125
5 0.5953125 0.4828125 0.00625 0.0140625
5 0.559375 0.48203125 0.0046875 0.0125
5 0.56640625 0.4828125 0.00625 0.0140625
5 0.54453125 0.48203125 0.0046875 0.0125
5 0.5515625 0.48125 0.00625 0.0140625
5 0.52890625 0.48125 0.0046875 0.0125
5 0.5359375 0.48125 0.00625 0.0140625
5 0.5734375 0.48203125 0.0046875 0.0125
5 0.58125 0.4828125 0.00625 0.0140625
5 0.4046875 0.45234375 0.009375 0.0078125
5 0.4140625 0.43828125 0.00625 0.0140625
5 0.68671875 0.2 0.00859375 0.00859375
5 0.6875 0.21015625 0.009375 0.00859375
5 0.696875 0.215625 0.00625 0.0125
5 0.7359375 0.59453125 0.00859375 0.00859375
5 0.753125 0.59921875 0.00625 0.0125
5 0.771875 0.61796875 0.00625 0.0140625
5 0.73984375 0.61484375 0.00859375 0.00859375
5 0.80546875 0.7203125 0.00859375 0.0078125
5 0.80546875 0.73125 0.00859375 0.00859375
5 0.825 0.7265625 0.009375 0.0078125
5 0.78203125 0.77421875 0.00625 0.0140625
5 0.75859375 0.77421875 0.00625 0.0140625
5 0.77421875 0.75390625 0.00625 0.0140625
5 0.76640625 0.75390625 0.00625 0.0140625
5 0.82109375 0.77421875 0.00625 0.0140625
5 0.81328125 0.77421875 0.00625 0.0140625
5 0.80546875 0.77421875 0.00625 0.0140625
5 0.79765625 0.77421875 0.00625 0.0140625
5 0.825 0.746875 0.00859375 0.0078125
10 0.2734375 0.26484375 0.00625 0.01484375
10 0.28046875 0.26640625 0.0046875 0.0125
10 0.2734375 0.20859375 0.00625 0.01484375
10 0.28046875 0.20859375 0.0046875 0.0125
10 0.2609375 0.2859375 0.00859375 0.0078125
10 0.26015625 0.365625 0.0046875 0.0140625
10 0.25625 0.41328125 0.0046875 0.0125
10 0.325 0.4265625 0.01171875 0.0265625
10 0.26796875 0.5015625 0.01640625 0.01640625
10 0.2671875 0.5265625 0.0171875 0.01640625
10 0.175 0.5625 0.0140625 0.01171875
10 0.1234375 0.5796875 0.00625 0.0125
10 0.2203125 0.615625 0.0046875 0.0125
10 0.23125 0.61015625 0.01171875 0.025
10 0.26875 0.61796875 0.0171875 0.01640625
10 0.2671875 0.64140625 0.0171875 0.0171875
10 0.31796875 0.7453125 0.0125 0.025
10 0.22734375 0.784375 0.00625 0.01484375
10 0.228125 0.80546875 0.00625 0.01484375
10 0.1875 0.784375 0.00625 0.01484375
10 0.1875 0.81015625 0.00625 0.01484375
10 0.1953125 0.784375 0.00625 0.0125
10 0.19609375 0.81015625 0.0046875 0.0125
10 0.234375 0.7859375 0.00625 0.01484375
10 0.23515625 0.80546875 0.00625 0.01484375
10 0.24296875 0.80625 0.0046875 0.0125
10 0.2421875 0.7859375 0.00625 0.0125
10 0.04375 0.7375 0.0078125 0.0078125
10 0.11953125 0.834375 0.00859375 0.0078125
10 0.1203125 0.7671875 0.0046875 0.0125
10 0.3921875 0.7453125 0.01171875 0.0265625
10 0.4296875 0.7453125 0.01171875 0.0265625
10 0.478125 0.659375 0.0171875 0.0171875
10 0.61015625 0.65 0.0109375 0.0234375
10 0.52734375 0.8421875 0.01171875 0.025
10 0.56640625 0.84296875 0.01171875 0.025
10 0.60234375 0.8421875 0.01171875 0.025
10 0.5921875 0.8453125 0.0046875 0.0125
10 0.55625 0.8453125 0.0046875 0.0125
10 0.5375 0.8453125 0.0046875 0.0125
10 0.50625 0.5875 0.00859375 0.0078125
10 0.50625 0.5765625 0.00859375 0.0078125
10 0.50625 0.5640625 0.00859375 0.0078125
10 0.50625 0.55390625 0.00859375 0.0078125
10 0.478125 0.5515625 0.0171875 0.0171875
10 0.596875 0.62265625 0.0046875 0.0125
10 0.390625 0.42578125 0.01171875 0.025
10 0.4328125 0.4265625 0.01171875 0.025
10 0.478125 0.4609375 0.0171875 0.0171875
10 0.61640625 0.484375 0.0109375 0.0234375
10 0.52890625 0.46171875 0.0046875 0.0140625
10 0.53671875 0.46171875 0.0046875 0.0140625
10 0.559375 0.46171875 0.0046875 0.0140625
10 0.565625 0.46171875 0.0046875 0.0140625
10 0.5734375 0.46171875 0.0046875 0.0140625
10 0.58125 0.46171875 0.0046875 0.0140625
10 0.58828125 0.46171875 0.0046875 0.0140625
10 0.59609375 0.46171875 0.0046875 0.0140625
10 0.54453125 0.46171875 0.0046875 0.0125
10 0.5515625 0.46171875 0.0046875 0.0140625
10 0.6765625 0.20546875 0.00625 0.0125
10 0.76015625 0.61796875 0.0046875 0.0125
10 0.75859375 0.80859375 0.0078125 0.01953125
10 0.328125 0.615625 0.00390625 0.00859375
10 0.3 0.65 0.00390625 0.00859375
10 0.31328125 0.6140625 0.00625 0.00625
10 0.2984375 0.68046875 0.00390625 0.00859375
10 0.3125 0.7015625 0.00390625 0.00859375
10 0.3203125 0.70078125 0.00390625 0.00859375
10 0.334375 0.70078125 0.00390625 0.00859375
10 0.340625 0.68046875 0.00390625 0.00859375
10 0.3203125 0.65859375 0.00390625 0.00859375
10 0.3421875 0.6578125 0.00390625 0.00859375
10 0.3484375 0.64765625 0.00390625 0.00859375
10 0.3484375 0.6375 0.00390625 0.00859375
10 0.35625 0.6265625 0.00390625 0.00859375
10 0.36328125 0.6375 0.00390625 0.00859375
10 0.37109375 0.64765625 0.00390625 0.00859375
10 0.3765625 0.64765625 0.00390625 0.00859375
10 0.3765625 0.67890625 0.00390625 0.00859375
10 0.36328125 0.68125 0.00390625 0.00859375
10 0.3625 0.70078125 0.00390625 0.00859375
10 0.3484375 0.70078125 0.00390625 0.00859375
10 0.3765625 0.70078125 0.00390625 0.00859375
10 0.390625 0.690625 0.00390625 0.00859375
10 0.390625 0.68046875 0.00390625 0.00859375
10 0.4125 0.678125 0.00390625 0.00859375
10 0.4203125 0.6921875 0.00390625 0.00859375
10 0.4265625 0.678125 0.00390625 0.00859375
10 0.440625 0.68203125 0.00390625 0.00859375
10 0.43359375 0.7015625 0.00390625 0.00859375
10 0.3984375 0.64609375 0.00390625 0.00859375
10 0.38359375 0.6375 0.00390625 0.00859375
10 0.38359375 0.6265625 0.00390625 0.00859375
10 0.38359375 0.51875 0.00390625 0.00859375
10 0.3765625 0.6046875 0.00390625 0.00859375
10 0.36328125 0.6046875 0.00390625 0.00859375
10 0.3484375 0.6140625 0.00390625 0.00859375
10 0.33515625 0.6578125 0.00625 0.00625
10 0.3421875 0.64765625 0.00625 0.00625
10 0.3484375 0.6578125 0.00625 0.00625
10 0.3578125 0.63671875 0.00625 0.00625
10 0.3734375 0.6640625 0.00625 0.00625
10 0.38359375 0.64765625 0.00625 0.00625
10 0.39140625 0.6578125 0.00625 0.00625
10 0.3984375 0.6578125 0.00625 0.00625
10 0.40703125 0.6578125 0.00625 0.00625
10 0.44609375 0.675 0.00625 0.00625
10 0.45703125 0.6421875 0.00625 0.00625
10 0.4359375 0.63203125 0.00625 0.00625
10 0.4265625 0.4984375 0.00625 0.00625
10 0.3984375 0.62578125 0.00625 0.00625
10 0.390625 0.6265625 0.00625 0.00625
10 0.3484375 0.62578125 0.00625 0.00625
10 0.4140625 0.615625 0.00625 0.00625
10 0.4421875 0.6 0.00625 0.00625
10 0.42265625 0.578125 0.00625 0.00625
10 0.3984375 0.584375 0.00625 0.00625
10 0.39140625 0.59375 0.00625 0.00625
10 0.384375 0.584375 0.00625 0.00625
10 0.35546875 0.59296875 0.00625 0.00625
10 0.35546875 0.5828125 0.00625 0.00625
10 0.3421875 0.584375 0.00625 0.00625
10 0.3484375 0.571875 0.00625 0.00625
10 0.3125 0.57109375 0.00625 0.00625
10 0.28984375 0.55625 0.00625 0.00625
10 0.30546875 0.51953125 0.00625 0.00625
10 0.31328125 0.4875 0.00625 0.00625
10 0.33515625 0.4984375 0.00625 0.00625
10 0.3265625 0.53046875 0.00625 0.00625
10 0.3703125 0.5625 0.00625 0.00625
10 0.39453125 0.5578125 0.00625 0.00625
10 0.44140625 0.5515625 0.00625 0.00625
10 0.4265625 0.540625 0.00625 0.00625
10 0.459375 0.525 0.00625 0.00625
10 0.384375 0.6046875 0.00390625 0.00859375
10 0.3984375 0.57265625 0.00390625 0.00859375
10 0.3765625 0.575 0.00390625 0.00859375
10 0.36328125 0.57265625 0.00390625 0.00859375
10 0.35625 0.57265625 0.00390625 0.00859375
10 0.3484375 0.540625 0.00390625 0.00859375
10 0.3484375 0.51875 0.00390625 0.00859375
10 0.35625 0.47734375 0.00390625 0.00859375
10 0.33515625 0.4671875 0.00390625 0.00859375
10 0.39140625 0.4875 0.00390625 0.00859375
10 0.40546875 0.4984375 0.00390625 0.00859375
10 0.41328125 0.47734375 0.00390625 0.00859375
10 0.44140625 0.47578125 0.00390625 0.00859375
10 0.40625 0.52890625 0.00390625 0.00859375
10 0.7625 0.72890625 0.00390625 0.00859375
10 0.7671875 0.72578125 0.00390625 0.0078125
10 0.7734375 0.721875 0.00390625 0.0078125
10 0.75078125 0.725 0.00390625 0.00859375
10 0.73125 0.7234375 0.00625 0.0046875
10 0.71875 0.68828125 0.00625 0.00625
10 0.73125 0.66796875 0.00625 0.00625
10 0.76484375 0.6421875 0.00390625 0.00859375
10 0.76953125 0.6546875 0.00390625 0.00859375
10 0.78828125 0.64921875 0.00625 0.00625
10 0.78828125 0.6640625 0.00390625 0.009375
10 0.7890625 0.68125 0.00625 0.0046875
10 0.728125 0.634375 0.00625 0.0046875
10 0.63359375 0.51953125 0.00625 0.00625
10 0.646875 0.53046875 0.00390625 0.009375
10 0.625 0.534375 0.00390625 0.00859375
10 0.61875 0.534375 0.00390625 0.00859375
10 0.603125 0.53828125 0.00390625 0.00859375
10 0.60234375 0.52578125 0.00625 0.0046875
10 0.590625 0.528125 0.00625 0.0046875
10 0.5671875 0.5171875 0.00390625 0.0078125
10 0.55390625 0.51875 0.00625 0.0046875
10 0.63671875 0.58515625 0.00390625 0.0078125
10 0.6390625 0.60859375 0.00625 0.0046875
10 0.628125 0.60859375 0.00625 0.0046875
10 0.625 0.5953125 0.00390625 0.00859375
10 0.61015625 0.60859375 0.00625 0.0046875
10 0.59375 0.6 0.00625 0.0046875
10 0.58203125 0.6 0.00625 0.0046875
10 0.5640625 0.609375 0.00625 0.00625
10 0.55546875 0.6125 0.00390625 0.00859375
2 0.2109375 0.7859375 0.015625 0.015625
2 0.25703125 0.225 0.01640625 0.01484375
2 0.25703125 0.246875 0.015625 0.01484375
2 0.21171875 0.8046875 0.01640625 0.015625