10 0.1296875 0.15 0.02421875 0.0203125
10 0.2296875 0.16328125 0.0125 0.0375
10 0.246875 0.16328125 0.0140625 0.0359375
10 0.32421875 0.18671875 0.0140625 0.0359375
10 0.3703125 0.1875 0.0140625 0.0375
10 0.35546875 0.20390625 0.01171875 0.02421875
10 0.34609375 0.2046875 0.00703125 0.01875
10 0.33671875 0.20234375 0.00703125 0.01875
10 0.38359375 0.2203125 0.01171875 0.0109375
10 0.3796875 0.2359375 0.01171875 0.009375
10 0.3796875 0.2515625 0.0125 0.0109375
10 0.29375 0.2328125 0.01171875 0.0109375
10 0.2484375 0.2171875 0.0046875 0.01171875
10 0.28828125 0.25546875 0.01484375 0.01484375
10 0.43046875 0.2234375 0.0046875 0.01171875
10 0.3921875 0.271875 0.01640625 0.01640625
10 0.39140625 0.2953125 0.0234375 0.0203125
10 0.25703125 0.2859375 0.0046875 0.01171875
10 0.28828125 0.27265625 0.01484375 0.015625
10 0.33515625 0.33203125 0.00703125 0.0171875
10 0.2296875 0.334375 0.0046875 0.01171875
10 0.2 0.321875 0.0109375 0.0234375
10 0.18671875 0.32265625 0.0109375 0.02265625
10 0.1703125 0.34609375 0.0078125 0.00703125
10 0.17578125 0.36484375 0.01171875 0.0109375
10 0.1421875 0.3390625 0.0234375 0.01953125
10 0.11796875 0.34765625 0.0046875 0.01171875
10 0.13125 0.378125 0.0140625 0.034375
10 0.19921875 0.4109375 0.0234375 0.01953125
10 0.07890625 0.428125 0.0234375 0.01953125
10 0.0734375 0.396875 0.0078125 0.00703125
10 0.11796875 0.4 0.00703125 0.0171875
10 0.04765625 0.44921875 0.0125 0.009375
10 0.05 0.465625 0.00625 0.0125
10 0.034375 0.48515625 0.0234375 0.01953125
10 0.09453125 0.509375 0.0125 0.03515625
10 0.07890625 0.48828125 0.00859375 0.0078125
10 0.06875 0.54453125 0.01171875 0.0109375
10 0.053125 0.56796875 0.00625 0.0125
10 0.0328125 0.565625 0.02421875 0.01953125
10 0.1703125 0.4109375 0.00859375 0.0078125
10 0.259375 0.503125 0.0078125 0.01953125
10 0.28046875 0.4703125 0.0078125 0.0078125
10 0.30859375 0.48515625 0.0078125 0.01875
10 0.3171875 0.48359375 0.0078125 0.01875
10 0.3078125 0.5125 0.0078125 0.01953125
10 0.31640625 0.51328125 0.0078125 0.01875
10 0.28984375 0.53984375 0.0046875 0.01171875
10 0.246875 0.57578125 0.009375 0.02265625
10 0.08203125 0.578125 0.0078125 0.0078125
10 0.096875 0.6015625 0.0140625 0.03515625
10 0.21796875 0.60859375 0.015625 0.015625
10 0.21171875 0.628125 0.01484375 0.015625
10 0.2171875 0.6578125 0.01484375 0.015625
10 0.246875 0.63125 0.009375 0.02265625
10 0.2875 0.65390625 0.0078125 0.01875
10 0.29453125 0.6125 0.00859375 0.0078125
10 0.29375 0.6234375 0.0078125 0.0078125
10 0.29765625 0.7328125 0.015625 0.01484375
10 0.14375 0.88359375 0.02421875 0.0203125
10 0.5203125 0.2234375 0.00625 0.0140625
10 0.63828125 0.221875 0.0046875 0.01171875
10 0.68203125 0.21484375 0.00859375 0.0078125
10 0.709375 0.2140625 0.00859375 0.0078125
10 0.68046875 0.27421875 0.0078125 0.0078125
10 0.6859375 0.303125 0.00859375 0.0078125
10 0.6859375 0.321875 0.0078125 0.0078125
10 0.64375 0.3078125 0.00625 0.0125
10 0.7 0.3921875 0.0046875 0.0125
10 0.43671875 0.52734375 0.00859375 0.0078125
10 0.6984375 0.4484375 0.0046875 0.0125
10 0.45625 0.6859375 0.0046875 0.0125
10 0.46328125 0.6859375 0.0046875 0.0125
10 0.415625 0.68671875 0.0046875 0.0125
10 0.42265625 0.68671875 0.0046875 0.0125
10 0.42890625 0.68671875 0.0046875 0.0125
10 0.4359375 0.68671875 0.0046875 0.0125
10 0.44296875 0.6859375 0.0046875 0.0125
10 0.45 0.68671875 0.0046875 0.0125
10 0.4703125 0.68671875 0.0046875 0.0125
10 0.4609375 0.7828125 0.00625 0.01484375
10 0.46796875 0.78203125 0.0046875 0.0125
10 0.47421875 0.78125 0.0046875 0.01171875
10 0.6 0.80078125 0.0078125 0.0078125
10 0.59921875 0.8109375 0.00859375 0.0078125
10 0.59453125 0.8359375 0.0078125 0.0078125
10 0.59453125 0.84453125 0.00859375 0.0078125
10 0.703125 0.84453125 0.009375 0.00859375
10 0.703125 0.834375 0.009375 0.00859375
10 0.87109375 0.51171875 0.0078125 0.0078125
10 0.85 0.51171875 0.00859375 0.0078125
10 0.859375 0.525 0.015625 0.01484375
10 0.75703125 0.5625 0.0078125 0.0078125
10 0.7625 0.3578125 0.0078125 0.0078125
10 0.7921875 0.30703125 0.0046875 0.0125
10 0.7921875 0.27109375 0.0046875 0.0125
10 0.77890625 0.2125 0.00859375 0.0078125
10 0.76484375 0.21171875 0.0078125 0.0078125
10 0.7484375 0.21171875 0.00859375 0.0078125
10 0.7859375 0.1453125 0.0046875 0.0125
10 0.85234375 0.19765625 0.02421875 0.0203125
10 0.928125 0.2015625 0.0078125 0.01875
13 0.084375 0.19453125 0.034375 0.03125
13 0.084375 0.1546875 0.034375 0.03125
13 0.290625 0.18671875 0.0125 0.03515625
13 0.03984375 0.428125 0.01484375 0.01171875
13 0.475 0.2765625 0.02265625 0.028125
13 0.55703125 0.275 0.02265625 0.028125
13 0.59375 0.24375 0.0140625 0.0109375
13 0.76484375 0.4546875 0.0125 0.01171875
13 0.87421875 0.240625 0.0078125 0.01953125
13 0.853125 0.240625 0.0078125 0.01953125
13 0.8328125 0.240625 0.0078125 0.01953125
13 0.81328125 0.240625 0.0078125 0.01875
13 0.83984375 0.15234375 0.0140625 0.01171875
0 0.23359375 0.2640625 0.0359375 0.046875
0 0.33515625 0.26796875 0.05859375 0.08671875
0 0.0953125 0.37421875 0.01640625 0.0234375
0 0.1578125 0.39453125 0.01640625 0.0234375
0 0.0625 0.47890625 0.015625 0.02265625
0 0.065625 0.56953125 0.015625 0.0234375
0 0.25859375 0.69609375 0.04375 0.0640625
0 0.75625 0.159375 0.0265625 0.05390625
0 0.74375 0.284375 0.0703125 0.10625
0 0.728125 0.415625 0.0453125 0.05546875
0 0.4078125 0.58984375 0.09296875 0.0953125
0 0.90234375 0.20859375 0.0140625 0.03203125
2 0.16015625 0.234375 0.08984375 0.1328125
2 0.06484375 0.37421875 0.02265625 0.0328125
2 0.16484375 0.43671875 0.02265625 0.03515625
2 0.06875 0.51171875 0.02265625 0.0328125
2 0.071875 0.603125 0.021875 0.0328125
2 0.2234375 0.6421875 0.0125 0.009375
2 0.23671875 0.6296875 0.00703125 0.0171875
2 0.45234375 0.78515625 0.00703125 0.0171875
5 0.278125 0.1984375 0.00625 0.0140625
5 0.2640625 0.23515625 0.0046875 0.0125
5 0.3078125 0.2078125 0.0046875 0.0125
5 0.31484375 0.2078125 0.0046875 0.0125
5 0.50703125 0.2234375 0.00625 0.0125
5 0.5140625 0.2234375 0.00625 0.0125
5 0.2953125 0.221875 0.00859375 0.0078125
5 0.53046875 0.26640625 0.00859375 0.0078125
5 0.5296875 0.28359375 0.00859375 0.00859375
5 0.3 0.28984375 0.00859375 0.00859375
5 0.28203125 0.29375 0.00625 0.0140625
5 0.275 0.29375 0.00625 0.0140625
5 0.16953125 0.315625 0.0125 0.01171875
5 0.15078125 0.315625 0.00859375 0.00859375
5 0.2140625 0.31484375 0.00625 0.0125
5 0.221875 0.3140625 0.00625 0.0140625
5 0.2296875 0.3140625 0.00625 0.0125
5 0.315625 0.3390625 0.0234375 0.01875
5 0.4015625 0.32734375 0.0234375 0.0296875
5 0.1578125 0.365625 0.0125 0.01171875
5 0.11875 0.371875 0.00703125 0.01875
5 0.1078125 0.38359375 0.0046875 0.0125
5 0.1921875 0.38671875 0.0125 0.01171875
5 0.17421875 0.390625 0.00859375 0.0078125
5 0.17421875 0.40078125 0.00859375 0.00859375
5 0.1390625 0.44453125 0.0046875 0.0125
5 0.1265625 0.44609375 0.0046875 0.0125
5 0.0734375 0.40859375 0.00859375 0.00859375
5 0.08671875 0.4078125 0.0078125 0.0078125
5 0.0578125 0.396875 0.0125 0.0109375
5 0.05546875 0.42109375 0.0046875 0.0125
5 0.065625 0.45 0.0125 0.0109375
5 0.08125 0.46953125 0.00859375 0.0078125
5 0.06796875 0.4609375 0.00859375 0.0078125
5 0.07890625 0.4796875 0.00859375 0.0078125
5 0.10625 0.490625 0.0078125 0.0171875
5 0.11640625 0.496875 0.0046875 0.0125
5 0.14140625 0.5171875 0.00859375 0.0078125
5 0.34921875 0.41953125 0.0046875 0.0125
5 0.36640625 0.41953125 0.0046875 0.0125
5 0.2875 0.4984375 0.02265625 0.0328125
5 0.26796875 0.50625 0.0046875 0.0125
5 0.29453125 0.52421875 0.00859375 0.0078125
5 0.29765625 0.540625 0.0046875 0.0125
5 0.084375 0.559375 0.00859375 0.0078125
5 0.08125 0.56953125 0.00859375 0.0078125
5 0.0515625 0.54765625 0.0125 0.0109375
5 0.12421875 0.575 0.00625 0.0125
5 0.1375 0.57421875 0.00625 0.0140625
5 0.11015625 0.58359375 0.0078125 0.01875
5 0.30703125 0.6296875 0.00859375 0.0078125
5 0.30703125 0.640625 0.00859375 0.0078125
5 0.2953125 0.65546875 0.0046875 0.0125
5 0.2578125 0.64921875 0.00625 0.0140625
5 0.3 0.67109375 0.00859375 0.0078125
5 0.3 0.68046875 0.00859375 0.00859375
5 0.3 0.690625 0.00859375 0.0078125
5 0.14375 0.8578125 0.02265625 0.01875
5 0.415625 0.22421875 0.00625 0.0125
5 0.42265625 0.22421875 0.00625 0.0125
5 0.4484375 0.26875 0.00859375 0.0078125
5 0.44765625 0.2859375 0.00859375 0.00859375
5 0.59921875 0.22265625 0.0046875 0.0140625
5 0.6453125 0.221875 0.00625 0.0125
5 0.68125 0.2828125 0.00859375 0.0078125
5 0.7125 0.1984375 0.0046875 0.0125
5 0.72421875 0.2 0.0046875 0.0125
5 0.7328125 0.19921875 0.0046875 0.0140625
5 0.73984375 0.2 0.0046875 0.0125
5 0.61484375 0.33671875 0.0046875 0.0125
5 0.68515625 0.31328125 0.00859375 0.00859375
5 0.68515625 0.334375 0.00859375 0.0078125
5 0.74375 0.36953125 0.0046875 0.0125
5 0.75703125 0.3921875 0.00625 0.0125
5 0.771875 0.39453125 0.0046875 0.0140625
5 0.771875 0.4265625 0.0046875 0.0125
5 0.709375 0.4578125 0.00859375 0.0078125
5 0.746875 0.4578125 0.00859375 0.00859375
5 0.76015625 0.47734375 0.0046875 0.0125
5 0.771875 0.47734375 0.0046875 0.0125
5 0.41484375 0.66640625 0.00625 0.0125
5 0.42890625 0.6671875 0.00625 0.0125
5 0.4625 0.66640625 0.00625 0.0125
5 0.46953125 0.6671875 0.00625 0.0125
5 0.44921875 0.66640625 0.00625 0.0125
5 0.45625 0.66640625 0.00625 0.0125
5 0.4359375 0.66640625 0.00625 0.0125
5 0.4421875 0.6671875 0.00625 0.0125
5 0.715625 0.54375 0.00859375 0.0078125
5 0.60078125 0.46015625 0.00625 0.0125
5 0.60859375 0.46015625 0.00625 0.0125
5 0.6421875 0.46015625 0.00625 0.0125
5 0.64921875 0.46015625 0.00625 0.0125
5 0.628125 0.46015625 0.00625 0.0125
5 0.6359375 0.46015625 0.00625 0.0125
5 0.615625 0.46015625 0.00625 0.0125
5 0.62109375 0.46015625 0.00625 0.0125
5 0.421875 0.6671875 0.00625 0.0125
5 0.47421875 0.81015625 0.0046875 0.0125
5 0.5125 0.74765625 0.0046875 0.0125
5 0.51796875 0.7484375 0.0046875 0.0140625
5 0.8515625 0.17578125 0.0234375 0.0171875
5 0.86015625 0.153125 0.00859375 0.0078125
7 0.278125 0.3265625 0.0125 0.03203125
7 0.13203125 0.478125 0.02265625 0.021875
7 0.13125 0.54296875 0.02265625 0.01953125