10 0.14140625 0.11484375 0.0078125 0.0203125
10 0.31015625 0.253125 0.00859375 0.0203125
10 0.290625 0.253125 0.00859375 0.0203125
5 0.4046875 0.25234375 0.00859375 0.0203125
5 0.34921875 0.25234375 0.00859375 0.0203125
5 0.3765625 0.2515625 0.00859375 0.0203125
5 0.38984375 0.21640625 0.00859375 0.0203125
5 0.40390625 0.21640625 0.00859375 0.0203125
10 0.053125 0.465625 0.0125 0.0375
10 0.28359375 0.46484375 0.0125 0.0375
10 0.07734375 0.49453125 0.0078125 0.0203125
10 0.57890625 0.3875 0.00625 0.0125
10 0.3796875 0.3453125 0.00625 0.0125
10 0.41015625 0.34609375 0.00625 0.0125
10 0.4484375 0.33515625 0.00625 0.0125
10 0.4796875 0.325 0.00625 0.0125
10 0.478125 0.36875 0.00625 0.0125
10 0.4359375 0.3640625 0.00625 0.0125
10 0.42265625 0.3640625 0.00625 0.0125
10 0.4171875 0.3859375 0.00625 0.0125
10 0.4171875 0.40546875 0.00625 0.0125
10 0.3640625 0.4015625 0.00625 0.0125
10 0.3671875 0.4578125 0.00625 0.0125
10 0.4171875 0.43984375 0.00625 0.0125
10 0.4078125 0.45234375 0.00625 0.0125
10 0.4171875 0.46015625 0.00625 0.0125
10 0.428125 0.4546875 0.00625 0.0125
10 0.44140625 0.43671875 0.00625 0.0125
10 0.4171875 0.48203125 0.00625 0.0125
10 0.4171875 0.50546875 0.00625 0.0125
10 0.3859375 0.50625 0.00625 0.0125
10 0.45703125 0.50625 0.00625 0.0125
10 0.39609375 0.46953125 0.00859375 0.00859375
10 0.3921875 0.3578125 0.00859375 0.00859375
10 0.3640625 0.38203125 0.00859375 0.00859375
10 0.38203125 0.38046875 0.00859375 0.00859375
10 0.38125 0.39609375 0.00859375 0.00859375
10 0.39609375 0.4046875 0.00859375 0.00859375
10 0.40390625 0.3875 0.00859375 0.00859375
10 0.40390625 0.3734375 0.00859375 0.00859375
10 0.42890625 0.38359375 0.00859375 0.00859375
10 0.44375 0.384375 0.00859375 0.00859375
10 0.46015625 0.38515625 0.00859375 0.00859375
10 0.4640625 0.403125 0.00859375 0.00859375
10 0.46953125 0.4125 0.00859375 0.00859375
10 0.4578125 0.43125 0.00859375 0.00859375
10 0.56328125 0.48671875 0.00859375 0.00859375
10 0.44296875 0.45859375 0.00859375 0.00859375
10 0.44296875 0.47734375 0.00859375 0.00859375
10 0.43984375 0.42109375 0.00859375 0.00859375
10 0.42265625 0.42109375 0.00859375 0.00859375
10 0.40703125 0.42265625 0.00859375 0.00859375
10 0.39296875 0.42265625 0.00859375 0.00859375
10 0.3796875 0.42265625 0.00859375 0.00859375
10 0.3703125 0.440625 0.00859375 0.00859375
10 0.3890625 0.45234375 0.00859375 0.00859375
10 0.43359375 0.55546875 0.0140625 0.0109375
10 0.4046875 0.52890625 0.0078125 0.0203125
10 0.278125 0.5265625 0.0078125 0.0203125
5 0.4890625 0.528125 0.00859375 0.0203125
5 0.3 0.525 0.00859375 0.0203125
5 0.07734375 0.58515625 0.00859375 0.0203125
5 0.07734375 0.5359375 0.00859375 0.0203125
5 0.1890625 0.58671875 0.0078125 0.0203125
0 0.23203125 0.540625 0.0515625 0.071875
5 0.36796875 0.6203125 0.02734375 0.0203125
5 0.328125 0.6203125 0.02734375 0.0203125
5 0.33671875 0.5265625 0.00859375 0.0203125
0 0.54453125 0.55859375 0.03203125 0.0609375
10 0.4625 0.45 0.00859375 0.00859375
10 0.503125 0.47890625 0.00859375 0.00859375
10 0.5484375 0.4859375 0.00859375 0.00859375
10 0.46796875 0.4875 0.00625 0.0125
10 0.51640625 0.45078125 0.00625 0.0125
10 0.57890625 0.459375 0.00625 0.0125
10 0.57890625 0.42890625 0.00625 0.0125
10 0.57890625 0.40859375 0.00625 0.0125
5 0.52421875 0.42421875 0.0140625 0.0125
5 0.5 0.32265625 0.0140625 0.0125
5 0.59921875 0.38984375 0.00859375 0.0203125
10 0.68359375 0.40390625 0.0140625 0.0109375
7 0.82890625 0.615625 0.02421875 0.01640625
7 0.67265625 0.615625 0.02421875 0.01640625
10 0.65546875 0.4046875 0.0140625 0.0109375
10 0.7484375 0.3765625 0.0078125 0.0203125
5 0.52421875 0.40546875 0.0140625 0.0125
5 0.6265625 0.28203125 0.0140625 0.0125
10 0.65546875 0.34453125 0.0140625 0.0109375
5 0.68828125 0.365625 0.0140625 0.0125
0 0.5640625 0.30625 0.02734375 0.07734375
10 0.49296875 0.28046875 0.02421875 0.0203125
5 0.7546875 0.2203125 0.00859375 0.0203125
5 0.7234375 0.22109375 0.00859375 0.0203125
10 0.95 0.803125 0.00703125 0.0203125
10 0.865625 0.33515625 0.02265625 0.040625
7 0.75234375 0.615625 0.02421875 0.01640625
10 0.846875 0.73046875 0.02421875 0.01953125
0 0.91171875 0.75859375 0.05 0.07421875
5 0.9484375 0.7609375 0.00859375 0.0203125
5 0.95 0.7203125 0.00859375 0.0203125
5 0.684375 0.1421875 0.0140625 0.040625
5 0.0828125 0.6859375 0.02734375 0.01953125
5 0.203125 0.68671875 0.02734375 0.01953125
0 0.12578125 0.54609375 0.05390625 0.0765625