10 0.121875 0.4109375 0.009375 0.0078125
10 0.16328125 0.32734375 0.00859375 0.00859375
10 0.14921875 0.2953125 0.009375 0.0078125
10 0.1828125 0.328125 0.00859375 0.0078125
10 0.1828125 0.3421875 0.00859375 0.0078125
10 0.1453125 0.4859375 0.009375 0.0078125
10 0.16328125 0.5734375 0.009375 0.0078125
10 0.178125 0.634375 0.009375 0.00859375
10 0.165625 0.725 0.009375 0.009375
10 0.16484375 0.78046875 0.009375 0.00859375
10 0.31640625 0.76796875 0.009375 0.00859375
10 0.38515625 0.8046875 0.00859375 0.0078125
10 0.17109375 0.840625 0.009375 0.00859375
5 0.21328125 0.190625 0.0109375 0.00859375
5 0.21328125 0.14921875 0.0109375 0.00859375
5 0.253125 0.2046875 0.0109375 0.009375
5 0.15 0.2671875 0.0109375 0.009375
5 0.20234375 0.3421875 0.009375 0.009375
5 0.1234375 0.39453125 0.0125 0.01171875
5 0.16875 0.45390625 0.009375 0.009375
5 0.29375 0.7671875 0.0125 0.0125
5 0.16328125 0.5890625 0.0109375 0.009375
5 0.17734375 0.64765625 0.0109375 0.009375
5 0.1703125 0.67890625 0.0125 0.0125
5 0.29375 0.784375 0.01171875 0.009375
5 0.29375 0.8015625 0.0125 0.0125
10 0.5875 0.18828125 0.0109375 0.0078125
10 0.7921875 0.50234375 0.009375 0.00859375
10 0.8234375 0.321875 0.009375 0.0078125
10 0.6796875 0.38984375 0.009375 0.00859375
10 0.71484375 0.5 0.009375 0.0078125
10 0.7375 0.49921875 0.009375 0.00859375
10 0.76484375 0.5015625 0.009375 0.0078125
10 0.81171875 0.4015625 0.009375 0.0078125
10 0.69609375 0.4984375 0.009375 0.00859375
10 0.8125 0.5015625 0.009375 0.0078125
10 0.7015625 0.3578125 0.009375 0.00859375
10 0.8109375 0.36328125 0.009375 0.0078125
10 0.703125 0.403125 0.009375 0.00859375
10 0.7015625 0.4328125 0.009375 0.00859375
10 0.80625 0.45 0.009375 0.0078125
10 0.83515625 0.4609375 0.009375 0.0078125
10 0.83515625 0.475 0.009375 0.0078125
10 0.78515625 0.32265625 0.009375 0.00859375
10 0.7234375 0.3234375 0.009375 0.0078125
10 0.746875 0.32265625 0.009375 0.00859375
10 0.765625 0.3234375 0.009375 0.0078125
10 0.7015625 0.3234375 0.009375 0.00859375
10 0.8046875 0.321875 0.009375 0.0078125
10 0.7015625 0.46640625 0.009375 0.00859375
10 0.67578125 0.521875 0.009375 0.0078125
10 0.69453125 0.5375 0.00859375 0.0078125
10 0.528125 0.34765625 0.009375 0.0078125
10 0.5609375 0.3765625 0.009375 0.0078125
10 0.53046875 0.4453125 0.009375 0.0078125
10 0.53046875 0.43125 0.009375 0.0078125
10 0.5046875 0.3796875 0.009375 0.0078125
10 0.5046875 0.3671875 0.009375 0.0078125
10 0.5046875 0.40625 0.009375 0.0078125
10 0.5046875 0.3921875 0.009375 0.0078125
10 0.5046875 0.43125 0.009375 0.0078125
10 0.5046875 0.41875 0.009375 0.0078125
10 0.5046875 0.46171875 0.009375 0.0078125
10 0.5046875 0.4453125 0.009375 0.0078125
10 0.47265625 0.44453125 0.009375 0.0078125
10 0.47265625 0.43125 0.009375 0.0078125
10 0.55859375 0.48828125 0.009375 0.0078125
10 0.7390625 0.56484375 0.01171875 0.0125
10 0.6890625 0.5671875 0.009375 0.009375
10 0.8484375 0.553125 0.009375 0.009375
10 0.60078125 0.58359375 0.009375 0.00859375
10 0.60078125 0.628125 0.009375 0.00859375
10 0.60078125 0.61484375 0.009375 0.00859375
10 0.60078125 0.59609375 0.009375 0.00859375
10 0.6234375 0.5046875 0.009375 0.009375
10 0.6234375 0.534375 0.009375 0.00859375
10 0.5609375 0.55 0.0109375 0.009375
10 0.5234375 0.54921875 0.009375 0.00859375
10 0.425 0.68203125 0.0109375 0.00859375
10 0.45 0.68125 0.00859375 0.0078125
10 0.515625 0.7796875 0.009375 0.00859375
10 0.40703125 0.8046875 0.009375 0.0078125
10 0.659375 0.83671875 0.009375 0.00859375
10 0.90703125 0.76875 0.009375 0.0078125
10 0.9703125 0.68203125 0.009375 0.00859375
10 0.9453125 0.5140625 0.009375 0.0078125
10 0.94453125 0.49140625 0.00859375 0.00859375
10 0.96484375 0.4890625 0.009375 0.0078125
10 0.9765625 0.51484375 0.009375 0.00859375
10 0.9765625 0.528125 0.009375 0.0078125
10 0.9890625 0.43671875 0.009375 0.00859375
10 0.9125 0.29375 0.00859375 0.0078125
10 0.96796875 0.2171875 0.009375 0.0078125
10 0.9046875 0.1234375 0.009375 0.0078125
5 0.55859375 0.475 0.009375 0.00859375
5 0.5875 0.17421875 0.009375 0.00859375
5 0.5875 0.20234375 0.009375 0.00859375
5 0.6375 0.18671875 0.009375 0.00859375
5 0.56875 0.27578125 0.009375 0.00859375
5 0.503125 0.29765625 0.009375 0.00859375
5 0.61484375 0.20234375 0.0109375 0.009375
5 0.5875 0.2765625 0.009375 0.009375
5 0.5984375 0.3109375 0.01171875 0.01171875
5 0.746875 0.1515625 0.01171875 0.01171875
5 0.5984375 0.2921875 0.01171875 0.01171875
5 0.746875 0.1328125 0.01171875 0.01171875
5 0.69296875 0.25625 0.0109375 0.009375
5 0.503125 0.31015625 0.009375 0.00859375
5 0.559375 0.4203125 0.009375 0.00859375
5 0.559375 0.45 0.009375 0.00859375
5 0.55859375 0.4625 0.009375 0.0109375
5 0.834375 0.4484375 0.0109375 0.009375
5 0.62265625 0.48515625 0.0109375 0.009375
5 0.834375 0.50078125 0.0109375 0.00859375
5 0.5421875 0.54921875 0.0109375 0.00859375
5 0.62265625 0.51875 0.0109375 0.00859375
5 0.6765625 0.53671875 0.0109375 0.00859375
5 0.79921875 0.56484375 0.0125 0.0125
5 0.73984375 0.5453125 0.0125 0.0125
5 0.7703125 0.56484375 0.0125 0.0125
5 0.8484375 0.53828125 0.0109375 0.009375
5 0.8484375 0.590625 0.009375 0.00859375
5 0.42890625 0.7484375 0.009375 0.009375
5 0.44765625 0.7484375 0.0109375 0.00859375
5 0.415625 0.709375 0.0109375 0.009375
5 0.434375 0.7078125 0.009375 0.0078125
5 0.97734375 0.2296875 0.01171875 0.00859375
5 0.934375 0.42265625 0.0125 0.0125
5 0.97578125 0.54140625 0.0109375 0.0109375
5 0.94453125 0.5265625 0.0109375 0.0109375
5 0.934375 0.73125 0.0109375 0.0109375
5 0.934375 0.74296875 0.0109375 0.009375
5 0.93828125 0.7796875 0.009375 0.009375
5 0.93828125 0.7921875 0.0109375 0.00859375
5 0.96328125 0.76875 0.0109375 0.009375
5 0.9640625 0.75390625 0.0109375 0.009375
5 0.63828125 0.2015625 0.0109375 0.0078125
5 0.503125 0.35 0.01171875 0.00859375