10 0.2640625 0.178125 0.009375 0.00859375
10 0.375 0.3140625 0.009375 0.00859375
10 0.20390625 0.33671875 0.0109375 0.009375
10 0.1796875 0.45078125 0.009375 0.00859375
10 0.23515625 0.36640625 0.009375 0.00859375
10 0.17890625 0.4078125 0.009375 0.00859375
10 0.17890625 0.42109375 0.009375 0.00859375
10 0.17890625 0.434375 0.009375 0.00859375
10 0.1796875 0.3953125 0.009375 0.00859375
10 0.1796875 0.35625 0.009375 0.00859375
10 0.17890625 0.36796875 0.009375 0.00859375
10 0.1796875 0.38203125 0.009375 0.00859375
10 0.20390625 0.4203125 0.009375 0.0078125
10 0.20390625 0.43515625 0.009375 0.00859375
10 0.14765625 0.4203125 0.009375 0.0078125
10 0.146875 0.4328125 0.00859375 0.0078125
10 0.23125 0.47734375 0.009375 0.00859375
10 0.37578125 0.3484375 0.00859375 0.00859375
10 0.353125 0.38046875 0.009375 0.00859375
10 0.3765625 0.39375 0.009375 0.009375
10 0.375 0.42421875 0.009375 0.00859375
10 0.375 0.4578125 0.009375 0.00859375
10 0.36953125 0.48828125 0.00859375 0.0078125
10 0.296875 0.49453125 0.009375 0.00859375
10 0.19609375 0.53828125 0.009375 0.009375
10 0.23515625 0.53828125 0.009375 0.00859375
10 0.296875 0.52421875 0.009375 0.00859375
10 0.34921875 0.5125 0.0109375 0.00859375
10 0.36796875 0.528125 0.009375 0.00859375
10 0.36328125 0.55703125 0.009375 0.00859375
10 0.27421875 0.61796875 0.009375 0.009375
10 0.27421875 0.5734375 0.009375 0.009375
10 0.27421875 0.58515625 0.009375 0.009375
10 0.2734375 0.6046875 0.009375 0.009375
10 0.0984375 0.66875 0.015625 0.009375
10 0.1234375 0.66875 0.015625 0.009375
10 0.05859375 0.790625 0.0203125 0.0125
10 0.0796875 0.790625 0.01953125 0.0125
10 0.1875 0.76640625 0.01484375 0.00625
10 0.33125 0.82578125 0.009375 0.00859375
10 0.5796875 0.115625 0.0109375 0.009375
10 0.64140625 0.209375 0.01640625 0.00859375
10 0.69921875 0.171875 0.009375 0.009375
10 0.58671875 0.28671875 0.009375 0.00859375
10 0.46015625 0.3140625 0.009375 0.00859375
10 0.478125 0.3140625 0.009375 0.00859375
10 0.4984375 0.3140625 0.009375 0.0078125
10 0.3984375 0.3140625 0.009375 0.00859375
10 0.42109375 0.31484375 0.009375 0.00859375
10 0.440625 0.3140625 0.009375 0.0078125
10 0.484375 0.3546875 0.009375 0.00859375
10 0.70625 0.209375 0.009375 0.00859375
10 0.7234375 0.171875 0.009375 0.0078125
10 0.73125 0.21171875 0.00859375 0.00859375
10 0.771875 0.3171875 0.009375 0.00859375
10 0.77265625 0.3421875 0.009375 0.00859375
10 0.77265625 0.36328125 0.009375 0.009375
10 0.48515625 0.39296875 0.009375 0.00859375
10 0.48046875 0.4421875 0.009375 0.00859375
10 0.50859375 0.45234375 0.009375 0.00859375
10 0.50859375 0.465625 0.009375 0.0078125
10 0.465625 0.49375 0.009375 0.0078125
10 0.4859375 0.49375 0.009375 0.00859375
10 0.3890625 0.490625 0.009375 0.0078125
10 0.4109375 0.490625 0.009375 0.00859375
10 0.43828125 0.49296875 0.009375 0.0078125
10 0.66328125 0.43046875 0.009375 0.009375
10 0.77265625 0.4734375 0.009375 0.00859375
10 0.77265625 0.4875 0.009375 0.00859375
10 0.77265625 0.5015625 0.009375 0.009375
10 0.61875 0.48359375 0.009375 0.00859375
10 0.6375 0.4828125 0.009375 0.00859375
10 0.61796875 0.50625 0.009375 0.00859375
10 0.64921875 0.50859375 0.009375 0.00859375
10 0.64921875 0.52109375 0.009375 0.00859375
10 0.67109375 0.52265625 0.009375 0.0078125
10 0.690625 0.52265625 0.009375 0.00859375
10 0.77265625 0.528125 0.009375 0.00859375
10 0.77265625 0.559375 0.009375 0.00859375
10 0.521875 0.54375 0.0109375 0.0078125
10 0.41328125 0.5546875 0.01171875 0.01171875
10 0.64375 0.675 0.009375 0.00859375
10 0.57890625 0.7609375 0.009375 0.00859375
10 0.771875 0.65859375 0.009375 0.00859375
10 0.771875 0.73359375 0.009375 0.00859375
5 0.29609375 0.47578125 0.0109375 0.009375
5 0.26328125 0.1640625 0.0109375 0.009375
5 0.26328125 0.1921875 0.0109375 0.009375
5 0.31328125 0.178125 0.0109375 0.009375
5 0.24375 0.265625 0.0109375 0.009375
5 0.178125 0.2859375 0.0109375 0.009375
5 0.28984375 0.19296875 0.0109375 0.00859375
5 0.3140625 0.19140625 0.0109375 0.009375
5 0.36796875 0.24609375 0.0109375 0.009375
5 0.2640625 0.265625 0.009375 0.009375
5 0.27421875 0.3015625 0.0125 0.0125
5 0.27421875 0.28203125 0.0125 0.0125
5 0.178125 0.33828125 0.0109375 0.00859375
5 0.178125 0.2984375 0.0109375 0.009375
5 0.21640625 0.5390625 0.0109375 0.009375
5 0.2328125 0.43828125 0.0109375 0.009375
5 0.23359375 0.409375 0.0109375 0.009375
5 0.23203125 0.4515625 0.0109375 0.009375
5 0.2328125 0.4640625 0.0109375 0.009375
5 0.34921875 0.52734375 0.0109375 0.009375
5 0.29765625 0.50859375 0.0109375 0.009375
5 0.0890625 0.69609375 0.0109375 0.00859375
5 0.10859375 0.69609375 0.009375 0.009375
5 0.1203125 0.73515625 0.015625 0.009375
5 0.10078125 0.73515625 0.0140625 0.0078125
5 0.4234375 0.14296875 0.0140625 0.0125
5 0.42265625 0.12421875 0.0140625 0.0125
5 0.65234375 0.2234375 0.01171875 0.009375
5 0.7 0.15546875 0.0125 0.0125
5 0.70625 0.22578125 0.0125 0.0140625
5 0.6078125 0.41484375 0.0140625 0.01171875
5 0.50859375 0.4390625 0.0109375 0.009375
5 0.50859375 0.49296875 0.0109375 0.009375
5 0.64921875 0.534375 0.0109375 0.009375
5 0.61875 0.51953125 0.0109375 0.009375
5 0.521875 0.53046875 0.0109375 0.009375
5 0.521875 0.58203125 0.0109375 0.009375
5 0.4125 0.5359375 0.0125 0.0140625
5 0.47265625 0.5578125 0.0140625 0.0140625
5 0.44375 0.55625 0.0125 0.0140625
5 0.6109375 0.7859375 0.0109375 0.00859375
5 0.6109375 0.771875 0.0109375 0.00859375
5 0.60625 0.7359375 0.0109375 0.00859375
5 0.60703125 0.7234375 0.0109375 0.00859375
5 0.6375 0.76171875 0.0109375 0.009375
5 0.6375 0.746875 0.0109375 0.009375
5 0.771875 0.6734375 0.01171875 0.0125
5 0.76875 0.771875 0.01171875 0.0125
5 0.771875 0.7484375 0.01171875 0.0125
5 0.771875 0.7171875 0.01171875 0.0125
5 0.771875 0.690625 0.01171875 0.0125
5 0.72109375 0.53203125 0.0109375 0.009375
5 0.734375 0.2984375 0.009375 0.00859375
5 0.77109375 0.29140625 0.0125 0.0125
5 0.725 0.15546875 0.01171875 0.0125
5 0.73046875 0.22578125 0.0140625 0.0125