10 0.2328125 0.2140625 0.021875 0.04609375
13 0.31796875 0.2203125 0.028125 0.0484375
13 0.31328125 0.396875 0.025 0.04296875
5 0.18046875 0.440625 0.00703125 0.01640625
10 0.24375 0.709375 0.03046875 0.03203125
5 0.434375 0.221875 0.0078125 0.01640625
5 0.421875 0.221875 0.0078125 0.01640625
5 0.4078125 0.3125 0.01171875 0.01171875
5 0.40859375 0.2921875 0.0109375 0.009375
10 0.409375 0.33203125 0.01171875 0.009375
5 0.4078125 0.3578125 0.01171875 0.009375
0 0.49375 0.4140625 0.0953125 0.1421875
0 0.52578125 0.2015625 0.12578125 0.1046875
5 0.6203125 0.2796875 0.01171875 0.009375
5 0.7953125 0.3546875 0.00703125 0.01640625
5 0.61875 0.3109375 0.01171875 0.009375
5 0.61875 0.3359375 0.01171875 0.009375
5 0.72578125 0.7203125 0.01171875 0.009375
5 0.696875 0.1875 0.01171875 0.009375
5 0.5890625 0.38203125 0.00703125 0.0171875
5 0.5890625 0.3109375 0.00703125 0.0171875
10 0.5890625 0.4578125 0.00703125 0.0171875
10 0.5890625 0.521875 0.00703125 0.01640625
5 0.58828125 0.4203125 0.00703125 0.01640625
0 0.6828125 0.4640625 0.09296875 0.13984375
5 0.64453125 0.30546875 0.01171875 0.009375
5 0.6828125 0.6171875 0.01171875 0.009375
5 0.6265625 0.65 0.01171875 0.009375
5 0.6953125 0.7203125 0.01171875 0.009375
5 0.709375 0.6171875 0.01171875 0.009375
5 0.69140625 0.68125 0.01171875 0.009375
5 0.734375 0.64375 0.01171875 0.0109375
10 0.72578125 0.68046875 0.01171875 0.009375
5 0.5890625 0.58046875 0.00703125 0.01640625
5 0.77265625 0.5734375 0.00703125 0.01640625
5 0.77421875 0.52890625 0.00703125 0.01640625
5 0.77421875 0.3546875 0.00703125 0.01640625
10 0.77265625 0.4640625 0.00703125 0.01640625
10 0.7953125 0.4578125 0.00703125 0.0171875
0 0.7984375 0.49921875 0.01171875 0.03125
0 0.79765625 0.30390625 0.0203125 0.01875
5 0.6703125 0.3359375 0.01171875 0.009375
5 0.69609375 0.209375 0.01171875 0.009375
5 0.66171875 0.246875 0.0125 0.01171875
5 0.696875 0.246875 0.01171875 0.009375
5 0.69609375 0.2265625 0.01171875 0.009375
10 0.721875 0.3109375 0.01171875 0.009375
10 0.73359375 0.6171875 0.0125 0.01171875