10 0.7203125 0.225 0.01171875 0.009375
10 0.66328125 0.22578125 0.01171875 0.009375
10 0.228125 0.2953125 0.0171875 0.0328125
10 0.2578125 0.3 0.0078125 0.01953125
10 0.2953125 0.3328125 0.0125 0.0109375
10 0.215625 0.36796875 0.0125 0.0109375
10 0.253125 0.2078125 0.0125 0.0109375
10 0.35078125 0.20625 0.0125 0.0109375
10 0.3984375 0.28671875 0.01171875 0.0109375
10 0.31328125 0.1765625 0.0078125 0.01875
10 0.21484375 0.17421875 0.0078125 0.01875
10 0.19609375 0.4578125 0.00703125 0.01875
10 0.20703125 0.56328125 0.01171875 0.0109375
10 0.23203125 0.5625 0.0125 0.01171875
13 0.19453125 0.31953125 0.009375 0.028125
13 0.82734375 0.7046875 0.0109375 0.02734375
13 0.79765625 0.7046875 0.0109375 0.02734375
13 0.6421875 0.70625 0.0109375 0.02734375
13 0.61015625 0.70703125 0.0109375 0.02734375
13 0.70390625 0.70703125 0.0109375 0.02734375
13 0.6734375 0.70703125 0.0109375 0.02734375
13 0.76484375 0.70625 0.0109375 0.02734375
13 0.73515625 0.70625 0.0109375 0.02734375
0 0.3015625 0.28203125 0.02421875 0.065625
0 0.25703125 0.1546875 0.02421875 0.065625
0 0.35859375 0.15390625 0.02421875 0.065625
0 0.40703125 0.3328125 0.028125 0.05390625
0 0.228125 0.43671875 0.0515625 0.059375
0 0.559375 0.47734375 0.1375 0.20703125
5 0.21484375 0.14140625 0.0078125 0.01875
5 0.24921875 0.1046875 0.01171875 0.0109375
5 0.3140625 0.13984375 0.0078125 0.01875
5 0.35078125 0.10390625 0.01171875 0.0109375
5 0.2953125 0.22734375 0.0125 0.01171875
5 0.2578125 0.2671875 0.0078125 0.01875
5 0.17265625 0.334375 0.0125 0.0109375
5 0.37109375 0.31171875 0.0078125 0.01875
5 0.3109375 0.53125 0.0078125 0.0171875
5 0.4078125 0.54375 0.02421875 0.01875
5 0.3796875 0.54375 0.02421875 0.01875
5 0.27890625 0.7390625 0.0125 0.01171875
5 0.4796875 0.6125 0.0125 0.0109375
5 0.65859375 0.41953125 0.0125 0.0109375
5 0.6390625 0.3328125 0.0125 0.01171875
5 0.4484375 0.32734375 0.0125 0.01171875
5 0.53125 0.2859375 0.0078125 0.01875
5 0.4484375 0.2859375 0.0078125 0.01875
5 0.4890625 0.2859375 0.0078125 0.01875
5 0.5453125 0.2859375 0.0078125 0.01875
5 0.559375 0.28515625 0.00703125 0.0171875
5 0.46171875 0.2859375 0.0078125 0.01875
5 0.47578125 0.2859375 0.00703125 0.0171875
5 0.50390625 0.2859375 0.0078125 0.01875
5 0.5171875 0.28515625 0.00703125 0.0171875
5 0.571875 0.284375 0.00703125 0.01875
5 0.7203125 0.2453125 0.0140625 0.0109375
5 0.6640625 0.2453125 0.0140625 0.0109375
5 0.75390625 0.64765625 0.0234375 0.0171875
5 0.7109375 0.64765625 0.0234375 0.0171875
7 0.21875 0.525 0.07421875 0.04765625
7 0.384375 0.7484375 0.021875 0.015625
7 0.2515625 0.7484375 0.021875 0.015625
7 0.31875 0.74921875 0.021875 0.015625
13 0.665625 0.334375 0.01640625 0.015625