10 0.2796875 0.28203125 0.009375 0.01953125
10 0.2 0.365625 0.009375 0.01953125
10 0.2015625 0.4421875 0.009375 0.01953125
10 0.27734375 0.58671875 0.009375 0.01953125
10 0.3078125 0.58671875 0.009375 0.01953125
10 0.34453125 0.584375 0.009375 0.01953125
10 0.4078125 0.57109375 0.009375 0.01953125
10 0.378125 0.4234375 0.009375 0.01953125
10 0.3765625 0.37578125 0.009375 0.01953125
10 0.4078125 0.39921875 0.009375 0.01953125
10 0.6703125 0.2734375 0.0140625 0.0140625
10 0.4671875 0.67265625 0.009375 0.01953125
10 0.521875 0.7734375 0.009375 0.01953125
10 0.4296875 0.5546875 0.0140625 0.0140625
10 0.4703125 0.70234375 0.0140625 0.0125
10 0.4703125 0.73125 0.0140625 0.0140625
10 0.4140625 0.25703125 0.0140625 0.0140625
10 0.46015625 0.27421875 0.0140625 0.0140625
10 0.46015625 0.29765625 0.0140625 0.0140625
5 0.37421875 0.3140625 0.021875 0.01640625
5 0.5203125 0.73125 0.01171875 0.03125
5 0.4390625 0.396875 0.01171875 0.03125
5 0.4375 0.34296875 0.01171875 0.03125
5 0.40625 0.34375 0.01171875 0.03125
5 0.5203125 0.67265625 0.01640625 0.028125
5 0.67109375 0.3015625 0.0140625 0.0140625
5 0.20234375 0.60234375 0.009375 0.01953125
5 0.29296875 0.58984375 0.009375 0.01953125
5 0.46796875 0.628125 0.009375 0.01953125
5 0.49375 0.615625 0.01640625 0.03046875
5 0.5203125 0.61484375 0.01640625 0.03046875
5 0.20234375 0.721875 0.009375 0.01953125
5 0.29375 0.28203125 0.009375 0.01953125
5 0.37578125 0.2703125 0.009375 0.01953125
5 0.3625 0.2703125 0.009375 0.01953125
5 0.46015625 0.25390625 0.0140625 0.0140625
0 0.42265625 0.48359375 0.06953125 0.10234375
0 0.28828125 0.43515625 0.146875 0.215625
0 0.58359375 0.71015625 0.07734375 0.078125
0 0.23359375 0.59296875 0.04296875 0.04375
0 0.415625 0.2953125 0.02421875 0.04375
0 0.32734375 0.27890625 0.04296875 0.04375
0 0.22734375 0.665625 0.05390625 0.0359375
10 0.4484375 0.58515625 0.04609375 0.040625
10 0.27578125 0.65703125 0.028125 0.06640625
0 0.36796875 0.6953125 0.1203125 0.125
2 0.253125 0.725 0.053125 0.0296875
0 0.51875 0.30703125 0.0859375 0.1296875
5 0.4609375 0.32109375 0.0140625 0.0140625