0 0.54609375 0.20234375 0.0828125 0.15703125
0 0.840625 0.20234375 0.0890625 0.16171875
0 0.2515625 0.203125 0.08984375 0.16328125
0 0.69921875 0.203125 0.09140625 0.159375
0 0.39375 0.20546875 0.08984375 0.15546875
0 0.1171875 0.20625 0.08359375 0.15703125
10 0.1859375 0.35625 0.0390625 0.03203125
10 0.2234375 0.425 0.03984375 0.02578125
5 0.2875 0.425 0.03515625 0.02578125
10 0.8140625 0.425 0.01875 0.0578125
5 0.9328125 0.459375 0.03515625 0.0296875
10 0.2234375 0.4703125 0.0359375 0.03203125
10 0.340625 0.484375 0.01640625 0.05546875
5 0.31640625 0.48515625 0.0171875 0.05390625
5 0.93359375 0.48984375 0.03515625 0.028125
12 0.28671875 0.49375 0.03359375 0.0953125
0 0.12734375 0.5 0.0953125 0.1390625
12 0.96875 0.50078125 0.0328125 0.1375
12 0.5 0.05390625 0.97265625 0.0953125
5 0.553125 0.559375 0.0109375 0.059375
5 0.40703125 0.61328125 0.01640625 0.05546875
10 0.8140625 0.65625 0.01875 0.05390625
10 0.6078125 0.734375 0.01640625 0.05390625
0 0.696875 0.790625 0.0859375 0.16328125
0 0.1171875 0.790625 0.08515625 0.159375
0 0.39140625 0.7921875 0.0875 0.153125
0 0.54609375 0.79375 0.0953125 0.15703125
0 0.25 0.79453125 0.08515625 0.15546875
0 0.8421875 0.79453125 0.0875 0.15546875
12 0.91015625 0.84921875 0.02734375 0.0859375
12 0.5015625 0.9421875 0.97265625 0.0953125
10 0.1828125 0.14453125 0.03125 0.02578125
10 0.6265625 0.1453125 0.01484375 0.0515625
12 0.9109375 0.1484375 0.025 0.08984375