12 0.19609375 0.13046875 0.11171875 0.028125
12 0.1953125 0.1828125 0.08046875 0.0328125
5 0.1359375 0.234375 0.01796875 0.0109375
5 0.13671875 0.24765625 0.01796875 0.01015625
12 0.0734375 0.44453125 0.0203125 0.13515625
12 0.0734375 0.6125 0.0203125 0.13359375
12 0.13984375 0.5265625 0.025 0.2609375
12 0.21796875 0.5265625 0.025 0.2609375
12 0.296875 0.328125 0.01953125 0.16484375
12 0.3640625 0.32734375 0.01953125 0.16484375
12 0.4359375 0.2359375 0.06796875 0.01796875
5 0.403125 0.284375 0.00703125 0.025
5 0.41328125 0.284375 0.00703125 0.025
0 0.4265625 0.28359375 0.01328125 0.0234375
6 0.425 0.36328125 0.05625 0.0625
10 0.4921875 0.1640625 0.0078125 0.02421875
10 0.48671875 0.2625 0.00703125 0.0234375
7 0.5796875 0.27265625 0.04453125 0.0390625
5 0.5 0.11796875 0.00703125 0.025
5 0.5109375 0.11484375 0.00625 0.01875
5 0.52734375 0.11484375 0.0078125 0.01953125
5 0.5859375 0.11875 0.00703125 0.025
5 0.59609375 0.11796875 0.00625 0.025
10 0.58125 0.159375 0.00703125 0.02421875
0 0.640625 0.20703125 0.08671875 0.08515625
0 0.52421875 0.20546875 0.0796875 0.08671875
1 0.65078125 0.11875 0.0125 0.0171875
12 0.75703125 0.16953125 0.0515625 0.0703125
0 0.70703125 0.22421875 0.03125 0.0703125
5 0.68125 0.11875 0.0078125 0.03359375
5 0.6921875 0.11875 0.0078125 0.034375
6 0.91796875 0.1953125 0.125 0.08125
12 0.75703125 0.284375 0.05078125 0.0703125
5 0.56796875 0.384375 0.01875 0.0109375
5 0.56796875 0.39609375 0.01875 0.0109375
5 0.56796875 0.4109375 0.01875 0.0109375
5 0.6125 0.4109375 0.01796875 0.01015625
5 0.6078125 0.4359375 0.00703125 0.02578125
5 0.61796875 0.4375 0.00703125 0.02578125
10 0.63203125 0.4328125 0.0078125 0.025
10 0.65234375 0.4328125 0.00703125 0.02421875
10 0.6671875 0.4328125 0.00703125 0.02421875
10 0.69296875 0.44609375 0.01796875 0.0109375
6 0.68359375 0.35859375 0.1015625 0.06171875
12 0.9140625 0.31953125 0.071875 0.06640625
12 0.8765625 0.5234375 0.1875 0.315625
5 0.303125 0.43046875 0.0078125 0.03515625
1 0.3171875 0.43046875 0.0140625 0.02265625
10 0.32421875 0.50546875 0.01796875 0.0109375
5 0.32421875 0.51875 0.0171875 0.01015625
10 0.32421875 0.55 0.0171875 0.01015625
10 0.32421875 0.56796875 0.0171875 0.00859375
5 0.35546875 0.47109375 0.00703125 0.025
10 0.375 0.4703125 0.0078125 0.02421875
10 0.38984375 0.46953125 0.00703125 0.025
10 0.40234375 0.46953125 0.00703125 0.025
10 0.41796875 0.46796875 0.00703125 0.02421875
10 0.47578125 0.490625 0.0078125 0.025
0 0.396875 0.5640625 0.10234375 0.1421875
10 0.46796875 0.55546875 0.0171875 0.0109375
10 0.46796875 0.5671875 0.01796875 0.0109375
10 0.54453125 0.490625 0.0078125 0.025
10 0.575 0.47265625 0.0171875 0.01015625
10 0.575 0.5265625 0.01796875 0.01015625
10 0.575 0.55 0.01796875 0.0109375
5 0.56328125 0.61328125 0.00703125 0.025
5 0.57421875 0.61328125 0.00703125 0.025
0 0.64609375 0.52578125 0.10078125 0.140625
10 0.71328125 0.5203125 0.01796875 0.0109375
10 0.71328125 0.53359375 0.01796875 0.01171875
10 0.7109375 0.58359375 0.0171875 0.009375
5 0.76328125 0.484375 0.01796875 0.01015625
5 0.7625 0.49921875 0.01796875 0.01015625
10 0.7625 0.51484375 0.01796875 0.01015625
5 0.76328125 0.54453125 0.01796875 0.009375
5 0.76328125 0.56015625 0.0171875 0.01015625
5 0.78515625 0.5234375 0.009375 0.009375
10 0.1125 0.7109375 0.00703125 0.02421875
5 0.25 0.753125 0.01796875 0.01015625
5 0.25 0.76796875 0.01796875 0.01015625
10 0.35859375 0.653125 0.00703125 0.025
10 0.37578125 0.653125 0.00703125 0.02421875
10 0.38984375 0.653125 0.00703125 0.02421875
10 0.40078125 0.653125 0.00703125 0.02421875
10 0.41640625 0.659375 0.00703125 0.02421875
5 0.42890625 0.65390625 0.00703125 0.025
10 0.46796875 0.621875 0.01796875 0.0109375
1 0.38203125 0.71328125 0.0140625 0.021875
1 0.39921875 0.7125 0.0140625 0.021875
1 0.415625 0.71328125 0.0140625 0.021875
1 0.4328125 0.71328125 0.0140625 0.021875
1 0.38203125 0.73984375 0.0140625 0.021875
1 0.3984375 0.73984375 0.0140625 0.021875
1 0.415625 0.73984375 0.0140625 0.021875
1 0.43203125 0.73984375 0.0140625 0.021875
1 0.38203125 0.7671875 0.0140625 0.021875
1 0.39921875 0.76640625 0.0140625 0.021875
1 0.415625 0.76640625 0.0140625 0.021875
1 0.43203125 0.76640625 0.0140625 0.021875
1 0.38203125 0.79375 0.0140625 0.021875
1 0.39921875 0.79375 0.0140625 0.021875
1 0.415625 0.79375 0.0140625 0.021875
1 0.4328125 0.79375 0.0140625 0.021875
5 0.6109375 0.61640625 0.0078125 0.02578125
10 0.621875 0.615625 0.0078125 0.02421875
10 0.63203125 0.615625 0.00703125 0.025
5 0.6421875 0.615625 0.00703125 0.02578125
10 0.6515625 0.61640625 0.00703125 0.02421875
10 0.6625 0.61640625 0.00703125 0.025
10 0.67265625 0.61640625 0.00703125 0.02421875
5 0.62890625 0.665625 0.01796875 0.01015625
5 0.57421875 0.6671875 0.01796875 0.01015625
5 0.60234375 0.68515625 0.01796875 0.01015625
5 0.571875 0.725 0.00625 0.025
10 0.60234375 0.69765625 0.01796875 0.01015625
10 0.63125 0.678125 0.0171875 0.0109375
11 0.60234375 0.72421875 0.03125 0.0390625
5 0.571875 0.75859375 0.00703125 0.02578125
0 0.6765625 0.68984375 0.05703125 0.078125
5 0.6875 0.74140625 0.01796875 0.0109375
10 0.69296875 0.6390625 0.0171875 0.01015625
10 0.71328125 0.6734375 0.00703125 0.02421875
1 0.7421875 0.64296875 0.01328125 0.02265625
5 0.78125 0.64296875 0.0078125 0.034375
1 0.74296875 0.70859375 0.01171875 0.02265625
1 0.74296875 0.74609375 0.0125 0.021875
5 0.76640625 0.72578125 0.02421875 0.0109375
5 0.75703125 0.76875 0.02421875 0.01015625
5 0.91640625 0.7484375 0.01796875 0.01015625
5 0.91640625 0.76328125 0.01796875 0.01015625
12 0.865625 0.89765625 0.17421875 0.10625
5 0.746875 0.83359375 0.01796875 0.0109375
12 0.86640625 0.80546875 0.26640625 0.06015625
6 0.68515625 0.8390625 0.10234375 0.06171875
12 0.19765625 0.809375 0.078125 0.028125
12 0.19609375 0.865625 0.11015625 0.0265625
5 0.32265625 0.6875 0.02578125 0.02578125
5 0.32265625 0.721875 0.02578125 0.02578125
5 0.32265625 0.75625 0.02578125 0.02578125
5 0.32265625 0.790625 0.02578125 0.02578125
12 0.36171875 0.86015625 0.06875 0.01796875
3 0.56640625 0.8390625 0.0453125 0.06171875
0 0.5421875 0.1171875 0.01328125 0.015625