10 0.70703125 0.16328125 0.01953125 0.01484375
10 0.70625 0.1828125 0.021875 0.01796875
10 0.70546875 0.203125 0.01875 0.01953125
0 0.6484375 0.2046875 0.0625 0.075
5 0.4359375 0.2171875 0.03046875 0.02578125
5 0.8171875 0.21796875 0.03125 0.02421875
2 0.7609375 0.2203125 0.03046875 0.02734375
10 0.7890625 0.2265625 0.01171875 0.0375
10 0.6046875 0.2359375 0.0234375 0.02109375
10 0.70546875 0.2421875 0.02265625 0.01640625
12 0.93828125 0.24765625 0.1046875 0.4109375
10 0.70546875 0.26484375 0.02421875 0.01953125
0 0.64921875 0.28203125 0.06171875 0.0765625
10 0.45 0.2859375 0.01953125 0.01640625
10 0.70625 0.2875 0.0203125 0.01328125
10 0.4171875 0.28828125 0.0203125 0.01796875
5 0.81640625 0.296875 0.0296875 0.02578125
2 0.7609375 0.30546875 0.03203125 0.02578125
10 0.7890625 0.3109375 0.009375 0.040625
10 0.6046875 0.31171875 0.0234375 0.02578125
0 0.3 0.31796875 0.1640625 0.2015625
10 0.70546875 0.31953125 0.02265625 0.01953125
10 0.70625 0.34453125 0.021875 0.01640625
0 0.56171875 0.35859375 0.0265625 0.0359375
0 0.6484375 0.35859375 0.05859375 0.078125
10 0.7046875 0.3640625 0.0234375 0.01796875
10 0.0421875 0.36953125 0.04375 0.04375
2 0.7609375 0.375 0.03125 0.01953125
10 0.39765625 0.3796875 0.02421875 0.02265625
10 0.4875 0.38046875 0.021875 0.01796875
5 0.81640625 0.38046875 0.0296875 0.02421875
10 0.78828125 0.38828125 0.0109375 0.0359375
10 0.565625 0.3890625 0.02265625 0.02109375
10 0.59453125 0.38984375 0.0265625 0.01953125
10 0.7046875 0.38984375 0.0234375 0.01953125
12 0.0984375 0.39921875 0.03828125 0.40546875
10 0.68671875 0.42421875 0.03828125 0.05
10 0.203125 0.425 0.0234375 0.01953125
10 0.63515625 0.4265625 0.03984375 0.0421875
0 0.5140625 0.47421875 0.078125 0.1625
0 0.42578125 0.475 0.078125 0.1734375
12 0.14453125 0.49375 0.05625 0.80546875
10 0.65390625 0.5265625 0.03984375 0.04375
10 0.7046875 0.53046875 0.040625 0.0453125
10 0.34921875 0.5421875 0.0421875 0.0453125
10 0.84453125 0.55078125 0.0390625 0.040625
10 0.6875 0.05546875 0.040625 0.0421875
10 0.4859375 0.56484375 0.0234375 0.02265625
5 0.7453125 0.565625 0.03046875 0.02421875
10 0.6125 0.5671875 0.02265625 0.01796875
10 0.39921875 0.56640625 0.0203125 0.01953125
10 0.6359375 0.05703125 0.03984375 0.0390625
10 0.67734375 0.571875 0.02265625 0.01796875
0 0.64375 0.58125 0.03125 0.0453125
5 0.20234375 0.5859375 0.02421875 0.0453125
10 0.678125 0.5921875 0.021875 0.02265625
5 0.746875 0.5984375 0.028125 0.02109375
10 0.04140625 0.60078125 0.0421875 0.0390625
10 0.38515625 0.609375 0.0203125 0.02109375
10 0.5421875 0.6109375 0.01953125 0.01796875
5 0.840625 0.61328125 0.03046875 0.02578125
0 0.790625 0.63203125 0.046875 0.09609375
10 0.6125 0.634375 0.021875 0.01953125
10 0.67734375 0.63984375 0.0203125 0.01953125
5 0.8390625 0.6421875 0.02734375 0.02421875
10 0.34140625 0.64296875 0.03984375 0.0421875
0 0.64296875 0.64765625 0.03203125 0.0421875
5 0.8171875 0.06484375 0.03046875 0.02578125
1 0.8578125 0.06484375 0.03203125 0.02578125
5 0.746875 0.65859375 0.03046875 0.02421875
10 0.678125 0.6625 0.021875 0.01640625
5 0.83828125 0.6734375 0.028125 0.02265625
5 0.746875 0.6875 0.028125 0.02421875
10 0.80625 0.69453125 0.0203125 0.01953125
0 0.4109375 0.70234375 0.07890625 0.1671875
0 0.5140625 0.70234375 0.07421875 0.1640625
5 0.8390625 0.70390625 0.02734375 0.02421875
10 0.6125 0.71171875 0.02265625 0.01796875
10 0.67734375 0.71640625 0.02421875 0.02109375
5 0.74609375 0.72109375 0.0296875 0.02265625
10 0.1890625 0.72578125 0.02265625 0.01953125
0 0.64453125 0.7265625 0.0328125 0.046875
5 0.83828125 0.734375 0.028125 0.02421875
10 0.678125 0.74140625 0.0203125 0.01796875
12 0.9375 0.74921875 0.09765625 0.4265625
5 0.74609375 0.7515625 0.0296875 0.02578125
5 0.8390625 0.76484375 0.028125 0.02578125
0 0.7921875 0.7875 0.04609375 0.10078125
10 0.6125 0.78984375 0.021875 0.01796875
10 0.6765625 0.79453125 0.0234375 0.02109375
10 0.43984375 0.7953125 0.0203125 0.01953125
5 0.8375 0.7953125 0.03125 0.02578125
10 0.54375 0.79609375 0.02421875 0.02109375
0 0.64375 0.80390625 0.03046875 0.0421875
5 0.7453125 0.81171875 0.03046875 0.02578125
10 0.6765625 0.81796875 0.0234375 0.01953125
5 0.8375 0.8265625 0.0296875 0.02890625
10 0.58984375 0.828125 0.021875 0.01640625
10 0.5515625 0.8421875 0.0203125 0.01953125
5 0.74609375 0.8421875 0.0296875 0.02265625
13 0.459375 0.8453125 0.03125 0.05703125
1 0.0953125 0.8453125 0.0296875 0.02421875
10 0.8109375 0.84921875 0.02265625 0.01953125
0 0.509375 0.871875 0.0578125 0.090625
0 0.60078125 0.87421875 0.0265625 0.05
1 0.0953125 0.88125 0.03125 0.02578125
0 0.290625 0.884375 0.16015625 0.2171875
0 0.5890625 0.0890625 0.028125 0.0359375
10 0.81171875 0.89765625 0.0390625 0.0421875
10 0.5515625 0.9015625 0.021875 0.01796875
10 0.40390625 0.903125 0.0203125 0.01171875
5 0.0953125 0.9125 0.03203125 0.02265625
10 0.71875 0.91328125 0.0390625 0.040625
5 0.81015625 0.93359375 0.028125 0.02578125
1 0.85234375 0.93515625 0.028125 0.02265625
10 0.5921875 0.93671875 0.03828125 0.0421875
5 0.0953125 0.94296875 0.03125 0.02890625
10 0.7046875 0.10234375 0.01953125 0.01953125
0 0.3 0.10546875 0.1640625 0.2046875
10 0.440625 0.10859375 0.0203125 0.01640625
10 0.46953125 0.109375 0.02265625 0.01796875
0 0.64921875 0.1265625 0.0609375 0.07109375
10 0.70546875 0.12734375 0.0203125 0.01484375
10 0.565625 0.13359375 0.03984375 0.040625
2 0.7609375 0.14921875 0.03125 0.02890625
5 0.815625 0.14921875 0.03046875 0.02890625
10 0.6046875 0.15703125 0.02265625 0.02109375
10 0.7890625 0.1578125 0.01171875 0.0390625