7 0.703125 0.26640625 0.0140625 0.015625
1 0.11015625 0.26796875 0.01328125 0.0109375
12 0.1453125 0.26796875 0.05703125 0.26015625
12 0.18046875 0.26953125 0.0109375 0.01640625
1 0.11015625 0.28046875 0.01328125 0.01015625
5 0.70859375 0.2828125 0.00546875 0.0125
12 0.18046875 0.28515625 0.0109375 0.01796875
1 0.7 0.2875 0.00625 0.01875
10 0.20703125 0.28828125 0.00859375 0.0078125
10 0.2234375 0.2890625 0.00859375 0.0078125
12 0.3796875 0.2890625 0.01015625 0.02734375
1 0.11015625 0.29296875 0.0125 0.0109375
12 0.71875 0.29453125 0.01015625 0.0671875
1 0.11015625 0.30703125 0.01328125 0.01015625
5 0.228125 0.3078125 0.0046875 0.01171875
5 0.23203125 0.3078125 0.00390625 0.01328125
5 0.23671875 0.3078125 0.00546875 0.01328125
10 0.5828125 0.30859375 0.0046875 0.01171875
6 0.67265625 0.31015625 0.04453125 0.0578125
6 0.6203125 0.31015625 0.059375 0.05859375
12 0.7484375 0.3171875 0.03515625 0.134375
12 0.43828125 0.3171875 0.0265625 0.040625
12 0.47734375 0.3171875 0.0265625 0.040625
11 0.4015625 0.32265625 0.04453125 0.0671875
12 0.51640625 0.32421875 0.0265625 0.03984375
12 0.55546875 0.325 0.0265625 0.040625
10 0.20234375 0.33046875 0.00625 0.01328125
0 0.2359375 0.33125 0.00703125 0.0234375
10 0.24296875 0.33671875 0.0046875 0.01171875
5 0.271875 0.34140625 0.0078125 0.00859375
5 0.28359375 0.3421875 0.0078125 0.009375
5 0.29609375 0.3421875 0.0078125 0.01015625
5 0.2296875 0.346875 0.0078125 0.00703125
5 0.2203125 0.34765625 0.00703125 0.00703125
10 0.203125 0.3515625 0.00546875 0.01171875
5 0.2203125 0.3546875 0.0078125 0.0078125
5 0.34765625 0.35546875 0.00625 0.0125
12 0.9046875 0.35625 0.10390625 0.271875
1 0.784375 0.35625 0.00625 0.0203125
12 0.578125 0.35703125 0.009375 0.015625
10 0.521875 0.3578125 0.01328125 0.01171875
10 0.40546875 0.359375 0.01171875 0.00703125
10 0.6203125 0.36171875 0.0046875 0.01328125
10 0.24375 0.3671875 0.00859375 0.00859375
5 0.77734375 0.36796875 0.00546875 0.01171875
10 0.21640625 0.36796875 0.0078125 0.00703125
10 0.5421875 0.37109375 0.0078125 0.0203125
5 0.34765625 0.37265625 0.00546875 0.01171875
1 0.78515625 0.3828125 0.00546875 0.01875
12 0.8390625 0.384375 0.01953125 0.02734375
5 0.34765625 0.390625 0.00625 0.01171875
10 0.2015625 0.390625 0.0046875 0.0125
10 0.20703125 0.39140625 0.0046875 0.0125
10 0.390625 0.39296875 0.01328125 0.0109375
10 0.6421875 0.39765625 0.00546875 0.01171875
10 0.5890625 0.39765625 0.0046875 0.01171875
10 0.68828125 0.40546875 0.0046875 0.0125
10 0.6015625 0.40546875 0.0046875 0.01171875
12 0.659375 0.40625 0.0109375 0.02890625
5 0.34765625 0.40703125 0.00625 0.0109375
0 0.615625 0.40703125 0.02421875 0.0265625
5 0.63125 0.4078125 0.0046875 0.01171875
5 0.24453125 0.409375 0.00546875 0.01171875
10 0.5890625 0.409375 0.0046875 0.01171875
11 0.2046875 0.41171875 0.05390625 0.0296875
10 0.70078125 0.4140625 0.00703125 0.01640625
12 0.0703125 0.41640625 0.0375 0.0578125
10 0.38984375 0.42421875 0.0140625 0.01171875
5 0.34765625 0.425 0.00546875 0.0125
5 0.10234375 0.43203125 0.00390625 0.01171875
5 0.63125 0.43359375 0.0046875 0.0125
0 0.75625 0.4390625 0.0125 0.01953125
5 0.34765625 0.4421875 0.00625 0.0125
12 0.13359375 0.44296875 0.0296875 0.03984375
12 0.6609375 0.44296875 0.0203125 0.0296875
1 0.09765625 0.44765625 0.01171875 0.01796875
12 0.73046875 0.45625 0.0125 0.02890625
5 0.10234375 0.46171875 0.0046875 0.01171875
12 0.2125 0.4671875 0.01171875 0.0296875
5 0.68046875 0.46875 0.00390625 0.01328125
10 0.74375 0.4703125 0.01015625 0.025
5 0.684375 0.4703125 0.00390625 0.0125
10 0.69375 0.47109375 0.0046875 0.01171875
5 0.65859375 0.47109375 0.00390625 0.01171875
5 0.66328125 0.47109375 0.00390625 0.0125
10 0.671875 0.47109375 0.00390625 0.01171875
5 0.67734375 0.47109375 0.00390625 0.01171875
5 0.66796875 0.47109375 0.00546875 0.0125
13 0.7015625 0.4734375 0.01796875 0.009375
0 0.5765625 0.47578125 0.028125 0.03515625
12 0.06953125 0.47578125 0.03828125 0.05703125
0 0.46953125 0.4828125 0.1375 0.20703125
12 0.19765625 0.4890625 0.02109375 0.01484375
0 0.75703125 0.48984375 0.0125 0.01953125
12 0.615625 0.4921875 0.02578125 0.0515625
5 0.1109375 0.4921875 0.00859375 0.00703125
10 0.17734375 0.49296875 0.0078125 0.00703125
10 0.18515625 0.49375 0.0078125 0.0078125
10 0.78359375 0.49765625 0.01796875 0.01484375
5 0.1109375 0.49921875 0.00859375 0.00703125
10 0.54921875 0.5 0.0125 0.0109375
12 0.134375 0.5015625 0.02890625 0.03984375
10 0.390625 0.503125 0.0140625 0.0125
5 0.1109375 0.50625 0.0078125 0.00703125
0 0.228125 0.50859375 0.028125 0.01640625
5 0.54609375 0.509375 0.0078125 0.00625
11 0.18125 0.509375 0.05234375 0.025
5 0.1109375 0.5125 0.00859375 0.00703125
0 0.5765625 0.5140625 0.02734375 0.0359375
5 0.5453125 0.5171875 0.00703125 0.0046875
0 0.6796875 0.51953125 0.05234375 0.07578125
5 0.1109375 0.51953125 0.0078125 0.00625
10 0.73203125 0.5203125 0.00859375 0.0078125
12 0.5015625 0.52421875 0.0546875 0.11875
5 0.1109375 0.5265625 0.00859375 0.00703125
1 0.065625 0.5265625 0.0609375 0.04453125
0 0.89375 0.5265625 0.01875 0.03515625
12 0.75859375 0.5296875 0.0203125 0.015625
10 0.16015625 0.5296875 0.0078125 0.0125
12 0.64140625 0.5328125 0.01796875 0.05078125
10 0.7234375 0.534375 0.0046875 0.01171875
10 0.38984375 0.53515625 0.0140625 0.0125
0 0.92890625 0.5421875 0.04609375 0.07421875
7 0.61640625 0.54296875 0.0234375 0.04375
10 0.87734375 0.54375 0.0109375 0.025
5 0.76171875 0.54453125 0.0046875 0.0125
10 0.38984375 0.54765625 0.01328125 0.0125
10 0.8875 0.55234375 0.009375 0.0078125
10 0.8234375 0.55390625 0.0109375 0.025
0 0.578125 0.55546875 0.0265625 0.03515625
5 0.346875 0.559375 0.00546875 0.01171875
10 0.38984375 0.5609375 0.0140625 0.0125
5 0.134375 0.565625 0.01328125 0.01953125
12 0.740625 0.5703125 0.03515625 0.01171875
10 0.878125 0.57421875 0.0109375 0.025
0 0.89453125 0.578125 0.0171875 0.0328125
5 0.346875 0.57890625 0.00546875 0.01171875
10 0.68203125 0.5828125 0.0140625 0.03203125
10 0.665625 0.58359375 0.01328125 0.03125
0 0.20078125 0.58515625 0.084375 0.09296875
5 0.13515625 0.58828125 0.0125 0.0203125
10 0.921875 0.58984375 0.01796875 0.01484375
10 0.940625 0.590625 0.01640625 0.01640625
10 0.39921875 0.5921875 0.0046875 0.0125
10 0.40390625 0.5921875 0.00390625 0.0125
10 0.49375 0.59296875 0.01328125 0.01015625
0 0.8171875 0.59375 0.01328125 0.01875
10 0.80703125 0.59453125 0.009375 0.00703125
12 0.746875 0.5953125 0.03203125 0.0375
12 0.08203125 0.59609375 0.0875 0.08671875
0 0.7859375 0.59609375 0.0140625 0.01953125
5 0.346875 0.59609375 0.00546875 0.0125
0 0.64609375 0.6 0.02578125 0.02578125
10 0.61015625 0.6015625 0.01328125 0.0109375
10 0.80390625 0.61171875 0.0171875 0.01640625
10 0.5859375 0.61328125 0.0046875 0.0109375
10 0.61015625 0.61328125 0.01328125 0.01171875
10 0.4703125 0.6140625 0.00703125 0.01953125
5 0.346875 0.6140625 0.00546875 0.0109375
10 0.66328125 0.61484375 0.0046875 0.0109375
10 0.66796875 0.61484375 0.0046875 0.01171875
12 0.7265625 0.61484375 0.0078125 0.05625
12 0.70546875 0.61796875 0.03359375 0.10625
10 0.55625 0.61953125 0.00859375 0.00859375
0 0.13984375 0.62109375 0.025 0.04609375
12 0.440625 0.6234375 0.02578125 0.0390625
12 0.40078125 0.62421875 0.02578125 0.040625
10 0.61015625 0.6265625 0.0125 0.0109375
12 0.7421875 0.62890625 0.02109375 0.028125
10 0.66640625 0.6296875 0.01015625 0.009375
12 0.68359375 0.63046875 0.01015625 0.03125
0 0.89375 0.63203125 0.01875 0.0328125
5 0.346875 0.6328125 0.00546875 0.0109375
10 0.61015625 0.63828125 0.01328125 0.0109375
5 0.346875 0.64765625 0.00625 0.0109375
5 0.09765625 0.65078125 0.0046875 0.01171875
10 0.878125 0.65078125 0.01171875 0.025
0 0.93046875 0.65078125 0.0453125 0.075
0 0.15703125 0.65234375 0.0140625 0.01640625
0 0.859375 0.653125 0.0296875 0.0578125
10 0.88828125 0.65859375 0.01015625 0.00625
0 0.2046875 0.671875 0.0484375 0.05625
5 0.278125 0.678125 0.01484375 0.0109375
10 0.878125 0.68125 0.01171875 0.0265625
0 0.89375 0.68359375 0.01953125 0.034375
10 0.2703125 0.68828125 0.00703125 0.00625
10 0.2859375 0.68828125 0.0078125 0.0078125
0 0.240625 0.69609375 0.0109375 0.0203125
10 0.921875 0.696875 0.0171875 0.01640625
12 0.25703125 0.69765625 0.01875 0.025
1 0.775 0.69765625 0.00703125 0.0203125
10 0.940625 0.6984375 0.01796875 0.015625
5 0.16015625 0.69921875 0.0078125 0.00703125
10 0.15234375 0.71640625 0.0078125 0.02109375
12 0.31328125 0.725 0.02578125 0.04140625
12 0.353125 0.725 0.02578125 0.0421875
10 0.853125 0.72578125 0.01640625 0.015625
12 0.3921875 0.72578125 0.0171875 0.09765625
0 0.88046875 0.73515625 0.01328125 0.02109375
1 0.72578125 0.74296875 0.00703125 0.01953125
12 0.05546875 0.74375 0.0890625 0.20625
1 0.775 0.74375 0.00703125 0.01953125
11 0.27734375 0.74453125 0.021875 0.08359375
1 0.8234375 0.7453125 0.00625 0.01953125
0 0.20390625 0.7515625 0.07578125 0.0734375
10 0.89296875 0.7546875 0.0109375 0.0265625
10 0.15546875 0.7546875 0.00859375 0.0078125
10 0.884375 0.76015625 0.0046875 0.01484375
0 0.88203125 0.78203125 0.01328125 0.02109375
1 0.775 0.790625 0.00625 0.01953125
12 0.8703125 0.17578125 0.03828125 0.05234375
1 0.934375 0.17578125 0.009375 0.028125
1 0.92109375 0.1765625 0.0125 0.00859375
12 0.21015625 0.18671875 0.0109375 0.015625
12 0.3359375 0.1890625 0.23515625 0.08046875
1 0.92109375 0.1890625 0.0125 0.009375
12 0.5765625 0.18984375 0.23203125 0.0796875
12 0.7140625 0.19453125 0.02421875 0.1140625
5 0.93671875 0.19453125 0.0078125 0.0078125
6 0.8765625 0.19609375 0.05078125 0.128125
12 0.93515625 0.20703125 0.0109375 0.015625
1 0.8546875 0.21015625 0.0125 0.009375
1 0.11015625 0.21484375 0.0140625 0.0109375
1 0.11015625 0.228125 0.01328125 0.01015625
1 0.11015625 0.240625 0.01484375 0.0125
12 0.18046875 0.25390625 0.01171875 0.015625
1 0.11015625 0.2546875 0.0140625 0.01015625
12 0.2078125 0.26015625 0.0109375 0.0140625
12 0.19140625 0.26015625 0.01328125 0.10703125