12 0.496875 0.05546875 0.96640625 0.0953125
12 0.35078125 0.23359375 0.09140625 0.04765625
10 0.81953125 0.26796875 0.04140625 0.02109375
10 0.696875 0.35703125 0.103125 0.0625
10 0.58671875 0.3921875 0.03671875 0.071875
5 0.434375 0.43203125 0.01796875 0.0375
2 0.37578125 0.4734375 0.025 0.05234375
5 0.43515625 0.46796875 0.0203125 0.034375
2 0.52734375 0.46875 0.025 0.05546875
7 0.73359375 0.47421875 0.046875 0.040625
10 0.4421875 0.49921875 0.03515625 0.02109375
5 0.48046875 0.4984375 0.03828125 0.01953125
5 0.50859375 0.5609375 0.0234375 0.0390625
5 0.4328125 0.528125 0.021875 0.0359375
5 0.7296875 0.51640625 0.03984375 0.01953125
5 0.771875 0.54765625 0.01640625 0.0390625
5 0.7984375 0.54921875 0.0203125 0.0359375
5 0.35234375 0.5703125 0.03828125 0.01953125
12 0.04296875 0.65703125 0.06328125 0.14453125
10 0.5265625 0.7109375 0.06328125 0.1
5 0.33203125 0.7609375 0.0203125 0.0390625
5 0.36484375 0.7625 0.0234375 0.04296875
5 0.509375 0.7765625 0.03828125 0.02109375
0 0.515625 0.815625 0.0546875 0.05078125
10 0.78984375 0.809375 0.1 0.0640625
12 0.49765625 0.946875 0.95859375 0.08671875