12 0.07421875 0.184375 0.01171875 0.13515625
12 0.0734375 0.3203125 0.02734375 0.015625
10 0.16640625 0.09765625 0.0140625 0.0359375
10 0.21953125 0.5140625 0.01015625 0.00859375
12 0.9109375 0.73828125 0.06796875 0.09453125
5 0.85859375 0.7375 0.01171875 0.0109375
5 0.871875 0.73125 0.009375 0.01640625
5 0.8828125 0.7375 0.01171875 0.01171875
12 0.91171875 0.31953125 0.03359375 0.18828125
12 0.9125 0.51875 0.0328125 0.18984375
10 0.67421875 0.25703125 0.01328125 0.03203125
10 0.70859375 0.27421875 0.01328125 0.03046875
10 0.6734375 0.40390625 0.01328125 0.0296875
10 0.45 0.09921875 0.01328125 0.03203125