1 0.3578125 0.27265625 0.00703125 0.02890625
12 0.8453125 0.278125 0.0171875 0.1515625
12 0.6703125 0.2828125 0.0171875 0.05234375
12 0.1953125 0.28359375 0.01640625 0.03046875
12 0.65 0.2828125 0.01796875 0.053125
12 0.75546875 0.29453125 0.03125 0.03046875
1 0.3578125 0.30234375 0.00625 0.02421875
10 0.2984375 0.3328125 0.0078125 0.02109375
10 0.28984375 0.33515625 0.0078125 0.021875
10 0.28125 0.33515625 0.0078125 0.0203125
5 0.3921875 0.35703125 0.01484375 0.0125
5 0.24296875 0.3609375 0.01328125 0.0109375
10 0.2578125 0.36328125 0.0140625 0.0109375
5 0.39296875 0.36953125 0.01484375 0.0109375
5 0.24296875 0.371875 0.0140625 0.009375
0 0.28828125 0.3796875 0.04296875 0.06328125
10 0.31875 0.38046875 0.0078125 0.0203125
5 0.24296875 0.3828125 0.0140625 0.0109375
10 0.2578125 0.3921875 0.0140625 0.01015625
5 0.24296875 0.39375 0.0140625 0.01015625
5 0.32109375 0.39609375 0.01484375 0.01171875
12 0.0953125 0.39609375 0.04375 0.0796875
10 0.55078125 0.40390625 0.0140625 0.01015625
5 0.24296875 0.4046875 0.01484375 0.01171875
10 0.4203125 0.40390625 0.015625 0.0109375
12 0.8546875 0.41015625 0.0953125 0.0765625
10 0.31484375 0.4125 0.00703125 0.0203125
1 0.70390625 0.41171875 0.0171875 0.0109375
1 0.6375 0.4125 0.0171875 0.01015625
10 0.36328125 0.41328125 0.009375 0.0265625
12 0.38125 0.41484375 0.01875 0.053125
10 0.3296875 0.41484375 0.009375 0.02734375
10 0.35234375 0.415625 0.00859375 0.02109375
10 0.55 0.41875 0.01484375 0.009375
10 0.4015625 0.41953125 0.0171875 0.0375
10 0.56796875 0.41953125 0.0171875 0.040625
10 0.4203125 0.41953125 0.01484375 0.009375
10 0.28203125 0.42578125 0.0078125 0.0203125
10 0.303125 0.425 0.00859375 0.02109375
5 0.23203125 0.43515625 0.00703125 0.01953125
10 0.4203125 0.43515625 0.015625 0.009375
10 0.55 0.43515625 0.01484375 0.0109375
5 0.2734375 0.44140625 0.0140625 0.01015625
1 0.1890625 0.44140625 0.01640625 0.009375
1 0.16640625 0.44140625 0.0171875 0.0109375
5 0.13046875 0.45390625 0.00703125 0.0203125
5 0.13125 0.47578125 0.00859375 0.02265625
10 0.553125 0.48125 0.0078125 0.0203125
10 0.57578125 0.48203125 0.01484375 0.01015625
10 0.4171875 0.4828125 0.00703125 0.0203125
10 0.40703125 0.48203125 0.00703125 0.01953125
10 0.5625 0.48203125 0.00703125 0.01953125
10 0.39453125 0.4828125 0.015625 0.0109375
5 0.31015625 0.49609375 0.00703125 0.01953125
5 0.28984375 0.49765625 0.0078125 0.0203125
10 0.57578125 0.496875 0.01640625 0.009375
10 0.3953125 0.49765625 0.01484375 0.0109375
10 0.553125 0.5015625 0.00703125 0.01875
10 0.5625 0.5015625 0.00703125 0.0203125
10 0.4078125 0.503125 0.00546875 0.01796875
10 0.4171875 0.503125 0.00625 0.0203125
12 0.85546875 0.50859375 0.096875 0.0765625
10 0.57578125 0.51171875 0.01484375 0.00859375
10 0.3953125 0.5125 0.01484375 0.0109375
0 0.48515625 0.5125 0.11484375 0.17109375
1 0.2140625 0.51484375 0.0078125 0.02421875
5 0.31015625 0.5171875 0.00859375 0.02109375
5 0.28984375 0.51875 0.0078125 0.021875
10 0.553125 0.52265625 0.00703125 0.0203125
10 0.5625 0.521875 0.00703125 0.01796875
10 0.4078125 0.52265625 0.00625 0.0203125
10 0.4171875 0.52265625 0.00703125 0.01953125
10 0.57578125 0.5265625 0.01484375 0.00859375
10 0.3953125 0.528125 0.01484375 0.01015625
10 0.56328125 0.54140625 0.00703125 0.01953125
10 0.57578125 0.54140625 0.01484375 0.0109375
10 0.3953125 0.5421875 0.015625 0.0109375
10 0.40703125 0.54296875 0.00703125 0.0203125
10 0.41640625 0.5421875 0.00703125 0.01953125
10 0.553125 0.5421875 0.00703125 0.01953125
5 0.41328125 0.56484375 0.01484375 0.0125
12 0.11015625 0.57109375 0.0953125 0.159375
5 0.4109375 0.58203125 0.01484375 0.01171875
5 0.42421875 0.5828125 0.00703125 0.02109375
5 0.39609375 0.5828125 0.0140625 0.0109375
5 0.6703125 0.58515625 0.00859375 0.02109375
5 0.4109375 0.59375 0.01484375 0.0109375
10 0.4359375 0.60546875 0.01328125 0.01015625
10 0.534375 0.6046875 0.01484375 0.009375
12 0.85625 0.609375 0.09765625 0.0765625
5 0.50625 0.615625 0.0046875 0.01328125
5 0.5140625 0.615625 0.00625 0.0140625
5 0.49296875 0.61640625 0.01484375 0.01171875
5 0.21171875 0.615625 0.00703125 0.02265625
5 0.1953125 0.6171875 0.0078125 0.021875
10 0.20390625 0.6171875 0.0078125 0.0234375
5 0.4703125 0.61640625 0.00625 0.015625
5 0.46484375 0.6171875 0.0046875 0.01328125
10 0.534375 0.6171875 0.0140625 0.01171875
10 0.4359375 0.61796875 0.0140625 0.01171875
5 0.4796875 0.61796875 0.0046875 0.0140625
10 0.534375 0.628125 0.01484375 0.0109375
1 0.37109375 0.62890625 0.01796875 0.0109375
10 0.4359375 0.6296875 0.0140625 0.01328125
1 0.278125 0.6296875 0.01640625 0.0109375
1 0.325 0.6296875 0.0171875 0.0125
1 0.23046875 0.63046875 0.0171875 0.0109375
10 0.521875 0.65 0.0078125 0.0203125
10 0.44921875 0.65 0.00859375 0.0203125
10 0.44921875 0.6703125 0.0078125 0.02109375
10 0.521875 0.6703125 0.00703125 0.01953125
10 0.521875 0.6921875 0.0078125 0.0203125
10 0.44921875 0.6921875 0.0078125 0.0203125
10 0.4203125 0.70546875 0.0140625 0.01328125
5 0.6046875 0.7109375 0.01484375 0.01015625
5 0.7375 0.7109375 0.0140625 0.01171875
10 0.44140625 0.7125 0.0078125 0.01953125
10 0.53046875 0.7125 0.0078125 0.021875
10 0.45 0.7125 0.00703125 0.0203125
0 0.4859375 0.71328125 0.06328125 0.14453125
10 0.521875 0.71328125 0.00703125 0.0203125
10 0.4203125 0.71796875 0.0140625 0.0109375
5 0.6046875 0.721875 0.0140625 0.0125
5 0.7375 0.721875 0.01484375 0.0109375
6 0.3703125 0.73046875 0.04140625 0.12578125
6 0.27734375 0.73203125 0.040625 0.12578125
6 0.3234375 0.73125 0.040625 0.1234375
6 0.23125 0.73359375 0.04296875 0.12890625
10 0.521875 0.73359375 0.0078125 0.01953125
10 0.45 0.73359375 0.00703125 0.01953125
5 0.7375 0.734375 0.01484375 0.0109375
5 0.6046875 0.73515625 0.0140625 0.01015625
5 0.6046875 0.7453125 0.0140625 0.0109375
5 0.7375 0.746875 0.01484375 0.01171875
10 0.5296875 0.75390625 0.00703125 0.021875
10 0.44140625 0.75390625 0.00859375 0.02109375
10 0.45078125 0.7546875 0.00703125 0.0203125
10 0.521875 0.7546875 0.0078125 0.021875
12 0.8609375 0.7640625 0.096875 0.15859375
12 0.128125 0.765625 0.1078125 0.1515625
10 0.521875 0.7765625 0.00859375 0.02109375
10 0.45 0.7765625 0.00703125 0.021875
10 0.49375 0.7921875 0.01484375 0.0109375
10 0.478125 0.79296875 0.01484375 0.01171875
12 0.71640625 0.88359375 0.10859375 0.14296875
12 0.56328125 0.8859375 0.10625 0.14375
12 0.4109375 0.88671875 0.1046875 0.14375
12 0.25625 0.88828125 0.1046875 0.1421875
12 0.15 0.90859375 0.03515625 0.02734375
12 0.7015625 0.13125 0.2078125 0.2234375
12 0.4171875 0.14453125 0.10078125 0.140625
12 0.19765625 0.1640625 0.06328125 0.15859375
10 0.496875 0.16640625 0.0078125 0.02109375
0 0.5390625 0.18203125 0.07265625 0.103125
5 0.49765625 0.19921875 0.00859375 0.0234375
12 0.28828125 0.2 0.1109375 0.228125
5 0.49765625 0.2328125 0.00859375 0.02265625
6 0.103125 0.25390625 0.04375 0.12578125
12 0.1765625 0.2546875 0.01875 0.0203125