2 0.0421875 0.321875 0.021875 0.01953125
2 0.0421875 0.36875 0.021875 0.01796875
2 0.12265625 0.2359375 0.02109375 0.021875
2 0.18828125 0.2359375 0.02109375 0.021875
2 0.34375 0.51796875 0.009375 0.0375
2 0.3734375 0.61171875 0.01015625 0.0375
2 0.384375 0.659375 0.009375 0.0375
2 0.39140625 0.63125 0.01953125 0.01796875
2 0.49140625 0.49609375 0.01015625 0.0375
2 0.5125 0.49296875 0.01171875 0.03984375
2 0.49453125 0.7265625 0.01171875 0.04609375
2 0.5078125 0.7296875 0.01015625 0.04375
2 0.5109375 0.58125 0.021875 0.01796875
2 0.52578125 0.54375 0.021875 0.021875
2 0.653125 0.525 0.01015625 0.03984375
2 0.66640625 0.52421875 0.01171875 0.04140625
2 0.64296875 0.5765625 0.021875 0.01953125
2 0.68828125 0.44921875 0.01171875 0.03984375
2 0.71796875 0.6375 0.0078125 0.03359375
2 0.096875 0.75078125 0.02109375 0.01796875
2 0.13046875 0.71953125 0.009375 0.0359375
2 0.13125 0.6828125 0.01015625 0.03359375
1 0.0546875 0.2671875 0.0125 0.0375
1 0.13125 0.26171875 0.01953125 0.021875
1 0.1140625 0.290625 0.0125 0.0359375
1 0.13828125 0.3359375 0.0125 0.03984375
1 0.20390625 0.325 0.01953125 0.021875
1 0.18984375 0.41015625 0.0234375 0.021875
1 0.196875 0.4828125 0.02109375 0.02421875
1 0.228125 0.3609375 0.01171875 0.0375
1 0.2625 0.23671875 0.059375 0.059375
1 0.24375 0.43203125 0.01953125 0.021875
1 0.2421875 0.484375 0.02109375 0.021875
1 0.28203125 0.63515625 0.021875 0.021875
1 0.26171875 0.734375 0.0578125 0.06171875
1 0.3625 0.734375 0.0578125 0.065625
1 0.32578125 0.46796875 0.021875 0.021875
1 0.2890625 0.41953125 0.0125 0.0359375
1 0.29140625 0.5328125 0.01015625 0.03203125
1 0.44296875 0.615625 0.02109375 0.021875
1 0.4578125 0.5875 0.0125 0.0375
1 0.38984375 0.52109375 0.01953125 0.02421875
1 0.40078125 0.4890625 0.021875 0.02421875
1 0.3625 0.4671875 0.0234375 0.01953125
1 0.35703125 0.4390625 0.0125 0.0359375
2 0.3625 0.38828125 0.01171875 0.0375
1 0.36484375 0.23671875 0.0578125 0.059375
1 0.41640625 0.42265625 0.0140625 0.04140625
1 0.490625 0.2703125 0.0234375 0.02421875
1 0.63046875 0.23125 0.021875 0.021875
1 0.7171875 0.26171875 0.01484375 0.04140625
1 0.8953125 0.3234375 0.0125 0.0375
1 0.65625 0.453125 0.02109375 0.01953125
1 0.62421875 0.471875 0.021875 0.021875
1 0.70625 0.559375 0.01875 0.021875
1 0.5953125 0.7046875 0.0125 0.0375
1 0.66875 0.7484375 0.01953125 0.021875
1 0.60625 0.625 0.0125 0.0375
1 0.621875 0.59609375 0.01953125 0.02421875
2 0.0859375 0.43671875 0.028125 0.04140625
2 0.12890625 0.50234375 0.02421875 0.05
2 0.1125 0.5796875 0.02890625 0.04140625
2 0.54609375 0.69609375 0.0484375 0.0515625
2 0.690625 0.50078125 0.02421875 0.04765625
2 0.7203125 0.51015625 0.01953125 0.01796875
0 0.65546875 0.659375 0.08828125 0.09375
2 0.6234375 0.41640625 0.01015625 0.0375
2 0.63515625 0.415625 0.009375 0.0359375
2 0.646875 0.4171875 0.009375 0.03984375
2 0.65859375 0.4171875 0.009375 0.0359375
1 0.1828125 0.59765625 0.0140625 0.0375
1 0.20078125 0.55390625 0.021875 0.021875
1 0.21015625 0.521875 0.01953125 0.021875
1 0.1984375 0.4484375 0.021875 0.021875
1 0.246875 0.61953125 0.0125 0.0375
1 0.27578125 0.5765625 0.021875 0.02421875
1 0.225 0.72578125 0.0125 0.03984375
1 0.2953125 0.6140625 0.0234375 0.02421875
1 0.33671875 0.665625 0.02109375 0.02421875
1 0.35390625 0.65703125 0.0125 0.04140625
1 0.25234375 0.52109375 0.0234375 0.02421875
1 0.2640625 0.484375 0.0234375 0.021875
1 0.26484375 0.43125 0.02109375 0.02421875
1 0.1796875 0.32734375 0.0140625 0.0375
1 0.04296875 0.2984375 0.02109375 0.01953125
1 0.2 0.35390625 0.021875 0.01953125
1 0.196875 0.3765625 0.0234375 0.021875
1 0.28984375 0.32421875 0.0125 0.03984375
1 0.3 0.2875 0.021875 0.02578125
1 0.32734375 0.28828125 0.02109375 0.01953125
1 0.3796875 0.30234375 0.0234375 0.02421875
1 0.31171875 0.3578125 0.01171875 0.0359375
1 0.30078125 0.39765625 0.01171875 0.03984375
1 0.32109375 0.39921875 0.0125 0.03984375
1 0.334375 0.3984375 0.0140625 0.0375
1 0.3921875 0.35703125 0.02109375 0.021875
1 0.37890625 0.390625 0.021875 0.021875
1 0.396875 0.40390625 0.0140625 0.03984375
1 0.3984375 0.453125 0.0140625 0.03984375
1 0.28984375 0.45703125 0.0125 0.03984375
1 0.29140625 0.496875 0.0125 0.03203125
1 0.309375 0.51796875 0.0125 0.0375
1 0.715625 0.5953125 0.0125 0.04140625
1 0.6390625 0.74765625 0.0234375 0.02421875
1 0.70390625 0.6609375 0.01171875 0.0375
1 0.66640625 0.5609375 0.02109375 0.01953125
1 0.63515625 0.54140625 0.021875 0.021875
1 0.8546875 0.3328125 0.021875 0.021875
1 0.30703125 0.434375 0.02109375 0.021875
1 0.4171875 0.56484375 0.0125 0.03984375
