1 0.63671875 0.6984375 0.00625 0.0171875
1 0.659375 0.7015625 0.00625 0.01796875
1 0.690625 0.7078125 0.00859375 0.0125
1 0.2625 0.671875 0.009375 0.01171875
1 0.8515625 0.72734375 0.01796875 0.015625
1 0.5984375 0.7046875 0.00625 0.01953125
1 0.71484375 0.7265625 0.01015625 0.01171875
1 0.61484375 0.71875 0.009375 0.0125
1 0.69921875 0.7265625 0.00859375 0.01015625
1 0.8390625 0.740625 0.00546875 0.0171875
1 0.4734375 0.7078125 0.009375 0.03125
1 0.50234375 0.7109375 0.009375 0.03125
1 0.45390625 0.70625 0.009375 0.03125
1 0.4828125 0.70859375 0.009375 0.03125
1 0.49375 0.71015625 0.009375 0.03125
1 0.21953125 0.68515625 0.00625 0.01640625
1 0.38515625 0.7 0.009375 0.03125
1 0.3953125 0.70078125 0.009375 0.03125
1 0.4046875 0.7015625 0.009375 0.03125
1 0.434375 0.70546875 0.009375 0.03125
1 0.44453125 0.70625 0.009375 0.03125
1 0.4640625 0.7078125 0.009375 0.03125
1 0.2296875 0.68671875 0.00546875 0.0171875
1 0.415625 0.7046875 0.009375 0.03125
1 0.42421875 0.70546875 0.009375 0.03125
1 0.2375 0.6921875 0.00625 0.01640625
2 0.17890625 0.6953125 0.0171875 0.01640625
0 0.29296875 0.71875 0.02734375 0.0515625
2 0.17890625 0.7125 0.0171875 0.01640625
2 0.84140625 0.79453125 0.00859375 0.0296875
1 0.04921875 0.7859375 0.0125 0.046875
2 0.25546875 0.8390625 0.01796875 0.01484375
2 0.25546875 0.85859375 0.01953125 0.01640625
1 0.8421875 0.91796875 0.009375 0.01015625
1 0.84609375 0.93515625 0.01953125 0.01640625
2 0.171875 0.8734375 0.009375 0.03125
2 0.2265625 0.8796875 0.0109375 0.03125
2 0.1171875 0.86953125 0.00859375 0.034375
0 0.25625 0.884375 0.01484375 0.028125
2 0.25390625 0.9109375 0.01796875 0.0203125
1 0.8765625 0.9734375 0.0578125 0.05078125
2 0.91484375 0.13359375 0.009375 0.03203125
2 0.246875 0.08984375 0.01953125 0.015625
2 0.18515625 0.08515625 0.00859375 0.03515625
2 0.2765625 0.09609375 0.028125 0.06640625
1 0.81484375 0.1953125 0.00859375 0.01171875
2 0.05703125 0.13671875 0.0171875 0.01640625
2 0.2671875 0.1609375 0.01796875 0.01484375
1 0.21953125 0.16875 0.02734375 0.02109375
1 0.30546875 0.17890625 0.01796875 0.01484375
1 0.91171875 0.246875 0.01796875 0.015625
1 0.9078125 0.2609375 0.00859375 0.009375
1 0.18984375 0.2 0.02578125 0.02109375
1 0.14140625 0.20625 0.00859375 0.00859375
2 0.31875 0.2296875 0.01796875 0.01640625
2 0.28984375 0.234375 0.01953125 0.015625
2 0.32578125 0.24765625 0.01640625 0.01640625
1 0.31015625 0.2734375 0.00859375 0.01015625
1 0.4984375 0.32578125 0.00625 0.0171875
1 0.75625 0.35703125 0.00625 0.015625
1 0.65625 0.35078125 0.00625 0.01640625
2 0.3140625 0.01484375 0.01796875 0.01953125
1 0.53046875 0.34375 0.01796875 0.07109375
2 0.72421875 0.36171875 0.00859375 0.03203125
2 0.734375 0.36328125 0.00859375 0.03125
2 0.74375 0.36484375 0.01015625 0.03203125
2 0.71484375 0.36171875 0.00859375 0.03359375
2 0.7046875 0.36171875 0.00859375 0.03125
2 0.68515625 0.359375 0.00859375 0.03046875
2 0.6953125 0.3609375 0.00859375 0.03046875
2 0.32578125 0.33125 0.0171875 0.0171875
1 0.4875 0.36171875 0.00859375 0.03125
1 0.43828125 0.35703125 0.00859375 0.03125
1 0.4578125 0.359375 0.00859375 0.03125
1 0.47734375 0.3609375 0.00859375 0.03125
1 0.49765625 0.3625 0.00859375 0.03125
1 0.5171875 0.36484375 0.00859375 0.03125
1 0.38984375 0.353125 0.00859375 0.03125
1 0.409375 0.3546875 0.00859375 0.03125
1 0.41953125 0.35546875 0.00859375 0.03125
1 0.42890625 0.35703125 0.00859375 0.03125
1 0.35 0.35078125 0.00859375 0.03125
1 0.36015625 0.3515625 0.00859375 0.03125
1 0.3703125 0.35234375 0.00859375 0.03125
1 0.3796875 0.35390625 0.00859375 0.03125
2 0.32578125 0.3546875 0.0203125 0.01328125
2 0.9109375 0.41015625 0.009375 0.03125
1 0.7234375 0.39375 0.009375 0.01171875
1 0.7078125 0.3921875 0.00859375 0.01015625
1 0.66171875 0.3890625 0.00859375 0.01328125
1 0.615625 0.3859375 0.009375 0.01171875
1 0.6296875 0.4 0.0046875 0.01484375
1 0.66171875 0.40546875 0.0078125 0.01015625
1 0.64609375 0.40703125 0.00859375 0.009375
1 0.18828125 0.375 0.02578125 0.02265625
1 0.36484375 0.3921875 0.01796875 0.01484375
2 0.2890625 0.3875 0.01796875 0.01640625
2 0.4609375 0.40390625 0.0078125 0.03125
1 0.63359375 0.42265625 0.00859375 0.009375
1 0.6796875 0.428125 0.01015625 0.01171875
2 0.55390625 0.421875 0.01796875 0.01640625
1 0.06328125 0.38046875 0.009375 0.01171875
2 0.0453125 0.37890625 0.0265625 0.021875
1 0.3640625 0.4109375 0.01796875 0.015625
1 0.61875 0.434375 0.00859375 0.009375
1 0.2140625 0.41015625 0.0265625 0.021875
1 0.36328125 0.42734375 0.01796875 0.015625
2 0.459375 0.43671875 0.00859375 0.0296875
1 0.55234375 0.45078125 0.01796875 0.015625
2 0.675 0.46796875 0.01875 0.0171875
1 0.36328125 0.446875 0.01796875 0.015625
2 0.55234375 0.46875 0.01796875 0.01484375
1 0.4796875 0.46484375 0.01796875 0.01484375
2 0.871875 0.5078125 0.01796875 0.015625
1 0.3625 0.46328125 0.01796875 0.015625
1 0.440625 0.471875 0.01796875 0.01640625
1 0.5515625 0.4875 0.01796875 0.015625
1 0.678125 0.50234375 0.01015625 0.009375
1 0.10234375 0.4546875 0.01796875 0.01640625
1 0.36171875 0.48046875 0.01796875 0.015625
1 0.4890625 0.49375 0.009375 0.01171875
1 0.89921875 0.53671875 0.0109375 0.01015625
2 0.55078125 0.5046875 0.01796875 0.0140625
1 0.63828125 0.51328125 0.00625 0.0171875
1 0.6234375 0.5125 0.00703125 0.01640625
1 0.8828125 0.084375 0.05625 0.053125
1 0.66328125 0.51875 0.00703125 0.01640625
1 0.60234375 0.51953125 0.00625 0.01640625
1 0.36171875 0.4984375 0.01796875 0.015625
1 0.29453125 0.49453125 0.00625 0.01796875
1 0.55078125 0.521875 0.01796875 0.015625
1 0.2296875 0.4921875 0.00625 0.0171875
1 0.2546875 0.49453125 0.00546875 0.015625
2 0.68515625 0.53515625 0.009375 0.03125
1 0.2203125 0.49140625 0.00625 0.01640625
1 0.24921875 0.49375 0.00625 0.015625
1 0.9015625 0.55625 0.01875 0.015625
1 0.315625 0.503125 0.01796875 0.0703125
1 0.69609375 0.53984375 0.01015625 0.009375
1 0.7125 0.54140625 0.01015625 0.0125
2 0.12890625 0.48984375 0.01875 0.01484375
2 0.20078125 0.496875 0.009375 0.03125
2 0.028125 0.48046875 0.01015625 0.03515625
1 0.55 0.5390625 0.01796875 0.015625
1 0.525 0.5375 0.01796875 0.015625
1 0.484375 0.534375 0.01796875 0.0171875
1 0.50234375 0.5359375 0.01796875 0.01640625
1 0.45390625 0.53125 0.01796875 0.0171875
1 0.4265625 0.5296875 0.01796875 0.015625
2 0.265625 0.5140625 0.01796875 0.01640625
1 0.55 0.55703125 0.01796875 0.015625
2 0.84609375 0.5875 0.00859375 0.03203125
1 0.71953125 0.57890625 0.009375 0.0125
1 0.703125 0.578125 0.0109375 0.0125
1 0.19453125 0.53125 0.00859375 0.009375
1 0.6109375 0.57109375 0.01015625 0.01015625
1 0.36015625 0.55 0.01796875 0.015625
1 0.45546875 0.56015625 0.009375 0.03203125
1 0.434375 0.5625 0.009375 0.03046875
1 0.625 0.58515625 0.00546875 0.01796875
1 0.675 0.59296875 0.009375 0.01015625
1 0.64140625 0.59140625 0.01015625 0.01171875
1 0.26875 0.5578125 0.009375 0.01328125
2 0.19140625 0.5515625 0.01796875 0.015625
1 0.36015625 0.5671875 0.01796875 0.015625
1 0.48671875 0.5796875 0.00859375 0.03203125
1 0.6640625 0.6 0.01015625 0.009375
1 0.4546875 0.59140625 0.009375 0.03125
1 0.54921875 0.60078125 0.01796875 0.015625
1 0.62890625 0.6078125 0.01015625 0.0125
1 0.359375 0.58515625 0.01796875 0.015625
1 0.19296875 0.57109375 0.00859375 0.01015625
1 0.43203125 0.59453125 0.00859375 0.03125
1 0.4859375 0.60390625 0.0078125 0.01015625
1 0.26484375 0.584375 0.0171875 0.01640625
1 0.61328125 0.61953125 0.01015625 0.01328125
1 0.5484375 0.6171875 0.01796875 0.01640625
1 0.19296875 0.58515625 0.01796875 0.01640625
1 0.359375 0.60234375 0.01796875 0.015625
1 0.49375 0.62578125 0.00859375 0.03203125
1 0.54765625 0.6359375 0.01796875 0.01640625
1 0.359375 0.61953125 0.01796875 0.015625
1 0.2546875 0.61875 0.01015625 0.01328125
1 0.3578125 0.6375 0.01796875 0.015625
1 0.21796875 0.62578125 0.00625 0.015625
1 0.23125 0.62734375 0.00546875 0.015625
2 0.7328125 0.684375 0.009375 0.03203125
1 0.3578125 0.6546875 0.01796875 0.015625
1 0.6734375 0.6875 0.009375 0.01171875
