1 0.66328125 0.34765625 0.0078125 0.00546875
1 0.5234375 0.34453125 0.0078125 0.00546875
2 0.79609375 0.353125 0.00234375 0.01015625
2 0.76875 0.35390625 0.003125 0.01015625
2 0.93359375 0.3640625 0.00234375 0.01015625
2 0.9203125 0.36328125 0.00234375 0.009375
2 0.94375 0.3640625 0.00234375 0.009375
2 0.96953125 0.36484375 0.00234375 0.009375
2 0.4453125 0.353125 0.00390625 0.0109375
1 0.484375 0.35390625 0.003125 0.01171875
1 0.48984375 0.3546875 0.003125 0.0109375
2 0.5203125 0.365625 0.0078125 0.00546875
0 0.590625 0.37265625 0.115625 0.16171875
1 0.5203125 0.37265625 0.0078125 0.00546875
1 0.6609375 0.3796875 0.0078125 0.00546875
2 0.93828125 0.38828125 0.00234375 0.01015625
2 0.5203125 0.3796875 0.0078125 0.00546875
2 0.9625 0.39140625 0.003125 0.01015625
1 0.66015625 0.3859375 0.0078125 0.00546875
2 0.5203125 0.3859375 0.0078125 0.0046875
2 0.4234375 0.38515625 0.00390625 0.01015625
1 0.51953125 0.3921875 0.00703125 0.00546875
1 0.65859375 0.403125 0.0078125 0.00546875
1 0.5203125 0.40078125 0.0078125 0.00625
2 0.490625 0.40625 0.00234375 0.0109375
1 0.66796875 0.415625 0.015625 0.01015625
1 0.5171875 0.42265625 0.01328125 0.0078125
1 0.65703125 0.4328125 0.0078125 0.00390625
1 0.54765625 0.4625 0.00390625 0.01015625
1 0.59375 0.46640625 0.003125 0.01015625
1 0.58828125 0.46953125 0.003125 0.01171875
2 0.60546875 0.471875 0.003125 0.01171875
1 0.58046875 0.47109375 0.0078125 0.021875
2 0.93671875 0.48125 0.003125 0.0109375
1 0.63125 0.47734375 0.00703125 0.021875
2 0.61640625 0.50390625 0.003125 0.01171875
2 0.60390625 0.5046875 0.003125 0.01171875
2 0.57890625 0.50390625 0.003125 0.01171875
2 0.5734375 0.503125 0.00390625 0.0109375
2 0.24375 0.49921875 0.0078125 0.00546875
2 0.940625 0.53046875 0.015625 0.0125
0 0.87421875 0.5296875 0.0203125 0.021875
0 0.89921875 0.5296875 0.0203125 0.02109375
2 0.4078125 0.521875 0.003125 0.009375
2 0.415625 0.52265625 0.00234375 0.009375
1 0.15546875 0.52265625 0.01015625 0.021875
1 0.940625 0.54609375 0.01171875 0.01015625
1 0.89609375 0.54765625 0.01015625 0.00859375
1 0.871875 0.546875 0.01171875 0.01015625
1 0.86484375 0.5609375 0.01171875 0.00859375
1 0.59921875 0.55625 0.003125 0.01171875
1 0.59296875 0.55703125 0.00390625 0.0109375
1 0.15625 0.54765625 0.01171875 0.009375
1 0.8953125 0.56484375 0.00625 0.015625
1 0.978125 0.56796875 0.00703125 0.01640625
1 0.90859375 0.5671875 0.009375 0.02109375
2 0.91953125 0.56796875 0.00859375 0.021875
2 0.93046875 0.56875 0.00859375 0.0203125
1 0.58671875 0.5609375 0.0046875 0.01796875
1 0.6046875 0.56171875 0.0046875 0.01875
1 0.57421875 0.56171875 0.0078125 0.021875
1 0.61640625 0.56328125 0.00625 0.02109375
1 0.19609375 0.56171875 0.00625 0.01640625
2 0.86171875 0.578125 0.00859375 0.01953125
1 0.8703125 0.5859375 0.0078125 0.0078125
0 0.90234375 0.590625 0.01953125 0.021875
1 0.88671875 0.59140625 0.0078125 0.0078125
1 0.87109375 0.5953125 0.00703125 0.0078125
2 0.15546875 0.58125 0.00859375 0.0203125
2 0.165625 0.58125 0.00859375 0.02109375
1 0.13359375 0.58125 0.009375 0.021875
2 0.14453125 0.58125 0.01015625 0.02109375
2 0.21328125 0.58359375 0.009375 0.0203125
2 0.20390625 0.5828125 0.01015625 0.021875
2 0.86015625 0.6015625 0.009375 0.02109375
1 0.1421875 0.5984375 0.0109375 0.0109375
1 0.8953125 0.6171875 0.00625 0.01640625
1 0.86484375 0.61875 0.0109375 0.00859375
1 0.165625 0.603125 0.00625 0.015625
2 0.490625 0.61328125 0.00234375 0.01171875
0 0.1875 0.60859375 0.0171875 0.02421875
1 0.85 0.62578125 0.00625 0.015625
2 0.1421875 0.6109375 0.0109375 0.00859375
2 0.15546875 0.61640625 0.009375 0.015625
2 0.14140625 0.621875 0.01015625 0.00859375
1 0.08203125 0.6203125 0.00625 0.015625
1 0.51484375 0.63203125 0.0078125 0.00546875
1 0.08984375 0.6234375 0.00546875 0.0109375
1 0.19140625 0.62734375 0.01171875 0.0109375
2 0.72109375 0.6421875 0.003125 0.01015625
2 0.52734375 0.6390625 0.00390625 0.009375
1 0.89296875 0.64765625 0.00703125 0.01640625
2 0.11484375 0.63046875 0.009375 0.02265625
1 0.1421875 0.63203125 0.01171875 0.009375
2 0.825 0.64921875 0.009375 0.02109375
1 0.5140625 0.6421875 0.0078125 0.0046875
2 0.28671875 0.63828125 0.00546875 0.0125
1 0.0484375 0.6328125 0.015625 0.0125
1 0.06484375 0.63359375 0.0140625 0.01171875
1 0.190625 0.63828125 0.01171875 0.009375
1 0.85 0.65546875 0.00625 0.015625
2 0.86875 0.66171875 0.00859375 0.01953125
1 0.16171875 0.646875 0.00703125 0.015625
2 0.28515625 0.65234375 0.00390625 0.01171875
0 0.09296875 0.6671875 0.05546875 0.0765625
1 0.1234375 0.66953125 0.00546875 0.01015625
1 0.92578125 0.68984375 0.00625 0.015625
1 0.13046875 0.67265625 0.00625 0.0171875
1 0.1609375 0.67421875 0.0078125 0.01640625
1 0.959375 0.6953125 0.0140625 0.01328125
0 0.940625 0.6953125 0.01953125 0.02265625
2 0.56484375 0.6859375 0.0078125 0.0046875
2 0.53671875 0.68671875 0.0078125 0.0046875
2 0.54921875 0.68828125 0.00703125 0.0046875
2 0.8515625 0.69765625 0.00859375 0.0203125
2 0.88125 0.703125 0.009375 0.02109375
1 0.1234375 0.6859375 0.0046875 0.01015625
2 0.53125 0.69921875 0.0078125 0.0046875
1 0.95859375 0.71015625 0.01484375 0.0125
1 0.13046875 0.69375 0.00625 0.01640625
1 0.48203125 0.703125 0.0046875 0.01875
1 0.503125 0.70390625 0.00703125 0.02109375
2 0.52734375 0.7109375 0.0078125 0.00546875
2 0.540625 0.71171875 0.00859375 0.00546875
2 0.56953125 0.71796875 0.0078125 0.00390625
2 0.55546875 0.7203125 0.0078125 0.00546875
2 0.57578125 0.75 0.0078125 0.0046875
2 0.57890625 0.765625 0.003125 0.0109375
2 0.57265625 0.8140625 0.00234375 0.01171875
0 0.48828125 0.83515625 0.1625 0.2234375
2 0.33359375 0.9359375 0.003125 0.0109375
1 0.54375 0.95703125 0.0078125 0.0046875
2 0.51171875 0.95625 0.0078125 0.0046875
1 0.55390625 0.95703125 0.0078125 0.0046875
1 0.53203125 0.9578125 0.0078125 0.00390625
1 0.5203125 0.959375 0.003125 0.0109375
1 0.50234375 0.959375 0.003125 0.0109375
2 0.53671875 0.9625 0.00703125 0.0046875
2 0.559375 0.965625 0.0078125 0.00546875
2 0.54921875 0.965625 0.00234375 0.0109375
2 0.54453125 0.965625 0.00234375 0.01015625
2 0.5359375 0.96796875 0.0078125 0.00390625
2 0.559375 0.97109375 0.0078125 0.0046875
2 0.44453125 0.97421875 0.00234375 0.01015625
2 0.4515625 0.97421875 0.00234375 0.01015625
1 0.565625 0.275 0.00390625 0.0171875
1 0.578125 0.27578125 0.00703125 0.021875
1 0.64296875 0.27890625 0.0046875 0.01796875
1 0.5984375 0.27734375 0.0046875 0.01796875
1 0.63515625 0.2796875 0.003125 0.0109375
1 0.5859375 0.2796875 0.003125 0.0109375
1 0.59140625 0.28046875 0.00234375 0.01015625
2 0.9703125 0.31015625 0.00234375 0.01015625
2 0.95859375 0.31015625 0.00234375 0.01015625
1 0.52421875 0.3078125 0.0078125 0.00546875
2 0.66171875 0.32578125 0.0078125 0.00546875
2 0.51875 0.32265625 0.00859375 0.00546875
1 0.51640625 0.334375 0.015625 0.009375
