1 0.10390625 0.1921875 0.02578125 0.14765625
1 0.46015625 0.19921875 0.01015625 0.07109375
1 0.9015625 0.19921875 0.025 0.12578125
2 0.41875 0.2015625 0.01015625 0.05625
2 0.52890625 0.2 0.01015625 0.05859375
2 0.471875 0.20234375 0.0109375 0.06171875
1 0.6109375 0.20234375 0.015625 0.07265625
2 0.5703125 0.203125 0.01015625 0.05625
2 0.58203125 0.2046875 0.0109375 0.05625
1 0.53984375 0.20703125 0.009375 0.05625
2 0.4296875 0.209375 0.01015625 0.06953125
0 0.653125 0.2234375 0.046875 0.1109375
2 0.471875 0.278125 0.01171875 0.0640625
2 0.4203125 0.27890625 0.01015625 0.06171875
1 0.53984375 0.2796875 0.01171875 0.05625
1 0.46171875 0.27890625 0.0125 0.06953125
2 0.57109375 0.2796875 0.0109375 0.06015625
2 0.528125 0.28125 0.01015625 0.06015625
2 0.4296875 0.28125 0.00859375 0.0640625
1 0.3796875 0.28125 0.01796875 0.078125
2 0.5828125 0.28203125 0.01171875 0.06171875
0 0.34765625 0.2984375 0.046875 0.1203125
2 0.4890625 0.36171875 0.01328125 0.0671875
2 0.43046875 0.3625 0.01171875 0.065625
2 0.47578125 0.3625 0.0109375 0.065625
1 0.46640625 0.3640625 0.0140625 0.065625
2 0.53515625 0.36484375 0.01015625 0.05625
1 0.54765625 0.36484375 0.01015625 0.06015625
2 0.515625 0.36640625 0.0109375 0.06171875
2 0.50390625 0.36875 0.01171875 0.0671875
1 0.52578125 0.36953125 0.0109375 0.05859375
1 0.52109375 0.45234375 0.0109375 0.0640625
2 0.44140625 0.45703125 0.01640625 0.06953125
2 0.5109375 0.45703125 0.01171875 0.06171875
1 0.53203125 0.46171875 0.0125 0.06015625
1 0.1046875 0.4875 0.02421875 0.1328125
0 0.47734375 0.4921875 0.0546875 0.11328125
1 0.89765625 0.49375 0.02421875 0.12421875
2 0.44375 0.53515625 0.0109375 0.06171875
2 0.434375 0.53671875 0.01328125 0.0640625
2 0.52109375 0.5375 0.01015625 0.06171875
2 0.5296875 0.53984375 0.01015625 0.0640625
1 0.5125 0.54375 0.01015625 0.0640625
0 0.6015625 0.54609375 0.05 0.0984375
1 0.66015625 0.54921875 0.01640625 0.0890625
1 0.6421875 0.553125 0.01875 0.09296875
1 0.6765625 0.55859375 0.01875 0.096875
0 0.38125 0.621875 0.04453125 0.1078125
1 0.321875 0.62421875 0.0171875 0.10390625
1 0.3390625 0.628125 0.02109375 0.0875
2 0.45546875 0.62734375 0.0125 0.0671875
2 0.50390625 0.628125 0.0125 0.06953125
1 0.30546875 0.6296875 0.0171875 0.096875
1 0.46484375 0.63125 0.0109375 0.06015625
2 0.44609375 0.63125 0.01171875 0.0640625
1 0.47421875 0.63125 0.0109375 0.0671875
1 0.48359375 0.6328125 0.01015625 0.0640625
2 0.51484375 0.63203125 0.0125 0.05859375
1 0.553125 0.63515625 0.0171875 0.078125
2 0.4953125 0.63515625 0.01015625 0.06015625
1 0.10546875 0.7734375 0.025 0.11484375
1 0.89921875 0.78046875 0.025 0.11484375
2 0.42890625 0.1171875 0.01171875 0.0640625
2 0.5828125 0.11875 0.0125 0.06171875
2 0.38828125 0.1171875 0.0109375 0.06015625
1 0.4609375 0.11953125 0.00859375 0.06015625
2 0.4 0.11953125 0.01171875 0.0671875
2 0.5296875 0.1203125 0.01171875 0.06953125
2 0.57109375 0.1203125 0.00859375 0.05859375
2 0.41796875 0.1203125 0.01015625 0.065625
1 0.5390625 0.12109375 0.0109375 0.05625
2 0.47109375 0.12421875 0.0109375 0.065625
