1 0.04921875 0.11328125 0.04140625 0.0234375
1 0.5484375 0.1375 0.08046875 0.02890625
2 0.05390625 0.1515625 0.06640625 0.0421875
2 0.84140625 0.15859375 0.0125 0.02265625
2 0.853125 0.1609375 0.009375 0.0265625
1 0.2421875 0.165625 0.009375 0.02734375
1 0.25546875 0.165625 0.01015625 0.02734375
1 0.49765625 0.1796875 0.01953125 0.04140625
1 0.5875 0.18359375 0.0171875 0.0390625
1 0.53125 0.184375 0.0171875 0.04140625
1 0.14921875 0.1890625 0.03125 0.07421875
1 0.18984375 0.19609375 0.01171875 0.021875
2 0.17734375 0.19921875 0.01328125 0.02890625
1 0.55859375 0.215625 0.03828125 0.01484375
1 0.8921875 0.22890625 0.01796875 0.04375
2 0.503125 0.23203125 0.01015625 0.025
1 0.84765625 0.2328125 0.01328125 0.0203125
1 0.91015625 0.2328125 0.01015625 0.0296875
2 0.48984375 0.234375 0.01171875 0.02265625
1 0.046875 0.23828125 0.034375 0.071875
2 0.22265625 0.2640625 0.0265625 0.00859375
2 0.2234375 0.27421875 0.02265625 0.009375
2 0.22421875 0.28671875 0.021875 0.0109375
2 0.22421875 0.29765625 0.02421875 0.009375
1 0.04765625 0.3015625 0.01328125 0.02421875
2 0.225 0.3078125 0.021875 0.00625
2 0.521875 0.31171875 0.0265625 0.0109375
0 0.36015625 0.31640625 0.19375 0.1890625
2 0.22578125 0.31953125 0.01796875 0.009375
2 0.52109375 0.32265625 0.02421875 0.0109375
0 0.1296875 0.3375 0.11015625 0.1734375
2 0.6828125 0.33984375 0.0203125 0.01015625
1 0.86640625 0.34609375 0.040625 0.0203125
2 0.66875 0.35078125 0.02421875 0.009375
1 0.6703125 0.36171875 0.02421875 0.0109375
2 0.7078125 0.371875 0.01015625 0.02265625
2 0.84921875 0.371875 0.021875 0.009375
2 0.7296875 0.3734375 0.01171875 0.021875
2 0.7203125 0.375 0.009375 0.02421875
2 0.5015625 0.37734375 0.02265625 0.01328125
2 0.8234375 0.38359375 0.0203125 0.009375
2 0.85078125 0.38359375 0.021875 0.0109375
2 0.5015625 0.3921875 0.02578125 0.01015625
2 0.8390625 0.39296875 0.02265625 0.01015625
2 0.81796875 0.40234375 0.0125 0.0234375
2 0.503125 0.403125 0.02265625 0.00859375
2 0.84296875 0.41015625 0.02109375 0.0078125
2 0.84453125 0.42265625 0.02265625 0.0109375
1 0.78203125 0.42578125 0.02421875 0.01015625
2 0.81015625 0.4265625 0.02265625 0.0125
2 0.80625 0.43828125 0.02109375 0.00625
2 0.7828125 0.440625 0.02578125 0.01015625
0 0.62890625 0.44140625 0.10390625 0.09921875
2 0.909375 0.44765625 0.028125 0.01328125
2 0.81015625 0.45234375 0.02109375 0.009375
2 0.8828125 0.453125 0.01328125 0.021875
1 0.78203125 0.45390625 0.02421875 0.00859375
2 0.51640625 0.45625 0.021875 0.00859375
1 0.809375 0.46328125 0.02265625 0.0109375
2 0.7828125 0.46328125 0.0203125 0.00859375
2 0.51484375 0.46640625 0.025 0.009375
2 0.80859375 0.475 0.0203125 0.00625
1 0.78359375 0.475 0.025 0.009375
2 0.084375 0.478125 0.009375 0.02421875
1 0.06953125 0.478125 0.01015625 0.0234375
1 0.15546875 0.47890625 0.0140625 0.02421875
1 0.140625 0.47890625 0.0140625 0.02265625
2 0.12734375 0.4796875 0.01328125 0.025
2 0.1 0.4796875 0.0125 0.01953125
1 0.115625 0.48046875 0.01171875 0.02734375
1 0.809375 0.48671875 0.025 0.009375
2 0.78125 0.4875 0.02109375 0.009375
2 0.89765625 0.49453125 0.021875 0.01015625
1 0.78125 0.4984375 0.02421875 0.00859375
2 0.8109375 0.4984375 0.02421875 0.0078125
2 0.89453125 0.50546875 0.02265625 0.00859375
2 0.06953125 0.5078125 0.00859375 0.0234375
2 0.78046875 0.5078125 0.02265625 0.009375
2 0.8109375 0.51015625 0.02421875 0.009375
2 0.8953125 0.51796875 0.02421875 0.00859375
2 0.86875 0.51953125 0.01953125 0.00859375
2 0.8109375 0.5203125 0.02421875 0.00859375
2 0.4703125 0.52265625 0.021875 0.01015625
2 0.78125 0.5234375 0.021875 0.01015625
1 0.68203125 0.525 0.01171875 0.02421875
2 0.521875 0.5296875 0.0125 0.021875
1 0.0703125 0.53046875 0.01171875 0.02265625
2 0.509375 0.53203125 0.01015625 0.02890625
2 0.81015625 0.53359375 0.02109375 0.0109375
2 0.78359375 0.5328125 0.0265625 0.0125
1 0.6484375 0.53359375 0.02578125 0.00859375
2 0.46953125 0.53359375 0.02265625 0.01015625
0 0.121875 0.534375 0.08046875 0.06640625
1 0.85390625 0.53828125 0.02578125 0.01015625
2 0.78125 0.54296875 0.02265625 0.00859375
2 0.8109375 0.54375 0.0203125 0.0078125
1 0.06875 0.5546875 0.01015625 0.02265625
1 0.4546875 0.5578125 0.0265625 0.01015625
2 0.60078125 0.5671875 0.02578125 0.01015625
2 0.85625 0.57421875 0.025 0.0109375
1 0.45859375 0.5765625 0.04140625 0.01875
2 0.59921875 0.5796875 0.02265625 0.00859375
1 0.1609375 0.5828125 0.01015625 0.0265625
2 0.36640625 0.58359375 0.01015625 0.025
2 0.10390625 0.58359375 0.0125 0.0203125
2 0.11640625 0.584375 0.00859375 0.0234375
1 0.09140625 0.58515625 0.01015625 0.02421875
1 0.128125 0.58515625 0.0078125 0.025
1 0.05078125 0.5859375 0.01328125 0.0296875
1 0.07734375 0.5859375 0.01328125 0.0265625
2 0.06640625 0.5859375 0.01171875 0.02265625
1 0.14453125 0.58671875 0.01171875 0.02421875
0 0.54140625 0.58984375 0.0640625 0.05625
1 0.85703125 0.59375 0.02109375 0.01015625
2 0.6046875 0.6015625 0.009375 0.021875
2 0.31171875 0.6046875 0.01171875 0.0234375
2 0.8828125 0.6109375 0.02265625 0.009375
0 0.71015625 0.61875 0.134375 0.1171875
2 0.828125 0.6234375 0.01171875 0.02265625
2 0.471875 0.62421875 0.009375 0.028125
2 0.88671875 0.625 0.02109375 0.01015625
2 0.4234375 0.62421875 0.0125 0.0265625
2 0.41015625 0.62578125 0.01171875 0.02890625
2 0.45859375 0.625 0.009375 0.025
2 0.434375 0.62578125 0.009375 0.02265625
2 0.44765625 0.62734375 0.0078125 0.0234375
1 0.13359375 0.634375 0.015625 0.0234375
1 0.60625 0.63515625 0.02265625 0.009375
2 0.88671875 0.63515625 0.02265625 0.0109375
1 0.5203125 0.6359375 0.02578125 0.0125
2 0.303125 0.6390625 0.02421875 0.0078125
2 0.159375 0.63984375 0.0265625 0.01484375
1 0.84375 0.64296875 0.02265625 0.01328125
2 0.60703125 0.6484375 0.021875 0.009375
1 0.4796875 0.6515625 0.0125 0.025
1 0.459375 0.65546875 0.025 0.01328125
2 0.60703125 0.6609375 0.02265625 0.01015625
2 0.7921875 0.66796875 0.0125 0.0234375
1 0.121875 0.66953125 0.08125 0.0328125
2 0.6078125 0.67109375 0.025 0.0078125
0 0.55234375 0.68046875 0.0546875 0.06953125
1 0.875 0.68359375 0.009375 0.025
2 0.60625 0.684375 0.02421875 0.0078125
1 0.85234375 0.68671875 0.01171875 0.02265625
2 0.7953125 0.69609375 0.01015625 0.021875
2 0.60625 0.69609375 0.021875 0.00859375
2 0.73046875 0.6984375 0.01328125 0.02421875
2 0.70546875 0.6984375 0.01171875 0.02265625
2 0.6578125 0.7 0.01015625 0.0234375
2 0.68203125 0.7 0.01015625 0.0234375
2 0.634375 0.7 0.00859375 0.01953125
2 0.64765625 0.7 0.01015625 0.01953125
2 0.69453125 0.70078125 0.0171875 0.02421875
2 0.71875 0.70078125 0.01171875 0.025
2 0.66953125 0.7015625 0.0125 0.0234375
2 0.74140625 0.70546875 0.01171875 0.0234375
2 0.76484375 0.70546875 0.01015625 0.0203125
2 0.75390625 0.70703125 0.00859375 0.0203125
2 0.496875 0.71328125 0.02421875 0.0109375
2 0.62265625 0.7125 0.00859375 0.021875
2 0.61171875 0.71328125 0.01171875 0.02265625
2 0.4984375 0.7234375 0.02109375 0.009375
2 0.71875 0.7265625 0.0078125 0.0234375
2 0.6578125 0.72734375 0.01171875 0.02265625
2 0.69453125 0.728125 0.01015625 0.02265625
1 0.70546875 0.728125 0.009375 0.02421875
2 0.68203125 0.72890625 0.01015625 0.0234375
2 0.73046875 0.72890625 0.01171875 0.021875
2 0.63359375 0.72890625 0.009375 0.021875
2 0.64453125 0.72890625 0.01015625 0.02265625
1 0.66953125 0.72890625 0.01171875 0.02265625
2 0.7421875 0.73046875 0.009375 0.02734375
2 0.76484375 0.73125 0.01171875 0.021875
2 0.753125 0.73125 0.01015625 0.021875
2 0.60078125 0.740625 0.009375 0.01875
2 0.5859375 0.7453125 0.01171875 0.02265625
0 0.3890625 0.7453125 0.1515625 0.146875
0 0.07890625 0.76484375 0.04375 0.065625
1 0.040625 0.76484375 0.02109375 0.03828125
1 0.23046875 0.76875 0.01328125 0.0234375
2 0.25625 0.77578125 0.02578125 0.01328125
1 0.75390625 0.7828125 0.015625 0.02734375
0 0.79609375 0.78359375 0.0578125 0.0609375
0 0.7046875 0.784375 0.05546875 0.0640625
0 0.54609375 0.7875 0.0453125 0.0625
1 0.6625 0.79296875 0.01328125 0.02734375
1 0.58203125 0.803125 0.01171875 0.02265625
1 0.2234375 0.80703125 0.0828125 0.0390625
1 0.50078125 0.83125 0.03359375 0.0171875
2 0.5046875 0.84453125 0.0328125 0.01015625
1 0.80703125 0.91484375 0.01640625 0.02265625
1 0.13984375 0.91640625 0.0203125 0.0421875
1 0.8234375 0.9171875 0.01328125 0.025
0 0.75625 0.91953125 0.06875 0.0375
1 0.09765625 0.9328125 0.0078125 0.02421875
