2 0.2390625 0.103125 0.015625 0.01015625
2 0.54375 0.1078125 0.01953125 0.0109375
2 0.2125 0.11171875 0.0046875 0.02265625
2 0.2203125 0.11953125 0.0046875 0.02265625
2 0.1953125 0.12109375 0.021875 0.01328125
2 0.24921875 0.12265625 0.00859375 0.0265625
2 0.603125 0.1234375 0.01328125 0.01015625
1 0.5375 0.125 0.021875 0.01484375
1 0.2609375 0.125 0.0109375 0.0265625
2 0.64375 0.13046875 0.0078125 0.0265625
1 0.15703125 0.1359375 0.0109375 0.0328125
2 0.60078125 0.1359375 0.01484375 0.00703125
2 0.13515625 0.1359375 0.0078125 0.02578125
2 0.1453125 0.1390625 0.00859375 0.02578125
1 0.90703125 0.14140625 0.02109375 0.01484375
0 0.4875 0.14296875 0.0453125 0.06796875
2 0.60078125 0.146875 0.01484375 0.00859375
0 0.5734375 0.146875 0.04453125 0.065625
0 0.21640625 0.15390625 0.03828125 0.04375
1 0.3078125 0.15546875 0.009375 0.02421875
0 0.321875 0.15546875 0.0140625 0.02578125
1 0.06015625 0.15546875 0.025 0.0171875
0 0.10390625 0.15625 0.0390625 0.05546875
2 0.2453125 0.15703125 0.00859375 0.025
2 0.2734375 0.15703125 0.0078125 0.028125
1 0.1375 0.15703125 0.0140625 0.0078125
2 0.2546875 0.1578125 0.00625 0.025
2 0.2640625 0.1578125 0.00625 0.0265625
2 0.2953125 0.15859375 0.00703125 0.02421875
1 0.13984375 0.17578125 0.00703125 0.021875
2 0.15 0.17734375 0.00625 0.02265625
2 0.1609375 0.17734375 0.00859375 0.02578125
2 0.19140625 0.18515625 0.0078125 0.02421875
1 0.44765625 0.20234375 0.00625 0.01875
1 0.15546875 0.20390625 0.02734375 0.0140625
1 0.1578125 0.22109375 0.02890625 0.0171875
2 0.446875 0.225 0.00625 0.02109375
1 0.459375 0.23046875 0.01484375 0.01171875
2 0.3140625 0.23203125 0.01484375 0.01015625
1 0.42734375 0.2390625 0.01640625 0.0078125
1 0.690625 0.24609375 0.00859375 0.028125
2 0.42734375 0.2515625 0.01640625 0.00859375
2 0.60078125 0.2546875 0.01796875 0.01171875
2 0.4546875 0.26796875 0.01328125 0.01015625
2 0.6015625 0.26953125 0.015625 0.00859375
2 0.81953125 0.2703125 0.01953125 0.0171875
2 0.72109375 0.2703125 0.0234375 0.01875
2 0.6015625 0.27734375 0.01484375 0.0078125
1 0.67890625 0.278125 0.01484375 0.00859375
1 0.77578125 0.2796875 0.0171875 0.0078125
2 0.45 0.28671875 0.00703125 0.01953125
2 0.45859375 0.28671875 0.00546875 0.021875
2 0.67890625 0.28984375 0.01328125 0.00625
2 0.6015625 0.28984375 0.015625 0.00859375
2 0.775 0.29140625 0.0140625 0.00703125
2 0.60078125 0.30078125 0.0171875 0.01015625
2 0.77109375 0.30625 0.02109375 0.01875
2 0.67421875 0.30625 0.021875 0.015625
2 0.6 0.3109375 0.0140625 0.00703125
0 0.709375 0.32109375 0.03515625 0.065625
2 0.5984375 0.321875 0.01484375 0.00859375
0 0.80546875 0.32421875 0.03359375 0.0703125
1 0.09453125 0.32421875 0.02734375 0.01796875
1 0.740625 0.325 0.01953125 0.0109375
1 0.83984375 0.325 0.021875 0.01875
2 0.12890625 0.33203125 0.0078125 0.021875
2 0.15234375 0.3328125 0.00625 0.01875
2 0.159375 0.33203125 0.00546875 0.01796875
2 0.1375 0.33359375 0.00703125 0.02421875
2 0.59765625 0.33359375 0.0140625 0.00859375
0 0.5296875 0.3359375 0.11796875 0.17890625
1 0.678125 0.3375 0.01328125 0.0328125
1 0.77578125 0.33828125 0.01015625 0.0375
0 0.2828125 0.33984375 0.07265625 0.19765625
0 0.36796875 0.33984375 0.07265625 0.19609375
2 0.08984375 0.34453125 0.0171875 0.01015625
0 0.0578125 0.3453125 0.03203125 0.0578125
2 0.6 0.346875 0.015625 0.00703125
2 0.74453125 0.3484375 0.0203125 0.01796875
2 0.84296875 0.35 0.01953125 0.0171875
2 0.5984375 0.3578125 0.01484375 0.00859375
2 0.7453125 0.3640625 0.0171875 0.01484375
1 0.67578125 0.365625 0.02890625 0.01328125
1 0.775 0.36640625 0.02734375 0.01484375
2 0.84296875 0.36640625 0.01953125 0.01484375
2 0.821875 0.36796875 0.02109375 0.015625
2 0.7234375 0.36796875 0.01953125 0.015625
2 0.1078125 0.3734375 0.01015625 0.02578125
1 0.0890625 0.37421875 0.0203125 0.015625
0 0.1390625 0.37578125 0.03671875 0.06171875
2 0.79765625 0.384375 0.0171875 0.0109375
2 0.7015625 0.384375 0.01875 0.01171875
2 0.721875 0.384375 0.01640625 0.0109375
2 0.81953125 0.384375 0.0171875 0.0109375
2 0.68125 0.4 0.01015625 0.0296875
2 0.66875 0.4 0.009375 0.02578125
2 0.7765625 0.40078125 0.00859375 0.02890625
2 0.76640625 0.40078125 0.0078125 0.02578125
2 0.08828125 0.4046875 0.01796875 0.01328125
1 0.41015625 0.4078125 0.0078125 0.0265625
2 0.13515625 0.04140625 0.01640625 0.01015625
2 0.13984375 0.421875 0.00546875 0.021875
2 0.146875 0.42265625 0.0046875 0.01953125
1 0.82109375 0.4234375 0.0234375 0.05703125
1 0.79765625 0.42421875 0.0234375 0.0609375
1 0.09296875 0.4359375 0.02734375 0.01875
2 0.146875 0.4390625 0.0125 0.0078125
2 0.57109375 0.43984375 0.01328125 0.01015625
2 0.1328125 0.4390625 0.0109375 0.00703125
2 0.4765625 0.44140625 0.00625 0.02109375
1 0.1140625 0.44765625 0.01484375 0.04140625
2 0.21171875 0.0453125 0.01640625 0.0109375
2 0.3390625 0.45 0.00859375 0.02421875
2 0.67578125 0.45078125 0.01171875 0.03984375
2 0.771875 0.45078125 0.0125 0.0359375
2 0.75078125 0.4515625 0.0125 0.04375
2 0.428125 0.45390625 0.00703125 0.0265625
2 0.84765625 0.453125 0.01328125 0.040625
1 0.7953125 0.46328125 0.025 0.025
1 0.13203125 0.46796875 0.01328125 0.0359375
1 0.1484375 0.46953125 0.0140625 0.03515625
2 0.36640625 0.04921875 0.00546875 0.01875
1 0.86328125 0.4890625 0.0171875 0.00859375
2 0.35859375 0.05 0.00546875 0.01875
2 0.34765625 0.5 0.01484375 0.0109375
0 0.040625 0.5078125 0.04140625 0.04453125
0 0.3796875 0.50859375 0.04375 0.02265625
2 0.409375 0.5109375 0.01484375 0.0109375
2 0.34765625 0.51484375 0.01484375 0.01328125
2 0.52109375 0.515625 0.01328125 0.0109375
2 0.52109375 0.5265625 0.01328125 0.00859375
2 0.425 0.528125 0.00625 0.02109375
2 0.4171875 0.5296875 0.00625 0.021875
1 0.34609375 0.53046875 0.01328125 0.0109375
2 0.40546875 0.53359375 0.01328125 0.015625
2 0.50390625 0.53671875 0.0171875 0.0109375
2 0.5203125 0.53671875 0.0125 0.00703125
2 0.39375 0.53828125 0.00625 0.01796875
2 0.38046875 0.5390625 0.00625 0.01953125
1 0.3875 0.53984375 0.00390625 0.0171875
1 0.34765625 0.54375 0.0140625 0.00859375
2 0.034375 0.54453125 0.00859375 0.02421875
1 0.02578125 0.54609375 0.00703125 0.025
1 0.540625 0.55546875 0.01484375 0.0109375
2 0.0921875 0.05625 0.00390625 0.02265625
1 0.18046875 0.5640625 0.0125 0.00703125
1 0.38828125 0.5671875 0.028125 0.01796875
2 0.084375 0.05703125 0.00625 0.021875
2 0.5140625 0.0578125 0.01484375 0.0078125
0 0.26640625 0.56875 0.1265625 0.1921875
2 0.159375 0.05859375 0.00625 0.01953125
1 0.75703125 0.57890625 0.0140625 0.0109375
2 0.1828125 0.58359375 0.00625 0.02109375
1 0.39296875 0.584375 0.01328125 0.00703125
2 0.6875 0.584375 0.01640625 0.0109375
2 0.1390625 0.05859375 0.00625 0.02421875
2 0.28359375 0.05859375 0.00625 0.01953125
2 0.16640625 0.059375 0.00625 0.02265625
1 0.75625 0.58984375 0.01484375 0.00859375
2 0.628125 0.5953125 0.00546875 0.025
1 0.12421875 0.5953125 0.01640625 0.00859375
2 0.6390625 0.596875 0.0109375 0.02109375
2 0.6875 0.59765625 0.01484375 0.0109375
2 0.1453125 0.603125 0.01484375 0.0078125
1 0.7578125 0.6046875 0.021875 0.01484375
0 0.72265625 0.6046875 0.0390625 0.06484375
2 0.1734375 0.6109375 0.00703125 0.02578125
2 0.3921875 0.615625 0.01328125 0.00859375
2 0.39375 0.06171875 0.009375 0.02578125
2 0.3796875 0.61953125 0.00625 0.01875
1 0.7578125 0.62109375 0.01875 0.01484375
1 0.79140625 0.6234375 0.03828125 0.02265625
2 0.684375 0.62421875 0.01875 0.01328125
1 0.18671875 0.62421875 0.01171875 0.0078125
2 0.390625 0.625 0.01484375 0.00703125
0 0.475 0.63125 0.13359375 0.15625
1 0.1859375 0.63515625 0.0109375 0.0078125
1 0.315625 0.0640625 0.00546875 0.02265625
1 0.8234375 0.6390625 0.0140625 0.04296875
2 0.3796875 0.640625 0.00625 0.01953125
1 0.18671875 0.64375 0.01171875 0.01171875
2 0.88515625 0.0640625 0.00625 0.02265625
2 0.240625 0.06484375 0.00859375 0.025
2 0.340625 0.64765625 0.00625 0.02421875
2 0.55859375 0.6484375 0.01640625 0.0109375
1 0.18671875 0.65390625 0.01484375 0.00703125
1 0.7890625 0.65390625 0.0421875 0.02265625
2 0.465625 0.06640625 0.00859375 0.02890625
1 0.5796875 0.6625 0.0140625 0.00859375
2 0.56015625 0.66328125 0.01484375 0.0109375
2 0.3828125 0.6625 0.0140625 0.01015625
1 0.19375 0.66484375 0.0109375 0.0078125
1 0.33515625 0.665625 0.0125 0.01015625
2 0.43203125 0.06796875 0.00546875 0.028125
2 0.91953125 0.6703125 0.01953125 0.0171875
1 0.2046875 0.6734375 0.00625 0.02109375
2 0.55859375 0.675 0.0171875 0.0109375
1 0.3625 0.675 0.01484375 0.0109375
1 0.5796875 0.675 0.0140625 0.00703125
2 0.3828125 0.6765625 0.01484375 0.0078125
2 0.540625 0.06796875 0.01640625 0.01328125
2 0.31328125 0.678125 0.01640625 0.0109375
2 0.29453125 0.678125 0.0140625 0.00859375
2 0.271875 0.67890625 0.01484375 0.01015625
1 0.18671875 0.67890625 0.02734375 0.01875
1 0.89375 0.67890625 0.01875 0.0109375
2 0.21953125 0.6828125 0.00703125 0.021875
2 0.246875 0.68359375 0.00703125 0.02421875
2 0.2296875 0.68359375 0.00546875 0.021875
2 0.2375 0.684375 0.00625 0.021875
2 0.6171875 0.06796875 0.01484375 0.0109375
2 0.3828125 0.68671875 0.01640625 0.00859375
2 0.55859375 0.68671875 0.015625 0.01328125
1 0.12109375 0.68828125 0.04375 0.02265625
2 0.27109375 0.68828125 0.015625 0.0078125
0 0.63125 0.69296875 0.03046875 0.0609375
2 0.89296875 0.69453125 0.0203125 0.01171875
0 0.6625 0.69609375 0.03203125 0.06875
2 0.6921875 0.0703125 0.015625 0.01484375
2 0.440625 0.06953125 0.00625 0.021875
1 0.6640625 0.06953125 0.009375 0.02578125
1 0.3640625 0.69921875 0.015625 0.01015625
2 0.28515625 0.70078125 0.0140625 0.0078125
2 0.38359375 0.70078125 0.0171875 0.00859375
2 0.73203125 0.70390625 0.00546875 0.025
1 0.56328125 0.7046875 0.0265625 0.02109375
2 0.7140625 0.7046875 0.00625 0.0265625
1 0.54609375 0.70546875 0.00859375 0.01953125
2 0.72265625 0.70625 0.00546875 0.02890625
2 0.76640625 0.0703125 0.0171875 0.01796875
2 0.70390625 0.70703125 0.00703125 0.03046875
2 0.6921875 0.70703125 0.009375 0.0265625
2 0.74140625 0.7078125 0.0078125 0.0296875
2 0.6828125 0.7078125 0.00859375 0.0265625
1 0.89140625 0.7109375 0.02265625 0.0171875
1 0.26953125 0.7125 0.01484375 0.0078125
2 0.28515625 0.7140625 0.01484375 0.00859375
1 0.8375 0.071875 0.00625 0.02109375
2 0.365625 0.07265625 0.00703125 0.021875
1 0.38984375 0.7171875 0.025 0.0171875
1 0.121875 0.71875 0.0421875 0.0265625
1 0.2421875 0.71875 0.00625 0.02265625
1 0.1640625 0.71953125 0.0140625 0.04296875
1 0.1859375 0.7203125 0.02578125 0.021875
0 0.92890625 0.72109375 0.04453125 0.04140625
0 0.83671875 0.7265625 0.0390625 0.0859375
2 0.08671875 0.0734375 0.01484375 0.00859375
2 0.3578125 0.0734375 0.00546875 0.021875
2 0.44140625 0.73359375 0.00625 0.02421875
2 0.4875 0.73515625 0.00625 0.021875
2 0.890625 0.73515625 0.01875 0.01171875
2 0.43359375 0.7359375 0.00546875 0.02421875
2 0.5078125 0.7359375 0.0078125 0.02109375
2 0.52265625 0.7359375 0.00625 0.02109375
2 0.42578125 0.7359375 0.00625 0.028125
2 0.45078125 0.7359375 0.0046875 0.02578125
2 0.515625 0.7359375 0.00625 0.02265625
2 0.53046875 0.7359375 0.00625 0.02421875
2 0.49765625 0.7359375 0.01015625 0.02578125
2 0.48125 0.73671875 0.00625 0.02265625
2 0.47265625 0.7375 0.00625 0.02109375
1 0.55 0.74140625 0.0109375 0.040625
2 0.16328125 0.075 0.0140625 0.00703125
1 0.89140625 0.74921875 0.01875 0.0078125
1 0.10703125 0.75 0.0109375 0.03515625
1 0.1203125 0.75 0.0125 0.03515625
2 0.3265625 0.75 0.00859375 0.01953125
2 0.32734375 0.75 0.00859375 0.02421875
2 0.35859375 0.753125 0.0078125 0.025
2 0.36640625 0.753125 0.00546875 0.02421875
2 0.37265625 0.7546875 0.00625 0.025
2 0.26953125 0.7546875 0.0078125 0.0265625
2 0.29375 0.7546875 0.0078125 0.02265625
2 0.38203125 0.75546875 0.00625 0.021875
2 0.3953125 0.7546875 0.00703125 0.025
2 0.28515625 0.7546875 0.00625 0.02265625
2 0.278125 0.75625 0.00546875 0.02421875
1 0.91796875 0.75703125 0.021875 0.015625
1 0.48046875 0.76640625 0.00703125 0.02421875
1 0.43125 0.765625 0.01171875 0.03046875
2 0.5140625 0.0765625 0.01640625 0.01171875
1 0.5140625 0.7671875 0.00859375 0.02578125
1 0.49921875 0.7671875 0.0109375 0.02421875
1 0.53125 0.76796875 0.00859375 0.02109375
1 0.45 0.76796875 0.01015625 0.02578125
1 0.6375 0.771875 0.02890625 0.01796875
2 0.915625 0.7734375 0.01875 0.01171875
1 0.665625 0.775 0.0234375 0.01875
1 0.31015625 0.77890625 0.00625 0.02421875
1 0.159375 0.78671875 0.00625 0.02265625
2 0.15234375 0.78671875 0.00625 0.02421875
2 0.14296875 0.7875 0.00625 0.02265625
1 0.57421875 0.7875 0.01953125 0.01484375
1 0.52421875 0.78984375 0.01484375 0.0109375
1 0.28984375 0.79140625 0.00703125 0.021875
2 0.2828125 0.79140625 0.00703125 0.02265625
1 0.2640625 0.79375 0.01796875 0.0109375
1 0.3328125 0.79375 0.01953125 0.01484375
1 0.4375 0.80390625 0.00703125 0.02421875
2 0.18359375 0.8046875 0.0140625 0.00859375
2 0.21875 0.80390625 0.01171875 0.01015625
2 0.16796875 0.80390625 0.01484375 0.00625
1 0.92734375 0.80859375 0.04375 0.025
2 0.28359375 0.08359375 0.00703125 0.021875
1 0.109375 0.84140625 0.01484375 0.04453125
1 0.11015625 0.0875 0.0140625 0.0078125
2 0.884375 0.0890625 0.00703125 0.02265625
1 0.20390625 0.09765625 0.0109375 0.0296875
