1 0.0359375 0.27421875 0.00625 0.0734375
2 0.103125 0.27734375 0.00390625 0.06796875
2 0.3703125 0.27890625 0.00703125 0.021875
2 0.15234375 0.2796875 0.00625 0.07890625
1 0.09609375 0.28125 0.00625 0.08203125
1 0.08203125 0.2828125 0.00703125 0.084375
1 0.0890625 0.284375 0.00703125 0.08203125
1 0.05703125 0.284375 0.003125 0.06015625
1 0.06171875 0.2828125 0.003125 0.05703125
1 0.06796875 0.284375 0.00703125 0.0875
1 0.075 0.284375 0.00546875 0.0875
1 0.3390625 0.03125 0.0078125 0.0296875
2 0.31015625 0.30625 0.00703125 0.02734375
2 0.3703125 0.30625 0.00703125 0.0328125
2 0.3703125 0.33359375 0.00703125 0.02734375
2 0.246875 0.334375 0.00703125 0.0296875
1 0.509375 0.34296875 0.003125 0.0515625
1 0.5046875 0.34453125 0.003125 0.0546875
1 0.35859375 0.03515625 0.00703125 0.02734375
1 0.49140625 0.36484375 0.00703125 0.084375
2 0.3703125 0.3671875 0.00625 0.02421875
2 0.271875 0.37265625 0.0078125 0.03515625
1 0.52421875 0.37265625 0.01015625 0.04609375
2 0.23046875 0.37421875 0.0078125 0.03828125
2 0.221875 0.37734375 0.00703125 0.03828125
2 0.246875 0.37578125 0.00703125 0.03515625
2 0.2546875 0.37734375 0.0078125 0.0328125
2 0.26328125 0.37734375 0.0078125 0.0328125
2 0.21328125 0.37734375 0.0078125 0.0328125
2 0.23828125 0.37734375 0.00703125 0.03828125
2 0.2046875 0.378125 0.0078125 0.03515625
2 0.16328125 0.37734375 0.00703125 0.0328125
2 0.18046875 0.378125 0.0078125 0.03515625
2 0.18828125 0.3796875 0.0078125 0.0328125
2 0.196875 0.38125 0.0078125 0.03515625
2 0.17109375 0.38125 0.0078125 0.040625
2 0.1546875 0.38125 0.0078125 0.03515625
2 0.13828125 0.3828125 0.00703125 0.0328125
2 0.1296875 0.3828125 0.0078125 0.03828125
2 0.14609375 0.38125 0.00703125 0.03515625
2 0.27890625 0.39453125 0.0046875 0.0734375
1 0.37890625 0.40546875 0.00625 0.0296875
2 0.2625 0.4140625 0.0078125 0.03515625
2 0.246875 0.4140625 0.00703125 0.0296875
2 0.2546875 0.415625 0.0078125 0.0328125
2 0.1546875 0.415625 0.0078125 0.0328125
2 0.16328125 0.415625 0.0078125 0.0328125
2 0.27109375 0.415625 0.0078125 0.0328125
2 0.21328125 0.41640625 0.0078125 0.0296875
2 0.2296875 0.41640625 0.00703125 0.03515625
2 0.23828125 0.41640625 0.0078125 0.03515625
2 0.18046875 0.41640625 0.0078125 0.0296875
2 0.221875 0.41953125 0.0078125 0.03515625
2 0.1875 0.41796875 0.00703125 0.0328125
2 0.2046875 0.41796875 0.00703125 0.0328125
2 0.196875 0.41796875 0.0078125 0.0328125
2 0.146875 0.42109375 0.00703125 0.0328125
2 0.171875 0.42109375 0.0078125 0.0328125
2 0.13828125 0.42109375 0.0078125 0.0328125
2 0.1296875 0.42109375 0.0078125 0.0328125
2 0.36640625 0.4328125 0.00703125 0.02421875
1 0.14375 0.0453125 0.00703125 0.0296875
2 0.31328125 0.4453125 0.0046875 0.06015625
1 0.271875 0.45234375 0.0078125 0.03515625
1 0.246875 0.45078125 0.0078125 0.0328125
1 0.23046875 0.45390625 0.00703125 0.0328125
1 0.2640625 0.45390625 0.00703125 0.0328125
1 0.28046875 0.45390625 0.00703125 0.0328125
1 0.221875 0.45234375 0.0078125 0.0296875
1 0.25546875 0.4546875 0.0078125 0.03515625
1 0.321875 0.45234375 0.003125 0.05703125
2 0.171875 0.4546875 0.00859375 0.03515625
1 0.23828125 0.4546875 0.0078125 0.03515625
1 0.31796875 0.4546875 0.003125 0.05703125
1 0.2046875 0.4546875 0.0078125 0.03515625
1 0.21328125 0.45625 0.0078125 0.03828125
1 0.1625 0.4546875 0.00703125 0.03515625
1 0.1546875 0.4578125 0.0078125 0.040625
1 0.196875 0.4578125 0.0078125 0.03515625
1 0.13828125 0.459375 0.00703125 0.0328125
1 0.14609375 0.459375 0.00703125 0.03828125
1 0.18828125 0.4578125 0.0078125 0.03515625
1 0.1296875 0.46015625 0.00859375 0.03515625
1 0.13359375 0.0453125 0.00703125 0.0296875
2 0.36640625 0.4671875 0.00703125 0.02734375
2 0.95703125 0.48125 0.00859375 0.03828125
1 0.03125 0.48671875 0.00390625 0.0546875
2 0.88984375 0.4890625 0.0078125 0.0328125
1 0.01875 0.49296875 0.00625 0.07890625
2 0.02578125 0.4984375 0.00546875 0.084375
1 0.05234375 0.053125 0.00390625 0.06796875
2 0.95703125 0.5234375 0.0078125 0.0296875
2 0.909375 0.53125 0.003125 0.06796875
2 0.88984375 0.5296875 0.00859375 0.02734375
2 0.1 0.55078125 0.003125 0.05703125
2 0.09296875 0.55078125 0.003125 0.0515625
2 0.09609375 0.5515625 0.003125 0.0546875
2 0.10390625 0.553125 0.0046875 0.0515625
2 0.909375 0.60234375 0.0046875 0.0734375
1 0.01328125 0.609375 0.0046875 0.07109375
1 0.0765625 0.609375 0.0109375 0.0546875
1 0.94140625 0.61640625 0.01015625 0.0515625
1 0.74375 0.621875 0.0109375 0.0515625
1 0.92890625 0.62265625 0.00703125 0.02734375
1 0.86171875 0.62265625 0.01015625 0.04921875
1 0.15234375 0.62578125 0.01015625 0.0546875
2 0.2625 0.0640625 0.00859375 0.0296875
1 0.4640625 0.628125 0.01015625 0.04921875
1 0.54609375 0.6328125 0.01015625 0.0515625
1 0.26640625 0.640625 0.0109375 0.0515625
1 0.11484375 0.06796875 0.01015625 0.0546875
1 0.365625 0.06796875 0.00625 0.0328125
2 0.2890625 0.07109375 0.00703125 0.021875
1 0.09296875 0.07109375 0.00625 0.08203125
1 0.02265625 0.684375 0.00390625 0.0625
2 0.00859375 0.6875 0.003125 0.0625
1 0.01328125 0.6875 0.00390625 0.0625
1 0.028125 0.6875 0.0046875 0.0625
1 0.0328125 0.6859375 0.0046875 0.065625
1 0.01796875 0.6875 0.00390625 0.0625
2 0.9890625 0.6953125 0.0046875 0.0625
1 0.0390625 0.6984375 0.00625 0.084375
2 0.22734375 0.70078125 0.00859375 0.040625
1 0.73125 0.70625 0.00703125 0.0296875
1 0.78203125 0.715625 0.00546875 0.0765625
2 0.95546875 0.72109375 0.00546875 0.07109375
1 0.62265625 0.7265625 0.00625 0.08203125
1 0.58359375 0.728125 0.00625 0.084375
1 0.8515625 0.73359375 0.00859375 0.03515625
1 0.82421875 0.73515625 0.01015625 0.04921875
1 0.93203125 0.73515625 0.0078125 0.03828125
1 0.73203125 0.7390625 0.0078125 0.03515625
2 0.48046875 0.7390625 0.0046875 0.06796875
1 0.10703125 0.7421875 0.00703125 0.08984375
1 0.4234375 0.74609375 0.01015625 0.04921875
1 0.65546875 0.74765625 0.0078125 0.03515625
1 0.228125 0.75390625 0.0109375 0.0546875
1 0.55078125 0.75234375 0.0078125 0.03515625
1 0.53828125 0.75546875 0.00703125 0.03515625
1 0.45703125 0.75703125 0.00859375 0.03828125
1 0.25859375 0.7625 0.00859375 0.02734375
1 0.153125 0.7703125 0.0078125 0.02734375
1 0.059375 0.771875 0.00859375 0.040625
1 0.14140625 0.7734375 0.00703125 0.0328125
2 0.08515625 0.08203125 0.00703125 0.11484375
1 0.07734375 0.08359375 0.00703125 0.084375
2 0.14375 0.08359375 0.009375 0.03515625
2 0.13359375 0.0875 0.00703125 0.0328125
2 0.2890625 0.0984375 0.00703125 0.02734375
2 0.2625 0.10078125 0.0078125 0.03828125
2 0.36953125 0.10234375 0.00546875 0.02421875
2 0.1796875 0.10625 0.00859375 0.03828125
1 0.0453125 0.1203125 0.01015625 0.04921875
1 0.134375 0.12265625 0.00703125 0.0328125
2 0.14296875 0.12578125 0.0078125 0.02734375
2 0.3703125 0.13515625 0.00703125 0.02421875
1 0.07265625 0.01328125 0.00703125 0.021875
1 0.11484375 0.13828125 0.0109375 0.0515625
1 0.22421875 0.140625 0.00625 0.07890625
1 0.4375 0.1390625 0.00625 0.08203125
2 0.2625 0.1421875 0.0078125 0.0328125
0 0.16328125 0.14375 0.01796875 0.1390625
1 0.17890625 0.14765625 0.0078125 0.0328125
2 0.45234375 0.14765625 0.0046875 0.07109375
1 0.3125 0.153125 0.00703125 0.0328125
2 0.3703125 0.1640625 0.00703125 0.021875
2 0.13359375 0.1640625 0.00703125 0.0328125
2 0.14375 0.165625 0.00859375 0.03515625
1 0.0453125 0.175 0.0109375 0.04921875
2 0.2625 0.17734375 0.00703125 0.0328125
1 0.09375 0.184375 0.00546875 0.084375
1 0.28984375 0.1875 0.00703125 0.0296875
2 0.0875 0.18828125 0.00390625 0.065625
2 0.2625 0.0203125 0.0078125 0.03515625
2 0.3703125 0.19296875 0.00703125 0.02421875
2 0.14375 0.20390625 0.00859375 0.0296875
2 0.2734375 0.20625 0.01015625 0.04609375
2 0.4 0.209375 0.00859375 0.03515625
1 0.409375 0.21171875 0.0109375 0.0515625
2 0.2625 0.21875 0.00703125 0.0328125
2 0.3703125 0.2203125 0.00703125 0.02421875
1 0.04453125 0.23359375 0.01015625 0.04609375
2 0.14375 0.2390625 0.00703125 0.0296875
0 0.33984375 0.24453125 0.04453125 0.35234375
1 0.51796875 0.2515625 0.00625 0.08203125
1 0.509375 0.2515625 0.00625 0.08203125
2 0.3703125 0.25390625 0.00703125 0.02734375
2 0.1359375 0.25390625 0.0046875 0.07109375
1 0.21015625 0.25546875 0.00546875 0.07890625
1 0.22734375 0.25546875 0.00546875 0.084375
1 0.203125 0.25703125 0.00625 0.08203125
1 0.196875 0.2578125 0.00546875 0.07890625
1 0.22109375 0.2578125 0.00625 0.07890625
2 0.2625 0.259375 0.00859375 0.02734375
2 0.31015625 0.26796875 0.00703125 0.02734375
2 0.15859375 0.26796875 0.003125 0.0546875
2 0.12578125 0.26796875 0.00859375 0.03828125
1 0.14375 0.271875 0.0078125 0.02421875
