2 0.44140625 0.91015625 0.08359375 0.02890625
2 0.47890625 0.80390625 0.09140625 0.03359375
2 0.46640625 0.69296875 0.08359375 0.03125
2 0.46640625 0.64609375 0.09140625 0.03125
0 0.51953125 0.53046875 0.125 0.07265625
1 0.09765625 0.246875 0.1 0.03515625
1 0.246875 0.24140625 0.08125 0.02734375
1 0.77265625 0.24140625 0.09375 0.03359375
1 0.92421875 0.240625 0.08984375 0.03125
2 0.09921875 0.29609375 0.08984375 0.03359375
2 0.24609375 0.29375 0.08359375 0.02734375
2 0.775 0.29296875 0.09140625 0.02734375
2 0.92578125 0.29375 0.08515625 0.02890625
1 0.51796875 0.34375 0.08125 0.0375
1 0.51640625 0.44453125 0.0875 0.02734375
2 0.51953125 0.39609375 0.10625 0.03359375
2 0.32421875 0.52421875 0.08125 0.02734375
2 0.70625 0.521875 0.09140625 0.03515625
2 0.709375 0.575 0.08984375 0.025
2 0.32421875 0.57265625 0.08125 0.02890625
