0 0.45546875 0.36015625 0.16875 0.3625
1 0.25234375 0.171875 0.05390625 0.05234375
1 0.25 0.24453125 0.05390625 0.04375
1 0.24453125 0.396875 0.04765625 0.03984375
1 0.24609375 0.475 0.05 0.04609375
1 0.24296875 0.696875 0.05234375 0.03515625
1 0.24765625 0.77421875 0.05390625 0.03984375
1 0.24609375 0.853125 0.05390625 0.03515625
1 0.64453125 0.08828125 0.05234375 0.03984375
1 0.65078125 0.16171875 0.04765625 0.04765625
1 0.76875 0.11484375 0.025 0.06640625
1 0.64765625 0.23515625 0.05 0.0375
1 0.684375 0.37890625 0.02734375 0.07890625
1 0.61953125 0.43515625 0.03515625 0.07109375
1 0.64609375 0.571875 0.05390625 0.04375
1 0.64296875 0.64921875 0.05234375 0.03125
1 0.646875 0.73125 0.04765625 0.05
1 0.790625 0.42890625 0.04375 0.0375
1 0.7875 0.49921875 0.05 0.04375
2 0.24921875 0.328125 0.05234375 0.04765625
2 0.24453125 0.54921875 0.04765625 0.03984375
2 0.24453125 0.63203125 0.06875 0.04375
2 0.77109375 0.57734375 0.0875 0.05390625
2 0.77421875 0.68984375 0.08984375 0.05859375
2 0.78046875 0.2375 0.08515625 0.05859375
2 0.778125 0.34609375 0.08515625 0.05390625
1 0.790625 0.834375 0.02734375 0.06875
2 0.609375 0.83203125 0.03984375 0.08984375
2 0.4625 0.08515625 0.05859375 0.05
