2 0.37109375 0.67734375 0.04140625 0.0375
2 0.23125 0.803125 0.04140625 0.02734375
2 0.23046875 0.83671875 0.03359375 0.02734375
2 0.42890625 0.80390625 0.0375 0.02265625
2 0.43125 0.83828125 0.0375 0.02734375
2 0.56796875 0.67890625 0.03984375 0.02734375
2 0.765625 0.67734375 0.03984375 0.02734375
2 0.878125 0.690625 0.02265625 0.04375
2 0.62734375 0.80546875 0.0375 0.01875
2 0.62578125 0.83984375 0.03515625 0.025
0 0.30234375 0.75625 0.07109375 0.14609375
0 0.50078125 0.75546875 0.07265625 0.15234375
0 0.696875 0.7625 0.06875 0.1625
1 0.82734375 0.68828125 0.025 0.04765625
1 0.853125 0.69453125 0.01875 0.04765625
