2 0.39375 0.5625 0.11640625 0.07890625
1 0.08671875 0.42734375 0.01875 0.075
1 0.06484375 0.47421875 0.0125 0.04765625
2 0.06484375 0.42109375 0.0125 0.04609375
2 0.090625 0.48984375 0.02265625 0.03359375
0 0.159375 0.509375 0.05625 0.20625
2 0.22890625 0.76484375 0.025 0.04140625
2 0.23671875 0.59140625 0.01015625 0.05859375
2 0.21875 0.53046875 0.0125 0.06015625
1 0.23359375 0.515625 0.0125 0.05390625
1 0.178125 0.70234375 0.05390625 0.125
2 0.259375 0.70703125 0.03125 0.03984375
2 0.290625 0.7625 0.03125 0.05
