1 0.22734375 0.86875 0.1125 0.10234375
0 0.45703125 0.46953125 0.25625 0.12265625
0 0.77421875 0.51484375 0.12265625 0.075
2 0.240625 0.44296875 0.04375 0.06015625
2 0.321875 0.32265625 0.09765625 0.05
2 0.61875 0.31484375 0.08359375 0.04609375
2 0.51484375 0.059375 0.13359375 0.04765625
2 0.51171875 0.14765625 0.13125 0.04140625
2 0.92734375 0.42578125 0.08984375 0.03515625
2 0.834375 0.88359375 0.06875 0.07109375
2 0.34140625 0.896875 0.06015625 0.06484375
2 0.44140625 0.89609375 0.05625 0.075
2 0.53515625 0.89609375 0.05859375 0.075
1 0.24453125 0.521875 0.05234375 0.05234375
1 0.646875 0.44375 0.04375 0.05859375
1 0.796875 0.42265625 0.09765625 0.0375
1 0.64375 0.52109375 0.05 0.07109375
1 0.81953125 0.64140625 0.06875 0.07890625
1 0.82421875 0.74296875 0.06484375 0.07265625
1 0.2 0.73515625 0.05234375 0.06640625
