1 0.26640625 0.215625 0.02734375 0.02265625
1 0.271875 0.23828125 0.0140625 0.01171875
1 0.2546875 0.29765625 0.0140625 0.0109375
1 0.37421875 0.240625 0.0140625 0.0109375
1 0.37421875 0.22109375 0.0140625 0.0109375
1 0.37421875 0.14765625 0.0140625 0.01171875
1 0.36875 0.2640625 0.01640625 0.0171875
1 0.36875 0.2828125 0.0140625 0.01171875
1 0.4015625 0.1359375 0.0140625 0.01171875
1 0.45859375 0.41875 0.00859375 0.0203125
1 0.2609375 0.334375 0.01484375 0.0375
1 0.23125 0.40234375 0.01484375 0.0375
1 0.23125 0.47109375 0.01484375 0.03828125
1 0.22890625 0.534375 0.01484375 0.0375
1 0.48359375 0.6234375 0.0140625 0.01171875
1 0.4625 0.6171875 0.01484375 0.01171875
1 0.5265625 0.66796875 0.0140625 0.01171875
1 0.38125 0.70390625 0.0140625 0.01171875
1 0.41875 0.63984375 0.0171875 0.01640625
1 0.44140625 0.63984375 0.0140625 0.0109375
1 0.4421875 0.6234375 0.01484375 0.0125
1 0.36875 0.6640625 0.0140625 0.01171875
1 0.3703125 0.68046875 0.0140625 0.01171875
1 0.40390625 0.7 0.00859375 0.0203125
1 0.4046875 0.74296875 0.0078125 0.0203125
1 0.403125 0.7671875 0.0140625 0.0125
1 0.4046875 0.79375 0.0140625 0.01171875
1 0.4046875 0.8171875 0.01640625 0.015625
1 0.3546875 0.84296875 0.0140625 0.0125
1 0.3546875 0.8265625 0.0140625 0.0125
2 0.3546875 0.809375 0.0140625 0.01171875
1 0.353125 0.78984375 0.01640625 0.01640625
1 0.35078125 0.671875 0.0078125 0.01953125
1 0.32421875 0.70078125 0.0140625 0.0109375
1 0.32421875 0.71796875 0.0140625 0.0109375
1 0.32421875 0.73515625 0.0140625 0.01171875
1 0.32421875 0.7515625 0.0140625 0.01171875
1 0.32421875 0.76875 0.0140625 0.0109375
1 0.32421875 0.78671875 0.0140625 0.0109375
2 0.32578125 0.80546875 0.01875 0.0171875
2 0.32578125 0.82890625 0.01875 0.0171875
1 0.4703125 0.83046875 0.0078125 0.0203125
1 0.48203125 0.8421875 0.00859375 0.0203125
1 0.49375 0.84296875 0.0078125 0.021875
1 0.50625 0.8390625 0.0109375 0.02421875
2 0.525 0.85 0.0140625 0.0125
1 0.525 0.825 0.0171875 0.01640625
1 0.5234375 0.80546875 0.0140625 0.0125
1 0.5234375 0.78828125 0.0140625 0.01171875
2 0.45234375 0.60078125 0.01484375 0.01171875
2 0.24765625 0.246875 0.01640625 0.01640625
1 0.57109375 0.83828125 0.00859375 0.0203125
1 0.575 0.7453125 0.0109375 0.0265625
1 0.59140625 0.74453125 0.0109375 0.02421875
1 0.60078125 0.78984375 0.00859375 0.021875
1 0.6046875 0.83359375 0.0140625 0.03984375
1 0.62109375 0.8359375 0.0078125 0.021875
1 0.6328125 0.83515625 0.0078125 0.0203125
1 0.6609375 0.8171875 0.01640625 0.0171875
1 0.71171875 0.81484375 0.015625 0.01640625
1 0.65703125 0.7390625 0.0140625 0.01171875
1 0.65 0.71484375 0.0265625 0.021875
1 0.6375 0.6890625 0.01640625 0.015625
1 0.60625 0.70234375 0.0078125 0.01953125
1 0.66484375 0.67578125 0.0125 0.01171875
1 0.6734375 0.653125 0.01640625 0.01640625
1 0.78671875 0.73984375 0.0109375 0.02421875
1 0.8 0.7375 0.0078125 0.0203125
1 0.8 0.77421875 0.025 0.0203125
1 0.79375 0.71171875 0.015625 0.01640625
1 0.79375 0.6921875 0.0140625 0.01171875
1 0.8015625 0.66640625 0.0140625 0.0125
1 0.6734375 0.62734375 0.0140625 0.0125
1 0.721875 0.6046875 0.0171875 0.01640625
1 0.73984375 0.6 0.00859375 0.01953125
1 0.784375 0.5953125 0.01640625 0.0171875
1 0.78203125 0.6265625 0.0140625 0.01171875
1 0.8015625 0.59921875 0.00859375 0.0203125
1 0.8359375 0.5984375 0.0078125 0.021875
1 0.7953125 0.54453125 0.00859375 0.0203125
1 0.7703125 0.54453125 0.00859375 0.0203125
1 0.75859375 0.5453125 0.00859375 0.0203125
1 0.75 0.3984375 0.015625 0.015625
1 0.74609375 0.3390625 0.0171875 0.0171875
1 0.8140625 0.30234375 0.0109375 0.02421875
1 0.56953125 0.26875 0.0078125 0.01953125
1 0.58203125 0.2703125 0.01171875 0.025
1 0.5796875 0.21171875 0.0125 0.0109375
1 0.5796875 0.228125 0.0140625 0.01171875
1 0.60078125 0.22890625 0.01484375 0.0125
1 0.6265625 0.2140625 0.0078125 0.0203125
1 0.5953125 0.271875 0.0078125 0.01953125
1 0.609375 0.271875 0.0078125 0.01953125
1 0.6203125 0.27109375 0.0078125 0.0203125
1 0.62578125 0.30703125 0.0078125 0.0203125
1 0.640625 0.13828125 0.0078125 0.0203125
1 0.65234375 0.1375 0.0078125 0.021875
1 0.71171875 0.1375 0.01171875 0.025
1 0.725 0.1375 0.00859375 0.02265625
1 0.73984375 0.1375 0.00859375 0.0203125
2 0.22265625 0.20703125 0.0140625 0.01171875
2 0.30546875 0.14453125 0.0140625 0.01171875
2 0.228125 0.32578125 0.0140625 0.0125
2 0.3375 0.1359375 0.0140625 0.01171875
2 0.30546875 0.16171875 0.0140625 0.0125
2 0.37421875 0.18046875 0.0140625 0.0125
2 0.34375 0.240625 0.0140625 0.0125
2 0.22734375 0.309375 0.0140625 0.0125
2 0.2953125 0.290625 0.0140625 0.01171875
2 0.37421875 0.1640625 0.0140625 0.01171875
2 0.29921875 0.21796875 0.01484375 0.01171875
2 0.34375 0.2578125 0.0140625 0.01171875
2 0.34375 0.27734375 0.0140625 0.01171875
2 0.34453125 0.29453125 0.0140625 0.0125
2 0.228125 0.2921875 0.0140625 0.0125
2 0.36796875 0.29921875 0.0140625 0.0125
2 0.2953125 0.309375 0.01484375 0.0125
2 0.30390625 0.1890625 0.01484375 0.0390625
2 0.30625 0.25 0.01484375 0.0390625
0 0.46484375 0.2609375 0.1109375 0.23125
2 0.46953125 0.41875 0.0078125 0.01953125
2 0.51875 0.5796875 0.0078125 0.01953125
2 0.49609375 0.428125 0.0078125 0.01953125
2 0.5140625 0.459375 0.0078125 0.01953125
2 0.48828125 0.459375 0.0078125 0.01953125
2 0.4765625 0.45625 0.0078125 0.01953125
2 0.51875 0.54375 0.0078125 0.0203125
2 0.18125 0.82734375 0.0140625 0.0125
2 0.278125 0.5703125 0.0078125 0.01953125
2 0.484375 0.54375 0.0078125 0.01953125
2 0.47578125 0.57734375 0.0140625 0.0125
2 0.328125 0.66328125 0.0140625 0.0125
2 0.35078125 0.76875 0.0140625 0.01171875
2 0.35078125 0.7 0.0140625 0.01171875
2 0.35078125 0.71796875 0.0140625 0.01171875
2 0.35078125 0.734375 0.0140625 0.01171875
2 0.35078125 0.7515625 0.0140625 0.01171875
2 0.38125 0.72578125 0.0140625 0.0125
0 0.38125 0.77421875 0.02421875 0.0359375
0 0.46640625 0.728125 0.07890625 0.11640625
2 0.396875 0.84296875 0.0078125 0.021875
2 0.371875 0.8421875 0.0078125 0.0203125
2 0.3828125 0.84296875 0.0078125 0.0203125
2 0.328125 0.68125 0.0140625 0.0125
2 0.4140625 0.8453125 0.0140625 0.0125
2 0.57109375 0.80703125 0.00859375 0.0203125
2 0.58515625 0.83515625 0.01171875 0.025
2 0.7328125 0.84296875 0.0171875 0.0171875
2 0.7015625 0.84609375 0.025 0.02265625
2 0.6859375 0.8171875 0.0140625 0.01171875
1 0.67265625 0.7953125 0.0140625 0.01171875
0 0.5859375 0.6859375 0.0234375 0.0359375
0 0.61015625 0.66875 0.01875 0.0171875
2 0.64921875 0.64765625 0.0140625 0.0125
2 0.7625 0.83046875 0.0125 0.0125
2 0.7625 0.84765625 0.015625 0.01171875
2 0.7609375 0.8109375 0.0140625 0.0125
2 0.8140625 0.7484375 0.0140625 0.0125
2 0.846875 0.784375 0.01640625 0.0171875
2 0.85234375 0.7 0.0140625 0.0125
2 0.671875 0.7609375 0.0140625 0.01171875
2 0.671875 0.77734375 0.0140625 0.01171875
2 0.6640625 0.69375 0.0140625 0.01171875
0 0.728125 0.715625 0.0484375 0.1609375
2 0.70703125 0.621875 0.0140625 0.0125
2 0.84609375 0.5984375 0.00859375 0.01953125
2 0.75078125 0.5984375 0.00859375 0.01953125
2 0.7625 0.5984375 0.00859375 0.01953125
2 0.81171875 0.5984375 0.00859375 0.01953125
2 0.79375 0.646875 0.0140625 0.0125
2 0.85234375 0.646875 0.0140625 0.0125
0 0.8234375 0.6359375 0.01484375 0.0375
2 0.784375 0.46953125 0.0078125 0.0203125
2 0.78125 0.67265625 0.0140625 0.0125
2 0.82890625 0.66328125 0.0140625 0.0125
2 0.78046875 0.5453125 0.0078125 0.0203125
2 0.859375 0.53828125 0.0078125 0.0203125
2 0.859375 0.4953125 0.0078125 0.0203125
2 0.784375 0.39140625 0.0140625 0.01171875
2 0.859375 0.45625 0.0078125 0.0203125
2 0.7640625 0.440625 0.0140625 0.01171875
2 0.7828125 0.42578125 0.0140625 0.01171875
2 0.815625 0.54375 0.01171875 0.025
2 0.8296875 0.41484375 0.0078125 0.0203125
2 0.809375 0.375 0.0140625 0.01171875
2 0.784375 0.37421875 0.0140625 0.0109375
2 0.721875 0.371875 0.0140625 0.01171875
2 0.71015625 0.35546875 0.0140625 0.01171875
2 0.69921875 0.32734375 0.0140625 0.0125
2 0.78203125 0.3390625 0.00859375 0.01953125
2 0.8 0.30234375 0.0078125 0.0203125
2 0.8265625 0.3015625 0.0078125 0.0203125
2 0.603125 0.30546875 0.02734375 0.02265625
0 0.70390625 0.24375 0.140625 0.11796875
2 0.6828125 0.13828125 0.00859375 0.0203125
2 0.5796875 0.13046875 0.0140625 0.0125
2 0.5796875 0.16640625 0.0140625 0.0125
2 0.5796875 0.1828125 0.01484375 0.0125
2 0.61640625 0.2140625 0.0078125 0.0203125
2 0.53203125 0.7359375 0.0078125 0.01953125
0 0.34296875 0.18203125 0.02734375 0.065625
0 0.6125 0.17109375 0.02421875 0.04375
