1.0 0.43281249999999993 0.27578125 0.07265625 0.03125
1.0 0.7484374999999999 0.72578125 0.065625 0.02578125
1.0 0.4265625 0.18046874999999998 0.0640625 0.03671875
1.0 0.4335937499999999 0.64921875 0.2671875 0.253125
2.0 0.7921874999999998 0.86171875 0.06640625 0.03515625
2.0 0.8296874999999998 0.7242187500000001 0.06796875 0.03125
2.0 0.7062499999999998 0.86640625 0.07109375 0.034375
2.0 0.6226562499999999 0.47734375 0.0640625 0.03125
1.0 0.415625 0.08828124999999998 0.0296875 0.05390625
2.0 0.45546875 0.08984374999999999 0.02734375 0.05
2.0 0.48984375 0.08984375 0.02578125 0.05546875
0.0 0.23671875 0.20703124999999994 0.2625 0.22578125
