2 0.8703125 0.3625 0.07265625 0.03984375
2 0.8765625 0.60859375 0.04296875 0.02734375
2 0.8796875 0.771875 0.04140625 0.02734375
2 0.87890625 0.73671875 0.0484375 0.02421875
1 0.88046875 0.95078125 0.04296875 0.02734375
2 0.8796875 0.91328125 0.046875 0.03125
2 0.85859375 0.525 0.04375 0.02421875
1 0.5796875 0.85546875 0.2671875 0.27421875
1 0.53984375 0.17734375 0.403125 0.33203125
1 0.30625 0.865625 0.26875 0.26875
1 0.85546875 0.48984375 0.03828125 0.01953125
0 0.83984375 0.07734375 0.1265625 0.1546875