1 0.95625 0.14453125 0.03671875 0.0796875
1 0.68671875 0.5046875 0.03515625 0.07265625
1 0.7359375 0.51171875 0.03984375 0.08359375
1 0.4875 0.8203125 0.034375 0.078125
1 0.53359375 0.82109375 0.04375 0.0765625
1 0.48828125 0.92109375 0.04375 0.07265625
1 0.53828125 0.9203125 0.03984375 0.0765625
1 0.4484375 0.23828125 0.03828125 0.078125
1 0.49921875 0.23828125 0.04140625 0.075
1 0.55390625 0.240625 0.034375 0.075
1 0.6078125 0.23359375 0.03984375 0.06640625
1 0.80859375 0.225 0.04375 0.0640625
1 0.81484375 0.39765625 0.19453125 0.2015625
1 0.453125 0.340625 0.04296875 0.0796875
1 0.61328125 0.33984375 0.03515625 0.07265625
1 0.6609375 0.3375 0.0328125 0.06953125
1 0.503125 0.340625 0.03671875 0.07421875
1 0.55859375 0.33671875 0.04140625 0.06796875
1 0.6625 0.24140625 0.03828125 0.05390625
1 0.71875 0.2390625 0.03671875 0.07265625
1 0.34296875 0.75 0.20625 0.23046875
