1.0 0.14453124999999997 0.04375 0.0796875 0.03671875
1.0 0.5046875 0.31328125 0.07265625 0.03515625
1.0 0.51171875 0.2640625 0.08359375 0.03984375
1.0 0.8203125 0.5125000000000001 0.078125 0.034375
1.0 0.82109375 0.4664062500000001 0.0765625 0.04375
1.0 0.92109375 0.5117187500000001 0.07265625 0.04375
1.0 0.9203125 0.46171875000000007 0.0765625 0.03984375
1.0 0.23828124999999994 0.5515625 0.078125 0.03828125
1.0 0.23828124999999994 0.50078125 0.075 0.04140625
1.0 0.24062499999999995 0.44609375 0.075 0.034375
1.0 0.23359374999999996 0.3921875 0.06640625 0.03984375
1.0 0.22499999999999995 0.19140625 0.0640625 0.04375
1.0 0.39765624999999993 0.18515625 0.2015625 0.19453125
1.0 0.34062499999999996 0.546875 0.0796875 0.04296875
1.0 0.33984374999999994 0.38671875 0.07265625 0.03515625
1.0 0.33749999999999997 0.3390625 0.06953125 0.0328125
1.0 0.34062499999999996 0.496875 0.07421875 0.03671875
1.0 0.33671874999999996 0.44140625 0.06796875 0.04140625
1.0 0.24140624999999996 0.3375 0.05390625 0.03828125
1.0 0.23906249999999996 0.28125 0.07265625 0.03671875
1.0 0.7499999999999999 0.65703125 0.23046875 0.20625
