1.0 0.5453124999999999 0.33203125 0.27265625 0.234375
1.0 0.5499999999999999 0.5765625 0.278125 0.253125
1.0 0.5492187499999999 0.82578125 0.2796875 0.24609375
2.0 0.6945312499999998 0.68359375 0.02265625 0.04375
2.0 0.7265624999999998 0.68671875 0.02421875 0.05234375
2.0 0.7601562499999999 0.6828125 0.02265625 0.046875
1.0 0.7656249999999998 0.7484375000000001 0.02578125 0.03984375
1.0 0.8007812499999998 0.6835937500000001 0.02265625 0.03984375
0.0 0.2101562499999999 0.6828124999999999 0.30703125 0.29375
0.0 0.82109375 0.5398437500000001 0.16171875 0.13359375
2.0 0.9124999999999999 0.7617187500000001 0.0296875 0.04375
2.0 0.8320312499999998 0.6796875000000001 0.02421875 0.04375
2.0 0.8749999999999998 0.6757812500000001 0.02265625 0.0453125
2.0 0.9054687499999998 0.6726562500000001 0.02109375 0.04140625
