1.0 0.4546874999999999 0.66796875 0.27265625 0.234375
1.0 0.4499999999999999 0.4234375 0.278125 0.253125
1.0 0.45078125 0.17421875 0.2796875 0.24609375
2.0 0.30546874999999996 0.31640625 0.02265625 0.04375
2.0 0.27343749999999994 0.31328125 0.02421875 0.05234375
2.0 0.23984374999999997 0.3171875 0.02265625 0.046875
1.0 0.23437499999999994 0.2515625 0.02578125 0.03984375
1.0 0.19921874999999994 0.31640625 0.02265625 0.03984375
0.0 0.78984375 0.31718750000000007 0.30703125 0.29375
0.0 0.17890624999999993 0.46015625 0.16171875 0.13359375
2.0 0.08749999999999995 0.23828125 0.0296875 0.04375
2.0 0.16796874999999994 0.3203125 0.02421875 0.04375
2.0 0.12499999999999996 0.32421875 0.02265625 0.0453125
2.0 0.09453124999999996 0.32734375 0.02109375 0.04140625
