0.0 0.73046875 0.09765625 0.16796875 0.1265625
0.0 0.14687499999999998 0.0703125 0.1578125 0.11796875
1.0 0.21484374999999992 0.70703125 0.328125 0.453125
1.0 0.40937499999999993 0.39921875 0.33515625 0.403125
1.0 0.83046875 0.4000000000000001 0.33125 0.39921875
1.0 0.653125 0.6921875 0.3296875 0.43046875
2.0 0.31406249999999997 0.1375 0.034375 0.01953125
2.0 0.31484375 0.10390625 0.0328125 0.01953125
2.0 0.3109375 0.06640625 0.03125 0.01953125
2.0 0.31249999999999994 0.03125 0.034375 0.01953125
2.0 0.19218749999999996 0.14765625 0.03515625 0.01953125
1.0 0.43125 0.13671875 0.03515625 0.01953125
2.0 0.42890625 0.10078125 0.03984375 0.01953125
1.0 0.428125 0.06484375 0.03828125 0.02421875
1.0 0.09609374999999996 0.15 0.04140625 0.02421875
