1.0 0.05859375 0.4124999999999999 0.04375 0.078125
2.0 0.11953125 0.40937499999999993 0.03671875 0.07109375
2.0 0.17265625 0.4117187499999999 0.04140625 0.065625
2.0 0.2242187499999999 0.4078124999999999 0.034375 0.06796875
2.0 0.2734374999999999 0.4023437499999999 0.03515625 0.07421875
2.0 0.3242187499999999 0.40546875 0.03984375 0.07265625
2.0 0.2679687499999999 0.29765624999999996 0.03515625 0.06953125
2.0 0.37578124999999984 0.9125 0.04375 0.08984375
1.0 0.3179687499999999 0.2953125 0.03984375 0.08515625
1.0 0.8734375 0.060156250000000064 0.06796875 0.03515625
1.0 0.5398437499999998 0.73828125 0.3578125 0.403125
1.0 0.92578125 0.4140625000000001 0.03671875 0.05859375
