2.0 0.13671874999999983 0.7171874999999999 0.03515625 0.0640625
2.0 0.0453125 0.3796874999999999 0.03125 0.06015625
2.0 0.0515625 0.4664062499999999 0.03515625 0.065625
2.0 0.2679687499999999 0.71953125 0.0328125 0.06875
2.0 0.3062499999999999 0.72109375 0.02734375 0.0703125
1.0 0.3476562499999999 0.715625 0.03515625 0.0671875
1.0 0.49999999999999983 0.7734375 0.06796875 0.040625
1.0 0.0484375 0.2906249999999999 0.034375 0.05234375
2.0 0.2015624999999998 0.778125 0.05078125 0.034375
1.0 0.6289062499999999 0.475 0.028125 0.04921875
1.0 0.78984375 0.10234375000000004 0.0453125 0.028125
1.0 0.8726562499999998 0.7695312500000001 0.23984375 0.234375
1.0 0.05078124999999982 0.5546874999999999 0.03515625 0.0625
1.0 0.01640625 0.03984374999999991 0.02734375 0.04921875
1.0 0.05703125 0.035937499999999914 0.034375 0.04765625
