2.0 0.5273437499999999 0.9234375 0.05 0.09921875
2.0 0.55546875 0.73046875 0.0453125 0.08515625
2.0 0.5843749999999999 0.5328125 0.046875 0.0796875
2.0 0.5953124999999999 0.33984375 0.0484375 0.07421875
2.0 0.59296875 0.14453125 0.04375 0.08359375
2.0 0.09296874999999993 0.60859375 0.04375 0.08125
2.0 0.14296874999999995 0.3921875 0.046875 0.08203125
2.0 0.14140624999999996 0.26875 0.05 0.08515625
2.0 0.08593749999999997 0.06640625 0.05 0.08671875
2.0 0.7382812499999999 0.92734375 0.05390625 0.0796875
2.0 0.7382812499999999 0.72890625 0.04375 0.0796875
2.0 0.7374999999999999 0.5335937500000001 0.0484375 0.075
2.0 0.7328124999999999 0.3382812500000001 0.05078125 0.08515625
2.0 0.7296875 0.140625 0.046875 0.090625
