1.0 0.39453125 0.67265625 0.40078125 0.35390625
1.0 0.3765625 0.31875 0.409375 0.35625
1.0 0.88515625 0.43046875 0.096875 0.0484375
1.0 0.87734375 0.36328125 0.075 0.046875
1.0 0.66171875 0.45390625 0.0765625 0.04375
1.0 0.6625 0.503125 0.078125 0.03984375
1.0 0.66640625 0.553125 0.07421875 0.04375
1.0 0.78984375 0.9140625 0.10546875 0.046875
1.0 0.78515625 0.9703125 0.08984375 0.0453125
2.0 0.76796875 0.62109375 0.08125 0.0453125
2.0 0.76953125 0.675 0.08828125 0.04296875
1.0 0.76953125 0.771875 0.1265625 0.1265625
