1.0 0.4726562499999999 0.3484375 0.046875 0.09765625
1.0 0.5851562499999999 0.3484375 0.096875 0.18359375
1.0 0.4257812499999999 0.63125 0.04140625 0.0921875
2.0 0.70234375 0.35234375000000007 0.04375 0.08515625
2.0 0.8367187499999998 0.6304687500000001 0.034375 0.08203125
2.0 0.9164062499999999 0.6304687500000001 0.03671875 0.0625
2.0 0.9226562499999998 0.84296875 0.03828125 0.078125
2.0 0.8382812499999999 0.84609375 0.034375 0.0640625
2.0 0.4273437499999998 0.86796875 0.04296875 0.06796875
0.0 0.6124999999999998 0.75625 0.28125 0.3734375
