1.0 0.6726562499999998 0.60546875 0.35390625 0.40078125
1.0 0.3187499999999999 0.6234375 0.35625 0.409375
1.0 0.43046875 0.11484374999999998 0.0484375 0.096875
1.0 0.36328125 0.12265624999999998 0.046875 0.075
1.0 0.4539062499999999 0.33828125 0.04375 0.0765625
1.0 0.5031249999999999 0.3375 0.03984375 0.078125
1.0 0.5531249999999999 0.33359375 0.04375 0.07421875
1.0 0.9140625 0.2101562500000001 0.046875 0.10546875
1.0 0.9703125 0.21484375000000008 0.0453125 0.08984375
2.0 0.62109375 0.23203125 0.0453125 0.08125
2.0 0.675 0.23046875000000006 0.04296875 0.08828125
1.0 0.771875 0.23046875000000006 0.1265625 0.1265625
