2 0.63046875 0.3328125 0.015625 0.01015625
2 0.76640625 0.3328125 0.015625 0.01015625
1 0.71953125 0.33671875 0.0171875 0.01015625
1 0.2953125 0.3375 0.01640625 0.01171875
1 0.43359375 0.34375 0.01640625 0.01171875
1 0.15546875 0.34375 0.01640625 0.0109375
2 0.340625 0.34453125 0.015625 0.0109375
1 0.12890625 0.346875 0.01640625 0.040625
2 0.19609375 0.3484375 0.015625 0.01015625
2 0.76640625 0.35546875 0.015625 0.009375
2 0.4859375 0.35703125 0.01640625 0.0109375
2 0.43359375 0.35859375 0.01484375 0.01015625
2 0.6296875 0.36015625 0.01640625 0.0109375
1 0.19609375 0.3609375 0.01640625 0.0109375
1 0.5796875 0.3671875 0.0171875 0.0109375
2 0.5984375 0.3671875 0.01484375 0.01015625
2 0.484375 0.3703125 0.01484375 0.009375
2 0.34140625 0.3734375 0.01484375 0.009375
2 0.196875 0.3734375 0.01640625 0.01015625
2 0.48515625 0.38359375 0.015625 0.00859375
2 0.165625 0.38515625 0.01953125 0.01640625
1 0.1359375 0.38828125 0.03046875 0.02109375
2 0.48515625 0.39609375 0.01484375 0.0109375
0 0.44140625 0.40390625 0.0375 0.05546875
0 0.60078125 0.40859375 0.03828125 0.0578125
1 0.26328125 0.41171875 0.00625 0.0234375
0 0.2765625 0.4203125 0.01640625 0.03359375
1 0.4703125 0.4234375 0.00703125 0.025
2 0.30078125 0.42578125 0.015625 0.01015625
2 0.3015625 0.440625 0.015625 0.009375
2 0.5140625 0.44921875 0.015625 0.0109375
2 0.46640625 0.44921875 0.01640625 0.01015625
2 0.30234375 0.453125 0.01640625 0.009375
2 0.51484375 0.45390625 0.015625 0.01015625
1 0.42265625 0.4546875 0.01640625 0.021875
1 0.640625 0.4578125 0.00625 0.0234375
1 0.2015625 0.459375 0.009375 0.025
1 0.35625 0.459375 0.015625 0.021875
1 0.2296875 0.4609375 0.00625 0.02421875
2 0.3015625 0.465625 0.015625 0.0109375
2 0.5171875 0.4703125 0.01484375 0.01171875
0 0.2625 0.4765625 0.028125 0.0390625
1 0.3015625 0.47734375 0.01640625 0.0109375
2 0.51640625 0.484375 0.01640625 0.0125
1 0.2125 0.48671875 0.00625 0.0234375
2 0.19296875 0.48828125 0.00625 0.02265625
2 0.21796875 0.490625 0.00625 0.0234375
1 0.30625 0.49375 0.03046875 0.02109375
2 0.51640625 0.5 0.015625 0.01171875
2 0.30234375 0.50859375 0.01484375 0.009375
1 0.32734375 0.509375 0.015625 0.0234375
2 0.5171875 0.5140625 0.01484375 0.01171875
1 0.46640625 0.515625 0.01640625 0.02265625
2 0.30078125 0.52109375 0.015625 0.00859375
1 0.2484375 0.5234375 0.00625 0.0234375
2 0.19375 0.5234375 0.015625 0.01015625
2 0.23984375 0.52421875 0.00703125 0.0203125
2 0.25859375 0.52421875 0.0078125 0.0234375
2 0.26171875 0.5265625 0.00625 0.021875
2 0.278125 0.52890625 0.01640625 0.01015625
2 0.221875 0.5296875 0.015625 0.01015625
1 0.55703125 0.53125 0.01640625 0.0109375
1 0.22265625 0.54375 0.01640625 0.009375
0 0.390625 0.54375 0.11875 0.1640625
1 0.265625 0.55 0.0046875 0.02421875
1 0.3140625 0.55625 0.00625 0.0234375
1 0.253125 0.559375 0.01640625 0.0421875
1 0.22421875 0.5609375 0.015625 0.00859375
1 0.303125 0.56171875 0.015625 0.0421875
1 0.290625 0.56640625 0.00625 0.02265625
1 0.240625 0.5671875 0.00625 0.02421875
0 0.5515625 0.56796875 0.05 0.05390625
1 0.51875 0.56953125 0.015625 0.03984375
1 0.50234375 0.57109375 0.01484375 0.0421875
2 0.225 0.575 0.01640625 0.0125
2 0.71015625 0.578125 0.015625 0.0109375
1 0.634375 0.58984375 0.00625 0.02421875
1 0.45234375 0.5953125 0.01484375 0.0203125
1 0.7296875 0.5984375 0.01640625 0.00859375
2 0.225 0.60078125 0.01640625 0.01171875
2 0.48046875 0.60234375 0.015625 0.021875
2 0.4953125 0.6046875 0.00625 0.021875
1 0.225 0.61484375 0.01640625 0.01015625
2 0.75703125 0.6171875 0.00703125 0.02265625
0 0.73046875 0.6234375 0.0421875 0.0390625
2 0.30703125 0.63125 0.00625 0.021875
1 0.325 0.63203125 0.00546875 0.021875
1 0.2671875 0.6328125 0.00625 0.0234375
2 0.31640625 0.6328125 0.00625 0.02109375
2 0.2875 0.6328125 0.00625 0.021875
1 0.29609375 0.6328125 0.00625 0.0203125
2 0.24921875 0.6328125 0.00703125 0.0234375
2 0.278125 0.6328125 0.00703125 0.021875
2 0.25859375 0.63359375 0.00625 0.0234375
2 0.225 0.634375 0.01640625 0.0109375
1 0.4203125 0.6359375 0.015625 0.02109375
1 0.33984375 0.63828125 0.00625 0.02421875
1 0.35 0.63828125 0.00625 0.02421875
1 0.23984375 0.63984375 0.00625 0.02421875
1 0.225 0.646875 0.01640625 0.01015625
2 0.63125 0.65546875 0.00703125 0.02421875
2 0.60625 0.6578125 0.00703125 0.02265625
1 0.36328125 0.66015625 0.01640625 0.009375
2 0.53359375 0.6609375 0.01640625 0.01015625
2 0.57109375 0.66171875 0.015625 0.01171875
2 0.2875 0.66640625 0.00625 0.02265625
1 0.278125 0.6671875 0.00703125 0.02421875
2 0.32578125 0.6671875 0.00625 0.02265625
2 0.315625 0.66640625 0.00703125 0.0234375
1 0.30703125 0.6671875 0.00625 0.02421875
2 0.225 0.6671875 0.01484375 0.009375
1 0.25 0.6671875 0.00625 0.0234375
2 0.296875 0.6671875 0.00625 0.02265625
2 0.2671875 0.6671875 0.00703125 0.02265625
2 0.25859375 0.66796875 0.00703125 0.0234375
2 0.4359375 0.66875 0.01640625 0.01171875
2 0.74296875 0.66953125 0.01484375 0.00859375
2 0.725 0.6703125 0.01484375 0.009375
2 0.7671875 0.6734375 0.00703125 0.0234375
1 0.19921875 0.69609375 0.01640625 0.01171875
2 0.27109375 0.70703125 0.01484375 0.01015625
2 0.19921875 0.7078125 0.015625 0.01171875
2 0.5140625 0.7109375 0.00625 0.0234375
2 0.27109375 0.7203125 0.015625 0.01015625
2 0.2 0.72109375 0.015625 0.0109375
1 0.4859375 0.7296875 0.015625 0.01015625
2 0.38515625 0.73046875 0.01640625 0.009375
1 0.2 0.7328125 0.015625 0.01015625
2 0.79453125 0.7421875 0.015625 0.00859375
2 0.38515625 0.7421875 0.01640625 0.0109375
2 0.7765625 0.7421875 0.015625 0.00859375
2 0.2 0.7453125 0.01640625 0.01171875
2 0.50234375 0.75 0.0046875 0.00390625
2 0.50234375 0.75 0.015625 0.00859375
1 0.47421875 0.75390625 0.00625 0.02421875
0 0.45625 0.7546875 0.0265625 0.0484375
2 0.38515625 0.7546875 0.01484375 0.0109375
2 0.31171875 0.778125 0.00703125 0.02265625
2 0.3984375 0.79296875 0.00625 0.021875
2 0.78671875 0.80234375 0.01640625 0.00625
2 0.4828125 0.8046875 0.01015625 0.01015625
1 0.71015625 0.81328125 0.03046875 0.02109375
2 0.6484375 0.81484375 0.00703125 0.02265625
2 0.5984375 0.81640625 0.00703125 0.0234375
2 0.31640625 0.825 0.01484375 0.01015625
2 0.77421875 0.1734375 0.0421875 0.02578125
2 0.71171875 0.17421875 0.04296875 0.02734375
2 0.64375 0.17421875 0.04375 0.02890625
2 0.5015625 0.1765625 0.04375 0.025
2 0.56875 0.1765625 0.04296875 0.02734375
2 0.43046875 0.178125 0.04375 0.02734375
2 0.35703125 0.17890625 0.04375 0.028125
2 0.28515625 0.1796875 0.04375 0.0265625
2 0.2140625 0.18125 0.04375 0.02578125
1 0.43984375 0.2046875 0.01640625 0.02265625
1 0.58359375 0.2046875 0.01640625 0.0234375
1 0.72265625 0.20703125 0.01484375 0.021875
1 0.29765625 0.209375 0.01640625 0.0234375
1 0.15 0.2109375 0.015625 0.021875
1 0.12890625 0.26015625 0.01484375 0.04140625
0 0.60859375 0.26171875 0.04453125 0.0625
0 0.74375 0.2625 0.0453125 0.0640625
0 0.46640625 0.26328125 0.0453125 0.06171875
0 0.3203125 0.265625 0.0453125 0.06328125
0 0.175 0.26640625 0.04609375 0.06640625
1 0.128125 0.303125 0.01484375 0.0421875
1 0.57734375 0.30546875 0.01640625 0.01171875
1 0.71796875 0.30546875 0.01640625 0.009375
1 0.62890625 0.30625 0.0171875 0.0109375
1 0.76640625 0.309375 0.01640625 0.0078125
1 0.2953125 0.3140625 0.01640625 0.0109375
1 0.48515625 0.31640625 0.0171875 0.01015625
1 0.34296875 0.3171875 0.01640625 0.0109375
1 0.43359375 0.31875 0.01640625 0.0109375
2 0.6296875 0.31875 0.01640625 0.009375
1 0.57734375 0.31796875 0.01640625 0.01171875
1 0.15234375 0.31875 0.01640625 0.0109375
2 0.76640625 0.321875 0.015625 0.0078125
1 0.71796875 0.321875 0.01640625 0.0109375
2 0.19609375 0.32421875 0.01640625 0.0109375
1 0.2953125 0.3265625 0.01640625 0.0109375
2 0.340625 0.33046875 0.015625 0.01015625
2 0.48515625 0.33046875 0.015625 0.009375
1 0.43359375 0.33125 0.01640625 0.0109375
1 0.57734375 0.33125 0.01640625 0.0109375
1 0.15234375 0.33125 0.01640625 0.01171875
