0.0 0.221875 0.21953124999999996 0.3296875 0.32265625
1.0 0.3640625 0.06328124999999997 0.03828125 0.05859375
1.0 0.60234375 0.32421875 0.18203125 0.09921875
1.0 0.7476562499999998 0.671875 0.18046875 0.11328125
1.0 0.8398437499999998 0.5734375 0.05703125 0.03515625
1.0 0.7453124999999999 0.57265625 0.02109375 0.03984375
1.0 0.5976562499999999 0.4515625 0.05703125 0.03125
1.0 0.6843749999999998 0.80859375 0.0453125 0.02421875
1.0 0.3609374999999998 0.7875 0.02578125 0.05234375
1.0 0.41015624999999983 0.7859375 0.02265625 0.05
1.0 0.36249999999999993 0.70078125 0.02265625 0.04375
1.0 0.2062499999999999 0.6140625 0.0484375 0.02421875
1.0 0.21874999999999992 0.39765624999999993 0.034375 0.0140625
1.0 0.20937499999999992 0.44062499999999993 0.046875 0.01953125
1.0 0.12109375 0.44062499999999993 0.0453125 0.02265625
1.0 0.53359375 0.20625 0.1125 0.090625
1.0 0.421875 0.15859374999999998 0.04296875 0.02421875
1.0 0.4140625 0.20078125 0.0328125 0.01875
1.0 0.3789062499999999 0.49765625 0.02265625 0.04375
1.0 0.5070312499999999 0.6359375 0.0484375 0.02421875
2.0 0.4242187499999999 0.5 0.02734375 0.0484375
2.0 0.4726562499999999 0.5015625 0.02578125 0.05078125
1.0 0.52421875 0.503125 0.02265625 0.0484375
1.0 0.15 0.3968749999999999 0.0328125 0.015625
1.0 0.3171874999999999 0.61328125 0.046875 0.02578125
2.0 0.5906249999999998 0.91171875 0.0625 0.03671875
2.0 0.5960937499999999 0.51640625 0.05859375 0.03828125
2.0 0.5968749999999999 0.640625 0.059375 0.034375
2.0 0.3804687499999999 0.34531249999999997 0.0625 0.03671875
