1.0 0.6523437499999998 0.615625 0.184375 0.21171875
1.0 0.15703125 0.21484374999999994 0.21484375 0.17734375
1.0 0.41640625 0.09218749999999998 0.040625 0.02421875
1.0 0.72734375 0.09375000000000003 0.046875 0.03359375
1.0 0.16953125 0.07578124999999994 0.05859375 0.034375
1.0 0.5171875 0.0890625 0.015625 0.02578125
1.0 0.9171874999999998 0.5531250000000001 0.165625 0.21875
1.0 0.64609375 0.046093750000000024 0.02890625 0.01328125
2.0 0.54609375 0.08828125 0.01640625 0.03046875
2.0 0.57421875 0.08671875000000001 0.01484375 0.02890625
2.0 0.4351562499999999 0.27890625 0.015625 0.03125
2.0 0.4632812499999999 0.28046875 0.01484375 0.034375
2.0 0.4320312499999999 0.3390625 0.01640625 0.03671875
2.0 0.46406249999999993 0.34140625 0.01796875 0.02890625
2.0 0.365625 0.013281249999999972 0.02890625 0.01328125
