2.0 0.7531249999999999 0.603125 0.06796875 0.04140625
2.0 0.7539062499999998 0.66484375 0.059375 0.03671875
2.0 0.9132812499999998 0.7164062500000001 0.03671875 0.05859375
2.0 0.40234375 0.06328124999999998 0.0640625 0.0328125
2.0 0.2 0.22265624999999994 0.06796875 0.03671875
2.0 0.1765625 0.39218749999999997 0.0609375 0.03671875
2.0 0.703125 0.26250000000000007 0.0625 0.03125
2.0 0.6046875 0.26796875 0.0609375 0.0328125
2.0 0.3539062499999999 0.32031249999999994 0.059375 0.04140625
1.0 0.8429687499999998 0.7242187500000001 0.02421875 0.04296875
1.0 0.8757812499999998 0.6070312500000001 0.10078125 0.08359375
1.0 0.7554687499999998 0.9375 0.0421875 0.02265625
1.0 0.3656249999999998 0.884375 0.1125 0.128125
1.0 0.22578124999999982 0.84140625 0.034375 0.05390625
1.0 0.15937499999999982 0.840625 0.0359375 0.0515625
1.0 0.24062499999999992 0.6499999999999999 0.04609375 0.0234375
1.0 0.29609374999999993 0.4203125 0.10390625 0.08359375
1.0 0.54375 0.46484375 0.04140625 0.0234375
1.0 0.4148437499999999 0.4578125 0.04140625 0.02109375
1.0 0.2429687499999999 0.5499999999999999 0.11484375 0.125
1.0 0.50078125 0.21015625 0.04453125 0.02421875
1.0 0.3796875 0.21249999999999997 0.046875 0.0234375
1.0 0.63359375 0.3234375 0.01484375 0.0265625
1.0 0.67421875 0.32343750000000004 0.015625 0.02578125
1.0 0.77421875 0.28984375000000007 0.02109375 0.0421875
1.0 0.83671875 0.32734375000000004 0.02109375 0.0421875
1.0 0.83515625 0.4664062500000001 0.01875 0.03984375
1.0 0.7625 0.4671875000000001 0.04453125 0.0234375
1.0 0.7546875 0.53984375 0.05 0.0359375
1.0 0.5335937499999999 0.2890625 0.02421875 0.04453125
