1.0 0.5351562499999999 0.40859375 0.04375 0.02109375
2.0 0.3999999999999999 0.5875 0.01875 0.03515625
1.0 0.3984374999999999 0.6375 0.015625 0.03125
2.0 0.4257812499999999 0.6375 0.01875 0.03671875
1.0 0.4554687499999999 0.63671875 0.015625 0.0296875
1.0 0.4632812499999999 0.69921875 0.01953125 0.03671875
1.0 0.3476562499999999 0.5734375 0.07109375 0.075
1.0 0.3179687499999999 0.6265625 0.03984375 0.02265625
1.0 0.4804687499999999 0.63515625 0.01875 0.03125
1.0 0.371875 0.03906249999999997 0.0171875 0.0296875
1.0 0.2328125 0.04453124999999995 0.08125 0.0890625
0.0 0.41953125 0.23828125 0.3421875 0.2625
1.0 0.628125 0.13125000000000003 0.02265625 0.03515625
1.0 0.459375 0.039062499999999986 0.01875 0.03828125
1.0 0.9265624999999998 0.6234375000000001 0.11796875 0.13671875
1.0 0.0890625 0.1812499999999999 0.01875 0.03515625
1.0 0.0890625 0.04218749999999992 0.01875 0.03515625
1.0 0.09374999999999982 0.91015625 0.028125 0.04375
1.0 0.96640625 0.06171875000000008 0.015625 0.0328125
1.0 0.95703125 0.18906250000000008 0.02265625 0.04296875
1.0 0.98046875 0.2851562500000001 0.02265625 0.0453125
