1.0 0.6515624999999999 0.453125 0.04453125 0.0171875
1.0 0.6382812499999998 0.68359375 0.07890625 0.0796875
1.0 0.6359374999999999 0.515625 0.0890625 0.090625
1.0 0.4953125 0.203125 0.0171875 0.03125
1.0 0.546875 0.21328125 0.040625 0.01953125
1.0 0.4921875 0.10546875 0.0171875 0.03125
1.0 0.49375 0.15390625 0.0140625 0.03515625
1.0 0.5078124999999999 0.259375 0.0890625 0.075
1.0 0.38984374999999993 0.34921874999999997 0.0203125 0.03984375
1.0 0.3671874999999999 0.43984375 0.06640625 0.075
1.0 0.37031249999999993 0.51328125 0.06796875 0.07265625
1.0 0.3164062499999999 0.6296875 0.0203125 0.03828125
1.0 0.5125 0.33671875 0.08046875 0.0796875
1.0 0.38203125 0.10546874999999997 0.015625 0.03671875
1.0 0.38203125 0.15312499999999998 0.015625 0.03125
1.0 0.38125 0.20546874999999995 0.0171875 0.0328125
1.0 0.3812499999999999 0.25390624999999994 0.0171875 0.03515625
1.0 0.39453124999999983 0.7984375 0.0171875 0.034375
2.0 0.3960937499999998 0.90625 0.0171875 0.03671875
1.0 0.3960937499999998 0.9625 0.0203125 0.0328125
2.0 0.3960937499999998 0.85234375 0.0171875 0.03984375
