1.0 0.40156249999999993 0.82421875 0.01875 0.03828125
1.0 0.46015624999999993 0.8890625 0.115625 0.115625
1.0 0.22499999999999992 0.7640625 0.11328125 0.115625
1.0 0.3421874999999999 0.76484375 0.115625 0.115625
1.0 0.46015624999999993 0.76171875 0.115625 0.11796875
2.0 0.4242187499999999 0.50234375 0.01640625 0.03515625
2.0 0.4585937499999999 0.50234375 0.01484375 0.034375
1.0 0.7515624999999999 0.4312500000000001 0.0140625 0.0296875
2.0 0.7234375 0.43125 0.015625 0.03125
2.0 0.6953124999999999 0.43203125 0.01328125 0.03515625
2.0 0.5703124999999999 0.4296875 0.015625 0.03203125
2.0 0.5429687499999999 0.4296875 0.0125 0.03203125
2.0 0.5703124999999999 0.3765625 0.01328125 0.03515625
2.0 0.54375 0.37734375 0.01640625 0.0328125
2.0 0.43515625 0.22421875 0.01640625 0.03515625
2.0 0.4984374999999999 0.27890625 0.015625 0.02890625
2.0 0.61015625 0.27734375 0.01328125 0.03515625
2.0 0.5820312499999999 0.28046875 0.0125 0.0296875
2.0 0.5546874999999999 0.2796875 0.015625 0.03046875
2.0 0.609375 0.22265625 0.01796875 0.03359375
2.0 0.5828125 0.225 0.01484375 0.03203125
1.0 0.4945312499999999 0.50390625 0.01640625 0.03515625
1.0 0.47187499999999993 0.278125 0.015625 0.034375
1.0 0.396875 0.28046875 0.015625 0.03359375
1.0 0.39609374999999997 0.22109375 0.01953125 0.0328125
1.0 0.42890625 0.153125 0.01796875 0.03515625
1.0 0.4625 0.1546875 0.0171875 0.03359375
1.0 0.496875 0.15234375 0.01875 0.03203125
1.0 0.53203125 0.153125 0.0171875 0.03125
1.0 0.5671875 0.15234375 0.0171875 0.03203125
1.0 0.60234375 0.15390625 0.0171875 0.03125
1.0 0.63671875 0.15234375 0.01953125 0.03515625
1.0 0.67109375 0.15234375 0.01796875 0.034375
1.0 0.703125 0.1515625 0.01796875 0.03359375
1.0 0.73671875 0.15234375 0.01953125 0.03515625
1.0 0.759375 0.2500000000000001 0.01796875 0.03359375
1.0 0.7499999999999999 0.3765625000000001 0.01484375 0.028125
1.0 0.7234375 0.37578125 0.01484375 0.03125
1.0 0.7523437499999999 0.4867187500000001 0.01171875 0.02890625
1.0 0.7226562499999999 0.4875 0.009375 0.025
1.0 0.6953124999999999 0.48828125 0.01328125 0.0265625
1.0 0.6671874999999999 0.48828125 0.01171875 0.025
1.0 0.6382812499999999 0.48828125 0.0109375 0.02578125
1.0 0.6117187499999999 0.4875 0.009375 0.0265625
1.0 0.6679687499999999 0.43046875 0.01171875 0.02734375
1.0 0.6390624999999999 0.43125 0.0109375 0.0234375
1.0 0.6109374999999999 0.43203125 0.00859375 0.025
1.0 0.6117187499999999 0.37734375 0.01171875 0.02109375
2.0 0.4851562499999999 0.3984375 0.034375 0.01328125
