2 0.16015625 0.57109375 0.04296875 0.02265625
2 0.16171875 0.53125 0.04296875 0.02265625
2 0.16171875 0.49609375 0.0453125 0.02265625
2 0.16171875 0.45546875 0.03984375 0.02109375
2 0.16171875 0.4171875 0.04296875 0.02109375
2 0.165625 0.378125 0.04375 0.02265625
2 0.1640625 0.340625 0.04140625 0.01953125
2 0.1671875 0.28671875 0.03828125 0.01953125
2 0.16796875 0.24453125 0.05390625 0.02265625
2 0.75390625 0.4484375 0.05234375 0.02421875
2 0.7765625 0.13984375 0.04375 0.02734375
2 0.76015625 0.24140625 0.0453125 0.02265625
0 0.4625 0.4203125 0.425 0.42578125
0 0.903125 0.46171875 0.190625 0.16484375
0 0.8921875 0.68828125 0.159375 0.18359375
1 0.49609375 0.04140625 0.05078125 0.02578125
1 0.45390625 0.69921875 0.05234375 0.028125
1 0.75 0.72109375 0.02578125 0.046875
