1.0 0.546875 0.6515625 0.0171875 0.04453125
1.0 0.31640625 0.63828125 0.0796875 0.07890625
1.0 0.484375 0.6359375 0.090625 0.0890625
1.0 0.796875 0.4953125 0.03125 0.0171875
1.0 0.78671875 0.546875 0.01953125 0.040625
1.0 0.89453125 0.4921875 0.03125 0.0171875
1.0 0.84609375 0.49375 0.03515625 0.0140625
1.0 0.740625 0.5078125 0.075 0.0890625
1.0 0.65078125 0.38984375 0.03984375 0.0203125
1.0 0.56015625 0.3671875 0.075 0.06640625
1.0 0.48671875 0.3703125 0.07265625 0.06796875
1.0 0.3703125 0.31640625 0.03828125 0.0203125
1.0 0.66328125 0.5125 0.0796875 0.08046875
1.0 0.89453125 0.38203125 0.03671875 0.015625
1.0 0.846875 0.38203125 0.03125 0.015625
1.0 0.79453125 0.38125 0.0328125 0.0171875
1.0 0.74609375 0.38125 0.03515625 0.0171875
1.0 0.2015625 0.39453125 0.034375 0.0171875
2.0 0.09375 0.39609375 0.03671875 0.0171875
1.0 0.0375 0.39609375 0.0328125 0.0203125
2.0 0.14765625 0.39609375 0.03984375 0.0171875
