1.0 0.89140625 0.4765625 0.02421875 0.04375
1.0 0.921875 0.23984375 0.02265625 0.04296875
1.0 0.52734375 0.5203125 0.08671875 0.07265625
1.0 0.52734375 0.2703125 0.10078125 0.08671875
1.0 0.53203125 0.65234375 0.08984375 0.08515625
1.0 0.54140625 0.740625 0.03671875 0.01875
1.0 0.53984375 0.59765625 0.04296875 0.02109375
2.0 0.20078125 0.753125 0.04375 0.02265625
2.0 0.20234375 0.7875 0.04375 0.02109375
2.0 0.19765625 0.82109375 0.04296875 0.01953125
1.0 0.15859375 0.87265625 0.04140625 0.02109375
2.0 0.33125 0.83671875 0.05078125 0.02265625
0.0 0.76953125 0.47890625 0.125 0.10234375
0.0 0.78125 0.28515625 0.18203125 0.14921875
1.0 0.5453125 0.20859375 0.04296875 0.02265625
