1.0 0.82265625 0.64140625 0.05078125 0.02734375
1.0 0.646875 0.640625 0.046875 0.02265625
1.0 0.4734375 0.6015625 0.046875 0.02421875
1.0 0.2984375 0.60078125 0.0484375 0.02265625
1.0 0.1234375 0.60078125 0.0484375 0.02578125
1.0 0.8203125 0.2875 0.05 0.02734375
1.0 0.66640625 0.284375 0.0453125 0.028125
1.0 0.4765625 0.271875 0.046875 0.02421875
1.0 0.303125 0.2703125 0.05 0.02109375
1.0 0.128125 0.26875 0.05078125 0.02265625
1.0 0.71484375 0.09609375 0.3671875 0.1921875
0.0 0.815625 0.8296875 0.128125 0.2671875
0.0 0.6421875 0.8296875 0.128125 0.26953125
0.0 0.46640625 0.8125 0.13203125 0.30390625
0.0 0.29296875 0.8078125 0.125 0.3
0.0 0.11953125 0.80625 0.128125 0.3
2.0 0.26640625 0.12265625 0.05 0.02109375
