2.0 0.4984374999999999 0.94765625 0.04296875 0.02265625
2.0 0.4476562499999999 0.67578125 0.02578125 0.04140625
2.0 0.37187499999999996 0.4296875 0.02578125 0.04140625
1.0 0.4437499999999999 0.36328125 0.05859375 0.02421875
2.0 0.4476562499999999 0.29296875 0.04296875 0.02265625
2.0 0.44453124999999993 0.42734375 0.02578125 0.03984375
2.0 0.4546875 0.05546875 0.0453125 0.02578125
1.0 0.39843749999999994 0.0359375 0.02421875 0.046875
1.0 0.36484374999999997 0.0375 0.02578125 0.046875
2.0 0.33046875 0.0375 0.02109375 0.04140625
2.0 0.45078125 0.01953125 0.04375 0.02265625
2.0 0.4648437499999999 0.58671875 0.01953125 0.04296875
2.0 0.4851562499999999 0.53359375 0.04375 0.01875
2.0 0.37499999999999994 0.5859375 0.02265625 0.046875
1.0 0.7671874999999999 0.4664062500000001 0.05078125 0.02421875
1.0 0.95546875 0.4546875000000001 0.02734375 0.0484375
1.0 0.51640625 0.89453125 0.02421875 0.0484375
1.0 0.4812499999999999 0.89453125 0.02578125 0.04296875
1.0 0.06406249999999991 0.91484375 0.02265625 0.0453125
1.0 0.030468749999999916 0.9140625 0.02421875 0.04375
1.0 0.13515624999999992 0.915625 0.02578125 0.05
1.0 0.3796874999999999 0.67421875 0.02734375 0.04375
1.0 0.26093749999999993 0.17421875 0.04375 0.02109375
