1 0.1359375 0.59765625 0.04140625 0.0390625
1 0.75703125 0.6 0.034375 0.03203125
0 0.75078125 0.07109375 0.046875 0.0328125
0 0.8453125 0.74609375 0.04921875 0.025
0 0.596875 0.7734375 0.1703125 0.140625
0 0.41953125 0.79921875 0.0796875 0.11640625
0 0.84375 0.82109375 0.034375 0.04140625
1 0.36015625 0.86328125 0.02265625 0.01015625
1 0.178125 0.86640625 0.0296875 0.02734375
1 0.3578125 0.8734375 0.0171875 0.01328125
1 0.4 0.8796875 0.0359375 0.03203125
0 0.28359375 0.90234375 0.08203125 0.06640625
1 0.20234375 0.9203125 0.0296875 0.025
1 0.76953125 0.92578125 0.03359375 0.0328125
0 0.690625 0.95546875 0.05 0.0296875
0 0.75859375 0.96171875 0.02890625 0.01953125
1 0.1203125 0.11328125 0.03984375 0.03359375
1 0.36640625 0.11328125 0.02890625 0.01328125
1 0.39765625 0.1140625 0.02890625 0.01171875
1 0.590625 0.1390625 0.028125 0.021875
2 0.2046875 0.14140625 0.021875 0.00859375
1 0.83203125 0.1421875 0.01875 0.00859375
2 0.23515625 0.14296875 0.02265625 0.0109375
2 0.2625 0.1515625 0.02109375 0.01015625
2 0.20390625 0.1515625 0.021875 0.0078125
2 0.234375 0.1515625 0.0234375 0.00703125
2 0.2890625 0.1515625 0.0203125 0.01015625
0 0.91171875 0.15234375 0.04609375 0.02734375
1 0.4375 0.15234375 0.0203125 0.00703125
1 0.5609375 0.159375 0.0125 0.01796875
0 0.5234375 0.1703125 0.03359375 0.03671875
0 0.5953125 0.1796875 0.0484375 0.0296875
1 0.56171875 0.19140625 0.01171875 0.01875
1 0.91640625 0.1921875 0.028125 0.02109375
0 0.74765625 0.20234375 0.14453125 0.1234375
1 0.52421875 0.203125 0.021875 0.00546875
1 0.54921875 0.2078125 0.0078125 0.01328125
0 0.384375 0.21015625 0.10625 0.08984375
0 0.25546875 0.2453125 0.05234375 0.0296875
0 0.53828125 0.26796875 0.05390625 0.03046875
0 0.86484375 0.27734375 0.04765625 0.02578125
1 0.27578125 0.2859375 0.040625 0.0296875
1 0.5390625 0.3140625 0.03671875 0.03203125
0 0.29296875 0.3828125 0.078125 0.0640625
1 0.17890625 0.42890625 0.03515625 0.0359375
1 0.13125 0.43125 0.04375 0.0375
0 0.490625 0.4609375 0.196875 0.16484375
1 0.13203125 0.47578125 0.0375 0.04375
0 0.2234375 0.4796875 0.040625 0.04453125
1 0.2796875 0.50859375 0.03046875 0.02890625
1 0.1390625 0.51796875 0.04375 0.0328125
1 0.209375 0.51953125 0.02265625 0.0109375
1 0.1359375 0.55703125 0.03984375 0.03984375
0 0.7375 0.5578125 0.03125 0.0375
