1.0 0.59140625 0.53515625 0.02109375 0.04375
2.0 0.4125 0.4 0.03515625 0.01875
1.0 0.3625 0.3984375 0.03125 0.015625
2.0 0.3625 0.42578125 0.03671875 0.01875
1.0 0.36328125 0.45546875 0.0296875 0.015625
1.0 0.30078125 0.46328125 0.03671875 0.01953125
1.0 0.4265625 0.34765625 0.075 0.07109375
1.0 0.3734375 0.31796875 0.02265625 0.03984375
1.0 0.36484375 0.48046875 0.03125 0.01875
1.0 0.9609375 0.371875 0.0296875 0.0171875
1.0 0.95546875 0.2328125 0.0890625 0.08125
0.0 0.76171875 0.41953125 0.2625 0.3421875
1.0 0.86875 0.628125 0.03515625 0.02265625
1.0 0.9609375 0.459375 0.03828125 0.01875
1.0 0.3765625 0.9265625 0.13671875 0.11796875
1.0 0.81875 0.0890625 0.03515625 0.01875
1.0 0.9578125 0.0890625 0.03515625 0.01875
1.0 0.08984375 0.09375 0.04375 0.028125
1.0 0.93828125 0.96640625 0.0328125 0.015625
1.0 0.8109375 0.95703125 0.04296875 0.02265625
1.0 0.71484375 0.98046875 0.0453125 0.02265625
