2 0.05859375 0.19140625 0.04296875 0.01953125
2 0.059375 0.15625 0.0453125 0.01953125
2 0.0578125 0.12109375 0.05 0.01953125
2 0.05546875 0.08515625 0.0484375 0.01953125
2 0.06953125 0.31953125 0.04296875 0.02265625
2 0.19453125 0.75390625 0.034375 0.02109375
2 0.19453125 0.7046875 0.04296875 0.02578125
2 0.1703125 0.03671875 0.01953125 0.03671875
2 0.20546875 0.0359375 0.02109375 0.04375
2 0.07890625 0.04296875 0.04140625 0.02109375
2 0.6359375 0.83203125 0.02109375 0.05234375
2 0.66796875 0.82421875 0.01875 0.04140625
2 0.70546875 0.82890625 0.02109375 0.04375
2 0.73984375 0.8265625 0.02265625 0.04296875
2 0.775 0.828125 0.02109375 0.0453125
2 0.80859375 0.828125 0.02421875 0.0453125
2 0.84296875 0.8265625 0.02421875 0.04296875
2 0.87890625 0.77578125 0.02265625 0.03671875
2 0.91328125 0.771875 0.01953125 0.03828125
2 0.94765625 0.775 0.01953125 0.03515625
2 0.98125 0.77578125 0.02265625 0.03671875
1 0.978125 0.5625 0.04375 0.028125
1 0.83359375 0.46484375 0.02578125 0.0625
1 0.52421875 0.1765625 0.05078125 0.02421875
1 0.0890625 0.46953125 0.02734375 0.05
1 0.39609375 0.7828125 0.02578125 0.0453125
0 0.51796875 0.45234375 0.425 0.421875