2 0.753125 0.37890625 0.0046875 0.00625
1 0.12890625 0.3796875 0.0171875 0.00625
1 0.615625 0.03828125 0.0078125 0.003125
2 0.36875 0.384375 0.03203125 0.04375
2 0.0484375 0.3859375 0.0203125 0.0140625
2 0.0796875 0.38671875 0.0203125 0.0140625
2 0.4203125 0.3875 0.025 0.0375
2 0.128125 0.3890625 0.01484375 0.0046875
0 0.6875 0.39140625 0.03125 0.0265625
2 0.73359375 0.3921875 0.00625 0.0015625
2 0.128125 0.39609375 0.01640625 0.0046875
2 0.07890625 0.39921875 0.01875 0.01328125
2 0.046875 0.4 0.02109375 0.0125
1 0.12734375 0.403125 0.01875 0.00546875
2 0.74140625 0.4078125 0.00390625 0.00625
2 0.73203125 0.40859375 0.00546875 0.00546875
1 0.6859375 0.41171875 0.02578125 0.00859375
0 0.6921875 0.04140625 0.04296875 0.0203125
0 0.74375 0.04140625 0.0453125 0.01640625
1 0.54609375 0.0421875 0.01484375 0.00234375
2 0.8859375 0.43046875 0.0296875 0.05078125
2 0.85234375 0.43046875 0.03359375 0.0515625
2 0.7140625 0.43828125 0.0078125 0.00234375
2 0.78828125 0.43984375 0.01171875 0.003125
1 0.790625 0.45 0.025 0.009375
2 0.68359375 0.45625 0.0046875 0.00703125
2 0.63515625 0.46328125 0.00546875 0.00625
2 0.6546875 0.046875 0.00703125 0.00234375
0 0.78828125 0.47109375 0.0296875 0.025
2 0.68671875 0.4765625 0.00625 0.00703125
2 0.6234375 0.0484375 0.01171875 0.003125
2 0.3984375 0.0484375 0.009375 0.003125
2 0.76640625 0.48515625 0.00390625 0.003125
1 0.796875 0.49609375 0.02578125 0.00859375
2 0.7328125 0.50234375 0.06171875 0.01484375
2 0.546875 0.05 0.00703125 0.00078125
2 0.78671875 0.509375 0.0046875 0.00703125
2 0.80625 0.5109375 0.0078125 0.003125
0 0.5796875 0.053125 0.0390625 0.021875
2 0.62109375 0.05390625 0.00546875 0.00078125
1 0.85390625 0.54140625 0.0203125 0.009375
1 0.87734375 0.54375 0.02421875 0.0109375
1 0.63671875 0.05625 0.0046875 0.00625
2 0.69609375 0.05546875 0.01171875 0.0015625
2 0.546875 0.05625 0.0109375 0.00234375
2 0.8734375 0.5640625 0.01328125 0.00390625
2 0.39921875 0.05703125 0.00703125 0.003125
2 0.04765625 0.06171875 0.01875 0.03359375
2 0.50390625 0.0625 0.0046875 0.00546875
1 0.6171875 0.0625 0.009375 0.00234375
2 0.0671875 0.06328125 0.01796875 0.03515625
1 0.70234375 0.06328125 0.009375 0.0015625
2 0.13125 0.6375 0.01171875 0.003125
2 0.096875 0.6375 0.0109375 0.003125
1 0.54765625 0.0640625 0.009375 0.00234375
2 0.0453125 0.66640625 0.0046875 0.00703125
2 0.06953125 0.66953125 0.0109375 0.003125
1 0.09921875 0.66953125 0.0109375 0.01171875
0 0.13359375 0.67265625 0.04765625 0.0359375
0 0.06796875 0.68828125 0.03671875 0.025
2 0.09921875 0.690625 0.00390625 0.00625
2 0.39375 0.06953125 0.00234375 0.0046875
2 0.04296875 0.69453125 0.0046875 0.00859375
2 0.5484375 0.06953125 0.00859375 0.003125
2 0.68046875 0.06953125 0.00703125 0.003125
2 0.7453125 0.0703125 0.00703125 0.0046875
1 0.08828125 0.71171875 0.01875 0.0078125
2 0.06171875 0.71171875 0.01015625 0.00390625
2 0.665625 0.071875 0.0046875 0.00625
2 0.14765625 0.71796875 0.00390625 0.00625
2 0.04609375 0.7203125 0.0046875 0.0078125
1 0.0703125 0.72109375 0.00390625 0.00703125
2 0.0828125 0.7234375 0.003125 0.0046875
2 0.1265625 0.72734375 0.00859375 0.00234375
2 0.1015625 0.72734375 0.00625 0.0015625
2 0.6109375 0.0734375 0.003125 0.00625
2 0.69609375 0.0734375 0.00390625 0.0046875
1 0.63203125 0.075 0.00703125 0.00625
2 0.51953125 0.07578125 0.00625 0.00234375
0 0.58046875 0.07578125 0.040625 0.02109375
2 0.54765625 0.0765625 0.0078125 0.00078125
2 0.54453125 0.08203125 0.01171875 0.0015625
2 0.640625 0.0828125 0.00859375 0.00234375
1 0.0578125 0.82578125 0.00625 0.01015625
2 0.6859375 0.08671875 0.00625 0.0046875
2 0.746875 0.0890625 0.00703125 0.00703125
1 0.52734375 0.09140625 0.00625 0.00546875
2 0.65625 0.09296875 0.00625 0.00625
2 0.63671875 0.0953125 0.00703125 0.00234375
2 0.6921875 0.0953125 0.00859375 0.00234375
2 0.61640625 0.096875 0.0078125 0.00234375
2 0.51640625 0.1 0.00390625 0.0046875
0 0.796875 0.1 0.03203125 0.02890625
1 0.8203125 0.10078125 0.01171875 0.015625
2 0.775 0.1046875 0.00546875 0.00546875
2 0.75390625 0.10546875 0.0046875 0.00546875
1 0.66953125 0.10625 0.00390625 0.0078125
1 0.634375 0.10625 0.0046875 0.00390625
2 0.52734375 0.10703125 0.0046875 0.0046875
2 0.61796875 0.1078125 0.00546875 0.0046875
1 0.734375 0.11015625 0.0125 0.01640625
1 0.51640625 0.1125 0.0078125 0.00703125
0 0.70234375 0.11484375 0.04296875 0.0203125
2 0.76875 0.11484375 0.009375 0.0015625
2 0.771875 0.11953125 0.01015625 0.0015625
2 0.5390625 0.12421875 0.00703125 0.0015625
2 0.81796875 0.1265625 0.01484375 0.003125
2 0.7234375 0.12734375 0.0109375 0.00078125
2 0.6953125 0.128125 0.009375 0.0015625
1 0.7703125 0.12890625 0.021875 0.01015625
2 0.05625 0.1328125 0.0109375 0.00234375
2 0.51484375 0.13359375 0.00390625 0.0046875
2 0.6953125 0.134375 0.00859375 0.0015625
2 0.7203125 0.1375 0.00546875 0.00625
2 0.81875 0.13984375 0.0078125 0.00234375
2 0.08828125 0.15 0.03984375 0.05625
1 0.8 0.15390625 0.02421875 0.0125
2 0.3 0.16171875 0.009375 0.003125
2 0.2734375 0.1625 0.01171875 0.003125
2 0.05703125 0.1671875 0.0171875 0.00703125
2 0.6859375 0.1671875 0.00546875 0.0046875
1 0.6671875 0.1671875 0.00859375 0.0109375
2 0.678125 0.16796875 0.0046875 0.00546875
0 0.6390625 0.16875 0.04140625 0.02109375
2 0.578125 0.16953125 0.00390625 0.00625
2 0.5875 0.1703125 0.00703125 0.00625
2 0.23671875 0.17265625 0.01015625 0.003125
2 0.0578125 0.1734375 0.01875 0.00546875
2 0.30546875 0.175 0.01328125 0.0109375
2 0.221875 0.17578125 0.003125 0.00390625
0 0.284375 0.1765625 0.03359375 0.0171875
0 0.79921875 0.17734375 0.02734375 0.01875
2 0.05703125 0.1796875 0.0171875 0.00703125
2 0.2546875 0.18203125 0.00546875 0.00625
2 0.0578125 0.184375 0.01875 0.00625
2 0.58046875 0.18984375 0.01015625 0.0015625
2 0.409375 0.190625 0.0234375 0.04296875
2 0.46171875 0.190625 0.02578125 0.04609375
2 0.5171875 0.190625 0.02890625 0.04609375
1 0.05703125 0.1921875 0.01796875 0.00703125
1 0.8 0.19296875 0.02109375 0.01015625
2 0.09921875 0.19375 0.01484375 0.00234375
2 0.13671875 0.19375 0.00546875 0.0046875
1 0.03984375 0.1953125 0.009375 0.009375
2 0.58125 0.19765625 0.00859375 0.00234375
2 0.05390625 0.20234375 0.0109375 0.003125
1 0.709375 0.203125 0.01796875 0.00859375
2 0.58046875 0.20625 0.01171875 0.00234375
1 0.7375 0.20859375 0.0109375 0.00390625
1 0.6640625 0.21171875 0.00703125 0.009375
2 0.58359375 0.21171875 0.01484375 0.0015625
0 0.63125 0.2125 0.0390625 0.015625
0 0.70859375 0.2125 0.025 0.015625
2 0.11875 0.215625 0.00390625 0.00625
1 0.0703125 0.215625 0.0140625 0.0140625
2 0.28359375 0.21640625 0.02109375 0.00859375
2 0.5796875 0.2171875 0.0078125 0.00234375
2 0.22265625 0.21875 0.00859375 0.0015625
1 0.70859375 0.2234375 0.01640625 0.00625
1 0.65859375 0.22890625 0.015625 0.00625
0 0.2859375 0.23046875 0.02734375 0.01875
2 0.0953125 0.23359375 0.0078125 0.0015625
0 0.74375 0.234375 0.02578125 0.0171875
0 0.7078125 0.23515625 0.021875 0.01640625
0 0.7984375 0.2359375 0.02421875 0.01484375
1 0.546875 0.02421875 0.00859375 0.003125
0 0.65546875 0.24296875 0.0265625 0.0203125
2 0.05 0.2453125 0.003125 0.00625
1 0.61328125 0.02421875 0.01171875 0.00390625
2 0.0765625 0.2484375 0.00546875 0.00234375
2 0.6390625 0.025 0.00859375 0.0015625
1 0.7421875 0.2515625 0.02421875 0.0109375
1 0.80078125 0.25078125 0.0234375 0.01171875
2 0.66171875 0.02578125 0.009375 0.00234375
2 0.33984375 0.259375 0.0296875 0.04296875
1 0.68828125 0.02578125 0.0078125 0.00234375
0 0.6703125 0.26640625 0.0203125 0.0171875
2 0.4984375 0.26875 0.0046875 0.00703125
1 0.74375 0.0265625 0.00703125 0.003125
0 0.628125 0.2703125 0.0390625 0.01796875
2 0.71640625 0.275 0.00859375 0.003125
2 0.759375 0.27890625 0.01015625 0.003125
2 0.496875 0.2859375 0.0046875 0.00703125
1 0.8203125 0.2921875 0.0171875 0.01640625
1 0.75625 0.29296875 0.0171875 0.0171875
2 0.715625 0.29375 0.00546875 0.0046875
0 0.7875 0.2953125 0.0390625 0.0171875
0 0.578125 0.0296875 0.040625 0.01796875
2 0.49765625 0.30078125 0.0046875 0.00625
2 0.30546875 0.30078125 0.00625 0.0015625
2 0.63671875 0.3015625 0.003125 0.00703125
2 0.38515625 0.30234375 0.01328125 0.00390625
2 0.6453125 0.3046875 0.00625 0.00703125
2 0.56640625 0.30546875 0.00859375 0.0015625
2 0.54296875 0.30703125 0.01171875 0.00234375
2 0.72890625 0.31015625 0.00546875 0.0015625
2 0.7125 0.3109375 0.00546875 0.00234375
2 0.3296875 0.3140625 0.0078125 0.009375
1 0.41796875 0.3171875 0.00546875 0.00859375
2 0.4078125 0.3171875 0.00390625 0.0078125
0 0.38671875 0.3171875 0.0296875 0.01875
1 0.64375 0.31796875 0.02265625 0.0109375
2 0.38671875 0.33046875 0.01015625 0.0015625
2 0.33046875 0.33359375 0.00390625 0.00703125
0 0.66015625 0.33515625 0.04375 0.0203125
1 0.759375 0.33515625 0.01953125 0.00859375
1 0.78515625 0.3359375 0.02265625 0.01015625
2 0.4109375 0.3375 0.01015625 0.00234375
2 0.384375 0.3375 0.00859375 0.003125
2 0.35078125 0.33828125 0.0046875 0.00703125
0 0.41796875 0.034375 0.0296875 0.0171875
2 0.38359375 0.034375 0.0046875 0.00625
2 0.4390625 0.03515625 0.00390625 0.0078125
2 0.371875 0.03515625 0.00703125 0.00625
2 0.70625 0.35625 0.009375 0.0015625
2 0.6796875 0.3578125 0.0125 0.003125
1 0.3953125 0.0359375 0.00625 0.00859375
2 0.73671875 0.365625 0.00625 0.00234375
2 0.7109375 0.36640625 0.00546875 0.00703125
1 0.68515625 0.3703125 0.01953125 0.009375
