0 0.78203125 0.58515625 0.0140625 0.03828125
2 0.28125 0.5875 0.0078125 0.03359375
1 0.759375 0.5921875 0.0046875 0.01328125
1 0.6015625 0.60078125 0.00546875 0.01171875
2 0.5953125 0.6 0.0046875 0.0109375
0 0.6875 0.60546875 0.01875 0.03515625
2 0.14765625 0.60625 0.00859375 0.03125
2 0.06015625 0.60625 0.00703125 0.03046875
2 0.0890625 0.60625 0.00390625 0.03125
2 0.0796875 0.60625 0.0046875 0.03125
2 0.06875 0.60703125 0.00703125 0.03046875
1 0.75390625 0.6109375 0.0046875 0.0140625
1 0.8484375 0.61328125 0.0078125 0.00546875
1 0.8046875 0.61484375 0.003125 0.0140625
1 0.784375 0.615625 0.00390625 0.01328125
1 0.796875 0.615625 0.0046875 0.01328125
1 0.89296875 0.6265625 0.00703125 0.00546875
0 0.603125 0.6359375 0.01875 0.0390625
1 0.89296875 0.63671875 0.00703125 0.00703125
2 0.9015625 0.6453125 0.00390625 0.01328125
1 0.6046875 0.6671875 0.00390625 0.009375
1 0.5953125 0.66875 0.003125 0.01171875
1 0.90703125 0.67578125 0.0046875 0.01328125
1 0.828125 0.6765625 0.00390625 0.01484375
0 0.74765625 0.075 0.00859375 0.00546875
2 0.64765625 0.078125 0.0046875 0.01015625
2 0.696875 0.08046875 0.003125 0.01171875
2 0.69140625 0.08125 0.0046875 0.01171875
2 0.71953125 0.084375 0.009375 0.00625
1 0.3171875 0.084375 0.0046875 0.01328125
1 0.62890625 0.08828125 0.0046875 0.01171875
2 0.76484375 0.090625 0.0078125 0.00703125
0 0.753125 0.09140625 0.00703125 0.00546875
0 0.5046875 0.09765625 0.02421875 0.05546875
2 0.753125 0.1015625 0.00703125 0.00625
2 0.415625 0.1078125 0.003125 0.0109375
2 0.4109375 0.1078125 0.0046875 0.01171875
0 0.459375 0.11171875 0.0140625 0.03046875
2 0.08671875 0.1140625 0.0203125 0.0125
0 0.47734375 0.11640625 0.01484375 0.0265625
2 0.76484375 0.1171875 0.009375 0.00625
2 0.740625 0.11796875 0.00859375 0.00625
2 0.753125 0.11875 0.00859375 0.00703125
2 0.3 0.1203125 0.003125 0.009375
1 0.421875 0.121875 0.00625 0.01171875
1 0.4109375 0.121875 0.0046875 0.01328125
2 0.73984375 0.12578125 0.00859375 0.00546875
2 0.76484375 0.12734375 0.00859375 0.00546875
2 0.73984375 0.134375 0.00859375 0.0046875
1 0.26171875 0.1359375 0.0046875 0.0140625
1 0.35546875 0.1359375 0.0046875 0.01015625
1 0.19453125 0.14609375 0.0046875 0.01328125
1 0.2015625 0.14609375 0.0046875 0.01328125
2 0.5921875 0.15 0.00703125 0.009375
1 0.60390625 0.15 0.00859375 0.00625
1 0.26171875 0.15078125 0.00390625 0.0109375
1 0.3875 0.15703125 0.0125 0.009375
1 0.603125 0.1578125 0.00859375 0.00625
2 0.5921875 0.1578125 0.0078125 0.00546875
2 0.7421875 0.165625 0.0046875 0.01171875
1 0.60390625 0.165625 0.00859375 0.00703125
2 0.5921875 0.16796875 0.0078125 0.00546875
1 0.25625 0.1703125 0.00234375 0.01171875
0 0.83984375 0.171875 0.021875 0.04921875
1 0.2015625 0.17265625 0.0046875 0.01171875
0 0.90625 0.17265625 0.02265625 0.05
2 0.19453125 0.17265625 0.00625 0.015625
1 0.603125 0.17421875 0.0078125 0.00546875
2 0.5921875 0.17421875 0.0078125 0.00546875
2 0.3109375 0.17734375 0.00625 0.00703125
0 0.8015625 0.178125 0.0203125 0.0390625
0 0.67890625 0.18046875 0.1015625 0.14921875
1 0.74140625 0.18203125 0.00546875 0.0125
1 0.603125 0.18203125 0.00859375 0.00546875
1 0.7359375 0.1828125 0.0046875 0.01171875
2 0.59296875 0.18359375 0.00859375 0.00546875
1 0.2578125 0.18515625 0.0046875 0.0125
1 0.2015625 0.1875 0.00390625 0.0125
2 0.1953125 0.1890625 0.003125 0.0109375
1 0.60390625 0.190625 0.00859375 0.00625
2 0.5921875 0.1921875 0.00859375 0.00625
0 0.228125 0.19375 0.03984375 0.11171875
2 0.2015625 0.203125 0.0046875 0.0125
2 0.1953125 0.20390625 0.003125 0.01015625
2 0.596875 0.21171875 0.00703125 0.00390625
1 0.6078125 0.2125 0.00703125 0.00625
0 0.346875 0.215625 0.0234375 0.05078125
1 0.6078125 0.2203125 0.00859375 0.00546875
2 0.59609375 0.22109375 0.00703125 0.00390625
1 0.2578125 0.22265625 0.003125 0.01171875
2 0.2625 0.22265625 0.003125 0.01171875
1 0.1953125 0.22578125 0.003125 0.01328125
1 0.20234375 0.22578125 0.003125 0.0125
1 0.6078125 0.22890625 0.00859375 0.00546875
2 0.596875 0.22890625 0.00703125 0.00625
1 0.6078125 0.23671875 0.00859375 0.0046875
2 0.596875 0.23671875 0.0078125 0.00859375
1 0.2625 0.2421875 0.003125 0.0109375
1 0.60859375 0.25390625 0.00859375 0.00625
2 0.1546875 0.25859375 0.003125 0.009375
1 0.19375 0.2609375 0.003125 0.01015625
1 0.2046875 0.26171875 0.00390625 0.01015625
1 0.19921875 0.2625 0.00234375 0.01171875
0 0.90859375 0.26328125 0.02265625 0.05234375
0 0.76484375 0.26640625 0.01484375 0.015625
1 0.80234375 0.26875 0.0046875 0.01171875
1 0.78203125 0.26875 0.00390625 0.0125
1 0.7046875 0.27890625 0.00390625 0.01015625
1 0.7171875 0.27890625 0.003125 0.0109375
1 0.6875 0.27890625 0.003125 0.01328125
2 0.69921875 0.2796875 0.003125 0.0140625
1 0.6609375 0.28046875 0.00390625 0.0125
1 0.64765625 0.28046875 0.00390625 0.0125
1 0.640625 0.28125 0.00390625 0.01328125
2 0.10078125 0.28515625 0.0078125 0.03359375
0 0.17421875 0.28671875 0.02578125 0.03359375
1 0.1546875 0.2875 0.00546875 0.01171875
2 0.29296875 0.29140625 0.02109375 0.00859375
1 0.6625 0.296875 0.003125 0.01328125
1 0.64921875 0.2984375 0.00390625 0.01171875
1 0.6421875 0.29765625 0.00390625 0.0140625
2 0.72265625 0.2984375 0.003125 0.01171875
2 0.71171875 0.2984375 0.0046875 0.0125
1 0.89921875 0.3015625 0.0046875 0.01328125
2 0.29296875 0.30546875 0.021875 0.0078125
1 0.93125 0.3109375 0.00390625 0.01171875
1 0.94375 0.3109375 0.0046875 0.01171875
1 0.9375 0.3109375 0.0046875 0.01328125
1 0.653125 0.32109375 0.0046875 0.0109375
1 0.64765625 0.32109375 0.00390625 0.0109375
2 0.08046875 0.3515625 0.01015625 0.059375
2 0.115625 0.3515625 0.01171875 0.06171875
2 0.18203125 0.35234375 0.00703125 0.00625
2 0.19296875 0.353125 0.00703125 0.00703125
1 0.375 0.36015625 0.0046875 0.0125
2 0.171875 0.3625 0.00390625 0.01171875
0 0.14765625 0.37265625 0.03828125 0.03359375
1 0.171875 0.378125 0.00390625 0.01328125
2 0.19921875 0.3796875 0.00703125 0.0078125
1 0.18984375 0.38046875 0.00625 0.00546875
0 0.37109375 0.38359375 0.01328125 0.01796875
1 0.0921875 0.41328125 0.00390625 0.01171875
1 0.15078125 0.4328125 0.0046875 0.015625
0 0.11484375 0.43671875 0.0359375 0.040625
2 0.4734375 0.45078125 0.00390625 0.0125
1 0.13671875 0.45078125 0.00625 0.01171875
2 0.47890625 0.45078125 0.00390625 0.0125
1 0.72578125 0.4640625 0.003125 0.0125
1 0.71953125 0.46484375 0.00390625 0.01328125
2 0.45859375 0.46484375 0.00390625 0.01328125
1 0.73203125 0.4640625 0.003125 0.0125
1 0.959375 0.46484375 0.00390625 0.0109375
1 0.95390625 0.46484375 0.003125 0.0125
1 0.33984375 0.4671875 0.00390625 0.0140625
1 0.115625 0.47265625 0.003125 0.0109375
1 0.1234375 0.47265625 0.00390625 0.0109375
2 0.79375 0.48515625 0.003125 0.0109375
0 0.04921875 0.48671875 0.0109375 0.02265625
2 0.1328125 0.48671875 0.003125 0.0125
0 0.07734375 0.48828125 0.0140625 0.0234375
2 0.4234375 0.4875 0.00625 0.03125
2 0.3953125 0.4890625 0.00703125 0.03125
2 0.4046875 0.4890625 0.00546875 0.0296875
2 0.4140625 0.4890625 0.00625 0.03125
1 0.32421875 0.49921875 0.00546875 0.0125
2 0.14375 0.51015625 0.00703125 0.03046875
0 0.6484375 0.5203125 0.04453125 0.06328125
2 0.24453125 0.52890625 0.0125 0.05390625
1 0.84765625 0.53125 0.003125 0.01171875
0 0.44375 0.53359375 0.01953125 0.03984375
1 0.10703125 0.5515625 0.0046875 0.01171875
2 0.1140625 0.5515625 0.0046875 0.0125
0 0.80234375 0.55625 0.00703125 0.00703125
0 0.78125 0.55703125 0.0078125 0.00625
0 0.89140625 0.55859375 0.07578125 0.11015625
1 0.065625 0.56953125 0.00390625 0.009375
2 0.07734375 0.56953125 0.0046875 0.009375
2 0.0609375 0.56953125 0.0046875 0.0109375
1 0.08359375 0.56953125 0.0046875 0.0140625
1 0.14609375 0.56953125 0.0046875 0.0109375
1 0.07109375 0.5703125 0.003125 0.0140625
1 0.13359375 0.57109375 0.0046875 0.01015625
1 0.15078125 0.5703125 0.0046875 0.0125
1 0.12109375 0.57109375 0.003125 0.0109375
1 0.12734375 0.57109375 0.0046875 0.0109375
1 0.1390625 0.57109375 0.003125 0.0109375
0 0.34765625 0.5734375 0.0359375 0.040625
1 0.6796875 0.57578125 0.00625 0.01328125
0 0.803125 0.5828125 0.01484375 0.03984375
1 0.8140625 0.584375 0.0046875 0.01171875
