1 0.24609375 0.56171875 0.03671875 0.01015625
0 0.13359375 0.65390625 0.07578125 0.19921875
1 0.2359375 0.6546875 0.03828125 0.01328125
0 0.91328125 0.06640625 0.1203125 0.0984375
0 0.6390625 0.66953125 0.1421875 0.14453125
0 0.0515625 0.6734375 0.07109375 0.246875
2 0.3515625 0.68046875 0.0171875 0.009375
1 0.234375 0.684375 0.0203125 0.01328125
1 0.25859375 0.68515625 0.02265625 0.01171875
2 0.8890625 0.7109375 0.0109375 0.015625
2 0.859375 0.7109375 0.00703125 0.01796875
2 0.76875 0.7125 0.01015625 0.0171875
2 0.9125 0.7125 0.0125 0.015625
2 0.77734375 0.7125 0.00859375 0.01796875
2 0.87734375 0.71328125 0.009375 0.01484375
2 0.740625 0.71328125 0.009375 0.0171875
2 0.75 0.71328125 0.0109375 0.01953125
2 0.9015625 0.7140625 0.009375 0.015625
2 0.8671875 0.71484375 0.00859375 0.01953125
2 0.32421875 0.75625 0.03203125 0.0078125
0 0.0515625 0.8140625 0.04609375 0.0375
0 0.3328125 0.834375 0.1296875 0.03203125
0 0.21796875 0.83515625 0.10078125 0.0296875
0 0.578125 0.8359375 0.103125 0.03359375
0 0.46015625 0.83671875 0.12265625 0.0296875
0 0.05390625 0.86015625 0.03984375 0.0359375
0 0.85234375 0.9453125 0.15546875 0.075
0 0.1703125 0.11328125 0.0546875 0.0609375
0 0.91171875 0.1859375 0.1234375 0.0953125
0 0.1671875 0.1875 0.05546875 0.06015625
2 0.54375 0.25234375 0.01796875 0.01171875
2 0.62734375 0.28671875 0.034375 0.01953125
2 0.575 0.28984375 0.01875 0.01015625
0 0.13984375 0.29609375 0.0859375 0.11953125
2 0.1953125 0.315625 0.015625 0.01015625
0 0.93828125 0.31796875 0.08046875 0.11640625
0 0.83671875 0.3203125 0.08125 0.11640625
0 0.53515625 0.32421875 0.05625 0.09140625
0 0.68515625 0.32734375 0.04296875 0.08515625
2 0.57421875 0.33515625 0.01640625 0.065625
2 0.63359375 0.34375 0.00859375 0.01953125
2 0.0859375 0.34375 0.009375 0.01953125
2 0.4953125 0.390625 0.01875 0.01953125
1 0.0359375 0.409375 0.00859375 0.01796875
1 0.02578125 0.409375 0.00859375 0.0203125
0 0.64453125 0.46640625 0.14296875 0.1484375
2 0.22421875 0.471875 0.01640625 0.01953125
1 0.24609375 0.47265625 0.02421875 0.01953125
2 0.52578125 0.47734375 0.0359375 0.01171875
0 0.06875 0.51875 0.04453125 0.0328125
