0 0.23515625 0.825 0.05 0.0875
0 0.75859375 0.81875 0.05390625 0.07890625
1 0.20625 0.91015625 0.025 0.03359375
1 0.2375 0.915625 0.03359375 0.04765625
1 0.72578125 0.903125 0.02265625 0.04375
1 0.765625 0.878125 0.05234375 0.04765625
2 0.22578125 0.95390625 0.05234375 0.04375
2 0.29375 0.94140625 0.03359375 0.0375
2 0.346875 0.90625 0.03515625 0.05
2 0.59296875 0.93671875 0.04375 0.06015625
2 0.671875 0.93515625 0.03984375 0.04609375
2 0.73984375 0.946875 0.03984375 0.03515625
2 0.82421875 0.94609375 0.04765625 0.02890625
