0 0.44921875 0.79453125 0.10390625 0.08515625
2 0.371875 0.17421875 0.125 0.03515625
2 0.62265625 0.17578125 0.12890625 0.03984375
2 0.421875 0.128125 0.04375 0.01875
2 0.578125 0.12578125 0.04375 0.01875
1 0.215625 0.21015625 0.05625 0.0625
1 0.78203125 0.20546875 0.05234375 0.05234375
0 0.82421875 0.38671875 0.11484375 0.07734375
2 0.07578125 0.35703125 0.08125 0.025
2 0.028125 0.28671875 0.02265625 0.02734375
2 0.11328125 0.29765625 0.05625 0.02109375
2 0.05859375 0.41640625 0.025 0.03359375
2 0.13984375 0.41953125 0.02890625 0.03125
2 0.17890625 0.41875 0.02109375 0.03359375
2 0.67421875 0.39140625 0.03125 0.02890625
2 0.71171875 0.39140625 0.02265625 0.02734375
2 0.67265625 0.43125 0.02109375 0.02890625
2 0.803125 0.45390625 0.02265625 0.02734375
2 0.83984375 0.459375 0.02734375 0.03125
2 0.90390625 0.446875 0.05859375 0.01875
2 0.50078125 0.55234375 0.02734375 0.02734375
2 0.54375 0.553125 0.025 0.02734375
2 0.33671875 0.6875 0.02734375 0.02890625
2 0.37890625 0.68984375 0.02109375 0.02890625
2 0.41484375 0.69296875 0.02890625 0.01875
2 0.30859375 0.76796875 0.06640625 0.02265625
2 0.43359375 0.73828125 0.04609375 0.01484375
2 0.59453125 0.78046875 0.04375 0.01875
2 0.42578125 0.85 0.04375 0.01640625
2 0.31328125 0.81640625 0.05859375 0.03359375
1 0.28046875 0.38984375 0.07734375 0.02734375
1 0.25234375 0.46015625 0.0375 0.05859375
1 0.29921875 0.44375 0.02734375 0.02109375
1 0.34375 0.44765625 0.02890625 0.02890625
1 0.39453125 0.43671875 0.02265625 0.03125
1 0.43515625 0.434375 0.02109375 0.02734375
1 0.490625 0.425 0.03515625 0.04609375
1 0.55078125 0.425 0.03984375 0.04609375
1 0.63046875 0.43515625 0.02265625 0.03359375
1 0.69375 0.35390625 0.04609375 0.01640625
1 0.721875 0.453125 0.02734375 0.03125
1 0.34609375 0.48046875 0.03359375 0.01875
1 0.34609375 0.50234375 0.0375 0.0125
1 0.353125 0.52578125 0.03984375 0.01875
1 0.35703125 0.553125 0.03515625 0.02265625
1 0.27578125 0.56640625 0.03984375 0.05
1 0.53046875 0.85078125 0.04375 0.01484375
1 0.73203125 0.90234375 0.02265625 0.02734375
