2.0 0.22890625 0.5296875 0.0796875 0.03671875
2.0 0.22578125 0.46015625 0.059375 0.03984375
2.0 0.228125 0.24453125 0.05234375 0.04296875
2.0 0.2234375 0.17421875 0.05546875 0.04140625
1.0 0.9328125 0.76953125 0.03828125 0.05546875
1.0 0.8421875 0.76875 0.03984375 0.05390625
1.0 0.6734375 0.70703125 0.05703125 0.034375
1.0 0.559375 0.66015625 0.05078125 0.09375
1.0 0.540625 0.3625 0.05859375 0.03984375
1.0 0.5421875 0.29609375 0.05859375 0.03515625
1.0 0.54375 0.13203125 0.090625 0.05078125
1.0 0.24375 0.31328125 0.0953125 0.05859375
1.0 0.225 0.3890625 0.0609375 0.034375
1.0 0.55859375 0.0625 0.065625 0.03671875
