2.0 0.5296874999999999 0.77109375 0.03671875 0.0796875
2.0 0.4601562499999998 0.77421875 0.03984375 0.059375
2.0 0.2445312499999998 0.7718749999999999 0.04296875 0.05234375
2.0 0.1742187499999998 0.7765624999999999 0.04140625 0.05546875
1.0 0.76953125 0.06718750000000004 0.05546875 0.03828125
1.0 0.76875 0.15781250000000005 0.05390625 0.03984375
1.0 0.70703125 0.32656250000000003 0.034375 0.05703125
1.0 0.6601562499999999 0.440625 0.09375 0.05078125
1.0 0.36249999999999993 0.459375 0.03984375 0.05859375
1.0 0.29609374999999993 0.4578125 0.03515625 0.05859375
1.0 0.13203125 0.45624999999999993 0.05078125 0.090625
1.0 0.31328124999999984 0.75625 0.05859375 0.0953125
1.0 0.3890624999999998 0.775 0.034375 0.0609375
1.0 0.0625 0.4414062499999999 0.03671875 0.065625
