0 0.78984375 0.51171875 0.36328125 0.36796875
1 0.23828125 0.1640625 0.05703125 0.09765625
1 0.45625 0.34375 0.096875 0.05703125
1 0.7359375 0.27890625 0.096875 0.05234375
1 0.88828125 0.19765625 0.0953125 0.05703125
1 0.8921875 0.27421875 0.059375 0.03984375
1 0.30859375 0.546875 0.05546875 0.03671875
1 0.49921875 0.4578125 0.05859375 0.03515625
2 0.3640625 0.1640625 0.03828125 0.05546875
1 0.43984375 0.16484375 0.03515625 0.05390625
1 0.50234375 0.16484375 0.03828125 0.05078125
2 0.56484375 0.16484375 0.03828125 0.0625
1 0.62890625 0.16640625 0.03984375 0.05390625
1 0.69921875 0.16640625 0.03125 0.05390625
1 0.7625 0.1671875 0.03984375 0.05546875
2 0.0546875 0.15234375 0.03828125 0.059375
2 0.128125 0.15859375 0.04296875 0.06640625
2 0.4828125 0.4 0.059375 0.03515625
2 0.30703125 0.48671875 0.059375 0.03515625
2 0.12890625 0.4046875 0.0609375 0.034375
2 0.11171875 0.83203125 0.04140625 0.05703125
2 0.11484375 0.67265625 0.03671875 0.0609375
2 0.7109375 0.75703125 0.0609375 0.03671875
2 0.85390625 0.753125 0.0625 0.03671875
