2.0 0.56796875 0.1703125 0.03125 0.05390625
2.0 0.7914062499999999 0.37421875000000004 0.05703125 0.04375
1.0 0.79765625 0.4960937500000001 0.05546875 0.04140625
1.0 0.8382812499999999 0.9578125 0.10234375 0.05546875
1.0 0.8078124999999998 0.7773437500000001 0.05546875 0.03125
1.0 0.7968749999999998 0.6726562500000001 0.05703125 0.04140625
1.0 0.7968749999999999 0.59296875 0.05703125 0.04140625
1.0 0.8015625 0.30312500000000003 0.0953125 0.05859375
1.0 0.63046875 0.17421875000000003 0.03984375 0.05859375
1.0 0.41953125 0.17343749999999997 0.03515625 0.065625
1.0 0.33671875 0.16953124999999997 0.03984375 0.05859375
1.0 0.24609375 0.17109374999999996 0.05546875 0.09765625
0.0 0.35468749999999993 0.64140625 0.66015625 0.66015625
