0.0 0.48828124999999983 0.78984375 0.36796875 0.36328125
1.0 0.8359375 0.23828125000000006 0.09765625 0.05703125
1.0 0.6562499999999999 0.45625 0.05703125 0.096875
1.0 0.7210937499999999 0.7359375 0.05234375 0.096875
1.0 0.8023437499999998 0.88828125 0.05703125 0.0953125
1.0 0.7257812499999998 0.8921875 0.03984375 0.059375
1.0 0.4531249999999999 0.30859375 0.03671875 0.05546875
1.0 0.5421874999999999 0.49921875 0.03515625 0.05859375
2.0 0.8359375 0.36406250000000007 0.05546875 0.03828125
1.0 0.83515625 0.4398437500000001 0.05390625 0.03515625
1.0 0.83515625 0.5023437500000001 0.05078125 0.03828125
2.0 0.8351562499999998 0.5648437500000001 0.0625 0.03828125
1.0 0.8335937499999998 0.6289062500000001 0.05390625 0.03984375
1.0 0.8335937499999998 0.6992187500000001 0.05390625 0.03125
1.0 0.8328124999999998 0.7625000000000001 0.05546875 0.03984375
2.0 0.84765625 0.054687500000000056 0.059375 0.03828125
2.0 0.84140625 0.12812500000000007 0.06640625 0.04296875
2.0 0.5999999999999999 0.4828125 0.03515625 0.059375
2.0 0.5132812499999999 0.30703125 0.03515625 0.059375
2.0 0.5953125 0.12890625000000003 0.034375 0.0609375
2.0 0.16796875 0.11171874999999994 0.05703125 0.04140625
2.0 0.32734375 0.11484374999999995 0.0609375 0.03671875
2.0 0.2429687499999999 0.7109374999999999 0.03671875 0.0609375
2.0 0.24687499999999982 0.85390625 0.03671875 0.0625
