2.0 0.4320312499999999 0.8296875 0.03125 0.05390625
2.0 0.20859374999999997 0.62578125 0.05703125 0.04375
1.0 0.20234374999999996 0.50390625 0.05546875 0.04140625
1.0 0.16171874999999997 0.0421875 0.10234375 0.05546875
1.0 0.19218749999999996 0.22265625 0.05546875 0.03125
1.0 0.20312499999999994 0.32734375 0.05703125 0.04140625
1.0 0.20312499999999994 0.40703125 0.05703125 0.04140625
1.0 0.19843749999999993 0.696875 0.0953125 0.05859375
1.0 0.3695312499999999 0.82578125 0.03984375 0.05859375
1.0 0.5804687499999999 0.8265625 0.03515625 0.065625
1.0 0.6632812499999999 0.83046875 0.03984375 0.05859375
1.0 0.7539062499999999 0.82890625 0.05546875 0.09765625
0.0 0.6453125 0.35859375 0.66015625 0.66015625
