1.0 0.29296875 0.75390625 0.04140625 0.01953125
1.0 0.54296875 0.9453125 0.01875 0.03515625
1.0 0.896875 0.409375 0.0609375 0.03984375
1.0 0.91953125 0.9578125 0.04140625 0.0640625
2.0 0.92578125 0.309375 0.03828125 0.01953125
2.0 0.9265625 0.34765625 0.03828125 0.02421875
0.0 0.6515625 0.5484375 0.25390625 0.21328125
0.0 0.65078125 0.31640625 0.25 0.20859375
2.0 0.07265625 0.94921875 0.02265625 0.04140625
2.0 0.17265625 0.94765625 0.01875 0.03671875
2.0 0.1734375 0.884375 0.01953125 0.0328125
1.0 0.440625 0.95546875 0.02265625 0.03515625
2.0 0.921875 0.79765625 0.03671875 0.02109375
2.0 0.92265625 0.83671875 0.03515625 0.01953125
2.0 0.9234375 0.51015625 0.03125 0.01953125
2.0 0.92421875 0.54921875 0.03515625 0.02109375
2.0 0.925 0.5859375 0.034375 0.02421875
2.0 0.92421875 0.47109375 0.03515625 0.01875
2.0 0.92578125 0.625 0.03125 0.01953125
2.0 0.9234375 0.87734375 0.034375 0.02109375
