0.0 0.7765625 0.20312500000000008 0.2515625 0.221875
2.0 0.29374999999999996 0.3296875 0.0625 0.034375
2.0 0.29296874999999994 0.26640625 0.0640625 0.03515625
2.0 0.29218749999999993 0.20390625 0.0640625 0.03515625
2.0 0.29218749999999993 0.13828125 0.0640625 0.03515625
2.0 0.4492187499999999 0.6453125 0.065625 0.04375
2.0 0.5429687499999999 0.64453125 0.0625 0.04140625
2.0 0.6273437499999999 0.7515625 0.03828125 0.065625
2.0 0.7671874999999999 0.91953125 0.059375 0.04140625
2.0 0.1671874999999999 0.92578125 0.0609375 0.03515625
2.0 0.28828124999999993 0.7734375 0.05703125 0.0328125
2.0 0.1999999999999999 0.65703125 0.05078125 0.0296875
2.0 0.19921874999999994 0.5984375 0.0625 0.03828125
2.0 0.18359374999999994 0.521875 0.04140625 0.0640625
2.0 0.12343749999999994 0.51796875 0.03984375 0.0609375
2.0 0.10546874999999993 0.65625 0.059375 0.034375
2.0 0.10781249999999994 0.59375 0.0625 0.0453125
1.0 0.5828125 0.925 0.05234375 0.03671875
1.0 0.3679687499999999 0.74453125 0.02578125 0.0453125
1.0 0.2867187499999999 0.92421875 0.0484375 0.03828125
1.0 0.26953124999999994 0.6015625 0.02109375 0.04375
1.0 0.2984374999999999 0.69140625 0.0453125 0.02421875
1.0 0.037499999999999936 0.6015625 0.02109375 0.04375
1.0 0.47578124999999993 0.4984375 0.0453125 0.08515625
1.0 0.61328125 0.140625 0.03984375 0.059375
1.0 0.54921875 0.140625 0.0328125 0.05390625
1.0 0.6093749999999999 0.4828125 0.03671875 0.05390625
1.0 0.4195312499999999 0.565625 0.02421875 0.04296875
