1.0 0.6234375 0.328125 0.10234375 0.17578125
1.0 0.92578125 0.3296875000000001 0.096875 0.1734375
1.0 0.6882812499999998 0.62890625 0.05546875 0.034375
1.0 0.6898437499999999 0.71484375 0.046875 0.034375
1.0 0.6890624999999998 0.79609375 0.05703125 0.03828125
1.0 0.6898437499999999 0.88125 0.05546875 0.03515625
1.0 0.34296874999999993 0.39453124999999994 0.03515625 0.05234375
1.0 0.4062499999999999 0.39453125 0.03671875 0.05078125
1.0 0.19375 0.32734374999999993 0.10078125 0.175
1.0 0.2796874999999999 0.40078125 0.028125 0.04296875
1.0 0.4960937499999999 0.33125 0.0921875 0.1734375
1.0 0.05703125 0.3320312499999999 0.096875 0.171875
1.0 0.834375 0.3921875 0.03515625 0.05390625
1.0 0.7703125 0.3921875 0.0328125 0.05078125
1.0 0.7062499999999999 0.39921875000000007 0.02265625 0.04296875
2.0 0.7703125 0.5039062500000001 0.0328125 0.05546875
2.0 0.83203125 0.5023437500000001 0.028125 0.05
2.0 0.7054687499999999 0.49921875 0.03515625 0.05546875
