0.0 0.565625 0.19296875 0.22421875 0.28984375
0.0 0.11796874999999993 0.696875 0.1875 0.234375
0.0 0.5445312499999999 0.6890625 0.29140625 0.25
0.0 0.7851562499999999 0.7015625 0.14453125 0.22734375
1.0 0.32343749999999993 0.44609375 0.08671875 0.10234375
1.0 0.10156249999999993 0.546875 0.05546875 0.03671875
1.0 0.10156249999999993 0.4828125 0.05546875 0.03984375
1.0 0.20078124999999997 0.54609375 0.05546875 0.03828125
1.0 0.20078124999999997 0.48359375 0.05546875 0.03515625
1.0 0.30156249999999996 0.56484375 0.03828125 0.05234375
1.0 0.36796874999999996 0.56328125 0.03671875 0.05234375
1.0 0.2749999999999999 0.68515625 0.08671875 0.10625
1.0 0.3687499999999999 0.77265625 0.03515625 0.05703125
1.0 0.3679687499999999 0.67578125 0.03984375 0.05546875
1.0 0.2757812499999999 0.78828125 0.05703125 0.03984375
1.0 0.5460937499999999 0.37578125 0.046875 0.0296875
1.0 0.4328125 0.1625 0.02734375 0.05
1.0 0.19843749999999996 0.16484375 0.30546875 0.3125
1.0 0.05546874999999997 0.02734375 0.028125 0.046875
1.0 0.4960937499999999 0.51875 0.05703125 0.04296875
1.0 0.7382812499999999 0.5476562500000001 0.0296875 0.046875
2.0 0.04453124999999992 0.89375 0.03828125 0.05390625
2.0 0.13906249999999992 0.89453125 0.04296875 0.0625
2.0 0.23046874999999992 0.89609375 0.04140625 0.0625
2.0 0.3242187499999999 0.896875 0.04296875 0.0609375
2.0 0.4179687499999999 0.89609375 0.04296875 0.065625
2.0 0.5109374999999999 0.896875 0.04140625 0.0609375
2.0 0.6054687499999999 0.89453125 0.0484375 0.059375
2.0 0.6976562499999999 0.896875 0.04296875 0.0609375
2.0 0.90234375 0.9015625 0.075 0.04375
2.0 0.10546874999999996 0.3671875 0.05546875 0.08671875
2.0 0.21328124999999995 0.36796875 0.05390625 0.090625
1.0 0.89453125 0.9515625 0.046875 0.028125
