0 0.66640625 0.19375 0.38671875 0.3875
2 0.4296875 0.1125 0.0640625 0.03671875
2 0.49453125 0.50703125 0.03671875 0.0625
2 0.4953125 0.4171875 0.03828125 0.05859375
1 0.665625 0.85234375 0.03515625 0.05703125
2 0.72578125 0.84921875 0.03984375 0.065625
2 0.24609375 0.821875 0.059375 0.04375
2 0.5109375 0.68515625 0.05859375 0.04140625
1 0.51171875 0.6234375 0.05234375 0.03984375
1 0.53984375 0.94921875 0.10546875 0.0921875
1 0.70546875 0.953125 0.10625 0.090625
1 0.78515625 0.85546875 0.034375 0.05703125
1 0.2453125 0.89453125 0.05546875 0.03671875
1 0.2453125 0.75234375 0.05546875 0.03828125
1 0.4296875 0.2390625 0.05546875 0.03828125
1 0.44140625 0.18359375 0.046875 0.028125
1 0.89921875 0.1984375 0.04296875 0.02734375
1 0.92734375 0.14453125 0.05390625 0.03828125
1 0.69140625 0.59453125 0.02578125 0.046875
1 0.615625 0.4359375 0.02734375 0.0453125
1 0.74921875 0.4171875 0.05234375 0.0328125
2 0.753125 0.615625 0.0171875 0.03828125
1 0.77734375 0.571875 0.028125 0.01875
1 0.7703125 0.5296875 0.04375 0.028125
1 0.7359375 0.73828125 0.0484375 0.08828125
1 0.79296875 0.6890625 0.02734375 0.0484375
1 0.69140625 0.50390625 0.02578125 0.046875
2 0.790625 0.6171875 0.01875 0.03828125
2 0.753125 0.4765625 0.0171875 0.03828125
2 0.79140625 0.47734375 0.0171875 0.03984375
1 0.51328125 0.84609375 0.05234375 0.04140625
