0.0 0.43437499999999984 0.80703125 0.22421875 0.28984375
0.0 0.88203125 0.3031250000000001 0.1875 0.234375
0.0 0.4554687499999999 0.3109375 0.29140625 0.25
0.0 0.21484374999999992 0.29843749999999997 0.14453125 0.22734375
1.0 0.6765625 0.55390625 0.08671875 0.10234375
1.0 0.8984375 0.4531250000000001 0.05546875 0.03671875
1.0 0.8984375 0.5171875000000001 0.05546875 0.03984375
1.0 0.7992187499999999 0.45390625000000007 0.05546875 0.03828125
1.0 0.7992187499999999 0.5164062500000001 0.05546875 0.03515625
1.0 0.6984374999999999 0.43515625 0.03828125 0.05234375
1.0 0.6320312499999999 0.43671875 0.03671875 0.05234375
1.0 0.725 0.31484375000000003 0.08671875 0.10625
1.0 0.63125 0.22734375 0.03515625 0.05703125
1.0 0.63203125 0.32421875 0.03984375 0.05546875
1.0 0.72421875 0.21171875000000004 0.05703125 0.03984375
1.0 0.4539062499999999 0.62421875 0.046875 0.0296875
1.0 0.5671874999999998 0.8375 0.02734375 0.05
1.0 0.8015624999999998 0.83515625 0.30546875 0.3125
1.0 0.9445312499999998 0.97265625 0.028125 0.046875
1.0 0.5039062499999999 0.48125 0.05703125 0.04296875
1.0 0.2617187499999999 0.45234374999999993 0.0296875 0.046875
2.0 0.95546875 0.1062500000000001 0.03828125 0.05390625
2.0 0.8609375 0.10546875000000007 0.04296875 0.0625
2.0 0.76953125 0.10390625000000005 0.04140625 0.0625
2.0 0.67578125 0.10312500000000002 0.04296875 0.0609375
2.0 0.58203125 0.10390625000000002 0.04296875 0.065625
2.0 0.4890625 0.103125 0.04140625 0.0609375
2.0 0.39453125 0.10546874999999997 0.0484375 0.059375
2.0 0.30234375 0.10312499999999995 0.04296875 0.0609375
2.0 0.09765625 0.09843749999999993 0.075 0.04375
2.0 0.8945312499999998 0.6328125000000001 0.05546875 0.08671875
2.0 0.7867187499999998 0.63203125 0.05390625 0.090625
1.0 0.10546875 0.048437499999999925 0.046875 0.028125
