2.0 0.64375 0.39140625 0.0765625 0.03828125
2.0 0.6421875 0.44921875 0.08515625 0.04375
2.0 0.64296875 0.5125 0.08671875 0.04296875
2.0 0.64609375 0.57578125 0.090625 0.03515625
2.0 0.64296875 0.3265625 0.08671875 0.03984375
2.0 0.64609375 0.2578125 0.08828125 0.03515625
2.0 0.57109375 0.06953125 0.03984375 0.07421875
2.0 0.51953125 0.07109375 0.03515625 0.06796875
2.0 0.46796875 0.07109375 0.03515625 0.065625
2.0 0.35546875 0.07265625 0.03125 0.065625
1.0 0.15234375 0.0734375 0.03828125 0.0609375
2.0 0.08515625 0.07109375 0.04296875 0.0625
2.0 0.34765625 0.86171875 0.04140625 0.06953125
2.0 0.08203125 0.815625 0.03515625 0.07109375
1.0 0.75078125 0.8828125 0.1265625 0.08125
1.0 0.75078125 0.75390625 0.1234375 0.08203125
1.0 0.88984375 0.84375 0.0328125 0.065625
1.0 0.04921875 0.9625 0.05859375 0.03515625
1.0 0.3 0.07578125 0.03125 0.05859375
1.0 0.24609375 0.0734375 0.0296875 0.0640625
0.0 0.28515625 0.42578125 0.5015625 0.50390625
