0.0 0.7296874999999999 0.3312500000000001 0.4875 0.471875
2.0 0.42109375 0.20703125 0.03828125 0.0765625
2.0 0.28281249999999997 0.48359375 0.03984375 0.08125
2.0 0.22031249999999997 0.48671875 0.03984375 0.08125
2.0 0.34609375 0.62109375 0.04140625 0.08984375
2.0 0.28046874999999993 0.621875 0.03828125 0.090625
2.0 0.22031249999999997 0.62109375 0.03671875 0.090625
2.0 0.4296874999999999 0.61953125 0.03828125 0.0796875
2.0 0.27734374999999994 0.35625 0.04140625 0.08515625
2.0 0.21718749999999995 0.3609375 0.03984375 0.0796875
1.0 0.08281249999999993 0.66796875 0.03515625 0.0625
