2.0 0.6085937499999999 0.64375 0.03828125 0.0765625
2.0 0.5507812499999999 0.6421875 0.04375 0.08515625
2.0 0.48749999999999993 0.64296875 0.04296875 0.08671875
2.0 0.4242187499999999 0.64609375 0.03515625 0.090625
2.0 0.6734374999999999 0.64296875 0.03984375 0.08671875
2.0 0.7421874999999999 0.64609375 0.03515625 0.08828125
2.0 0.93046875 0.5710937500000001 0.07421875 0.03984375
2.0 0.92890625 0.5195312500000001 0.06796875 0.03515625
2.0 0.92890625 0.4679687500000001 0.065625 0.03515625
2.0 0.92734375 0.3554687500000001 0.065625 0.03125
1.0 0.9265625 0.15234375 0.0609375 0.03828125
2.0 0.92890625 0.08515625 0.0625 0.04296875
2.0 0.13828124999999997 0.34765625 0.06953125 0.04140625
2.0 0.18437499999999998 0.08203125 0.07109375 0.03515625
1.0 0.11718749999999993 0.75078125 0.08125 0.1265625
1.0 0.24609374999999992 0.75078125 0.08203125 0.1234375
1.0 0.15624999999999992 0.88984375 0.065625 0.0328125
1.0 0.037499999999999964 0.04921875 0.03515625 0.05859375
1.0 0.92421875 0.3000000000000001 0.05859375 0.03125
1.0 0.9265625 0.24609375000000008 0.0640625 0.0296875
0.0 0.5742187499999999 0.28515625 0.50390625 0.5015625
