2 0.7171875 0.86328125 0.0640625 0.03515625
2 0.3796875 0.9546875 0.06015625 0.03125
2 0.46640625 0.9484375 0.065625 0.03515625
2 0.71953125 0.73203125 0.06875 0.0328125
2 0.72109375 0.69375 0.0703125 0.02734375
1 0.715625 0.65234375 0.0671875 0.03515625
1 0.7734375 0.5 0.040625 0.06796875
1 0.290625 0.9515625 0.05234375 0.034375
2 0.778125 0.7984375 0.034375 0.05078125
1 0.475 0.37109375 0.04921875 0.028125
1 0.10234375 0.21015625 0.028125 0.0453125
1 0.76953125 0.12734375 0.234375 0.23984375
1 0.5546875 0.94921875 0.0625 0.03515625
1 0.03984375 0.98359375 0.04921875 0.02734375
1 0.0359375 0.94296875 0.04765625 0.034375
