2.0 0.2703124999999999 0.88125 0.046875 0.08359375
2.0 0.2984374999999999 0.7015625 0.04296875 0.07421875
2.0 0.33359374999999997 0.5125 0.04296875 0.08515625
2.0 0.34765624999999994 0.33984375 0.0453125 0.06796875
2.0 0.34765624999999994 0.15546875 0.04375 0.06953125
2.0 0.4710937499999999 0.33515625 0.04375 0.07421875
2.0 0.475 0.1578125 0.04140625 0.0796875
2.0 0.4671874999999999 0.884375 0.04296875 0.078125
2.0 0.4703124999999999 0.70078125 0.0453125 0.075
2.0 0.4726562499999999 0.5140625 0.046875 0.07421875
2.0 0.6984374999999999 0.37890625 0.24609375 0.55390625
