1.0 0.6296875 0.035937500000000025 0.03828125 0.0609375
1.0 0.68828125 0.03750000000000003 0.03828125 0.0640625
1.0 0.7484375 0.03515625000000004 0.03671875 0.0625
1.0 0.76875 0.34765625000000006 0.05078125 0.03125
1.0 0.7718749999999999 0.38828125 0.05 0.0296875
1.0 0.7734374999999999 0.4320312500000001 0.05 0.03125
1.0 0.7773437499999999 0.4757812500000001 0.04375 0.034375
1.0 0.7476562499999998 0.81328125 0.03828125 0.075
1.0 0.3968749999999998 0.8375 0.04375 0.08984375
1.0 0.45781249999999984 0.83984375 0.03828125 0.0796875
1.0 0.5164062499999998 0.828125 0.03828125 0.07109375
1.0 0.5796874999999998 0.83125 0.034375 0.065625
1.0 0.6328124999999998 0.82890625 0.02734375 0.06640625
1.0 0.6867187499999998 0.821875 0.03828125 0.06953125
1.0 0.3390624999999998 0.84453125 0.03828125 0.0640625
1.0 0.4492187499999999 0.709375 0.04296875 0.06640625
1.0 0.50859375 0.70625 0.0453125 0.0765625
1.0 0.5695312499999999 0.70390625 0.04296875 0.08125
1.0 0.6234374999999999 0.7046875 0.028125 0.0625
1.0 0.3882812499999999 0.71640625 0.04375 0.078125
1.0 0.3210937499999999 0.32578124999999997 0.059375 0.0328125
1.0 0.32343749999999993 0.36718749999999994 0.05546875 0.0328125
1.0 0.32734374999999993 0.41015625 0.05546875 0.03125
2.0 0.3359374999999999 0.56796875 0.05234375 0.028125
1.0 0.3374999999999999 0.615625 0.05 0.03515625
2.0 0.34765624999999983 0.9578125 0.034375 0.05859375
2.0 0.3929687499999998 0.96015625 0.0296875 0.059375
2.0 0.44218749999999984 0.953125 0.0328125 0.05078125
2.0 0.6296874999999998 0.94375 0.03515625 0.0609375
2.0 0.6796874999999998 0.94140625 0.02734375 0.046875
2.0 0.7249999999999999 0.9375 0.0296875 0.05703125
2.0 0.5374999999999999 0.94609375 0.0328125 0.05703125
2.0 0.5820312499999998 0.94609375 0.034375 0.05703125
2.0 0.48906249999999984 0.95078125 0.0296875 0.05859375
2.0 0.3328124999999999 0.5203125 0.05546875 0.0328125
1.0 0.65625 0.19296875000000002 0.25 0.16171875
1.0 0.7453124999999998 0.61796875 0.15234375 0.23828125
0.0 0.54765625 0.46875 0.3 0.30078125
