0.0 0.09765625 0.26953125 0.1265625 0.16796875
0.0 0.0703125 0.853125 0.11796875 0.1578125
1.0 0.70703125 0.78515625 0.453125 0.328125
1.0 0.39921875 0.590625 0.403125 0.33515625
1.0 0.4 0.16953125 0.39921875 0.33125
1.0 0.6921875 0.346875 0.43046875 0.3296875
2.0 0.1375 0.6859375 0.01953125 0.034375
2.0 0.10390625 0.68515625 0.01953125 0.0328125
2.0 0.06640625 0.6890625 0.01953125 0.03125
2.0 0.03125 0.6875 0.01953125 0.034375
2.0 0.14765625 0.8078125 0.01953125 0.03515625
1.0 0.13671875 0.56875 0.01953125 0.03515625
2.0 0.10078125 0.57109375 0.01953125 0.03984375
1.0 0.06484375 0.571875 0.02421875 0.03828125
1.0 0.15 0.90390625 0.02421875 0.04140625
