2.0 0.86875 0.8203125 0.04375 0.08671875
2.0 0.95 0.81953125 0.03984375 0.06796875
2.0 0.86484375 0.60390625 0.03671875 0.0796875
2.0 0.946875 0.60625 0.03828125 0.06796875
2.0 0.4437499999999999 0.31171875 0.04375 0.07265625
2.0 0.5296874999999999 0.3078125 0.0453125 0.075
2.0 0.6132812499999999 0.30859375 0.04296875 0.07421875
2.0 0.6984374999999999 0.309375 0.04375 0.06796875
2.0 0.7804687499999999 0.3085937500000001 0.04375 0.0765625
2.0 0.77734375 0.14375 0.04140625 0.0765625
2.0 0.85625 0.14453125 0.03984375 0.06796875
1.0 0.4148437499999999 0.59296875 0.04296875 0.08125
1.0 0.7882812499999999 0.82109375 0.03984375 0.0796875
1.0 0.86171875 0.3031250000000001 0.04140625 0.08125
0.0 0.5984375 0.70625 0.2796875 0.375
