1.0 0.83984375 0.2351562500000001 0.09375 0.05
1.0 0.20312499999999994 0.56640625 0.03984375 0.0953125
2.0 0.09999999999999995 0.35625 0.08984375 0.04296875
1.0 0.09453124999999996 0.30078125 0.07265625 0.04296875
2.0 0.09531249999999995 0.25 0.090625 0.03984375
1.0 0.09140624999999995 0.19453125 0.075 0.03984375
1.0 0.08437499999999996 0.1390625 0.06953125 0.034375
1.0 0.07499999999999997 0.08984375 0.0625 0.034375
1.0 0.3523437499999999 0.7140625 0.2640625 0.35625
1.0 0.6632812499999999 0.7 0.378125 0.5484375
