2.0 0.1296875 0.6375 0.07265625 0.03984375
2.0 0.1234375 0.39140625 0.04296875 0.02734375
2.0 0.1203125 0.228125 0.04140625 0.02734375
2.0 0.12109375 0.26328125 0.0484375 0.02421875
1.0 0.11953125 0.04921875 0.04296875 0.02734375
2.0 0.1203125 0.08671875 0.046875 0.03125
2.0 0.14140625 0.475 0.04375 0.02421875
1.0 0.4203125 0.14453125 0.2671875 0.27421875
1.0 0.46015625 0.82265625 0.403125 0.33203125
1.0 0.69375 0.134375 0.26875 0.26875
1.0 0.14453125 0.51015625 0.03828125 0.01953125
0.0 0.16015625 0.92265625 0.1265625 0.1546875
