1.0 0.1640625 0.3828125 0.03828125 0.06640625
1.0 0.28359375 0.7609375 0.2 0.18359375
1.0 0.83671875 0.48359375 0.1875 0.22265625
1.0 0.559375 0.49375 0.19921875 0.2171875
1.0 0.39375 0.58984375 0.19296875 0.21328125
1.0 0.24609375 0.06640625 0.06953125 0.034375
2.0 0.68359375 0.04375 0.07421875 0.028125
2.0 0.68203125 0.08046875 0.06796875 0.0328125
1.0 0.6828125 0.11640625 0.07265625 0.028125
2.0 0.68515625 0.15 0.075 0.03828125
2.0 0.68515625 0.19765625 0.05234375 0.03984375
1.0 0.68359375 0.2328125 0.059375 0.03125
1.0 0.5515625 0.75390625 0.06640625 0.07265625
1.0 0.728125 0.59453125 0.05234375 0.05859375
1.0 0.67109375 0.6234375 0.06640625 0.06796875
1.0 0.4828125 0.8015625 0.07109375 0.06953125
2.0 0.77578125 0.23203125 0.065625 0.03515625
2.0 0.77890625 0.0734375 0.07265625 0.0296875
2.0 0.7796875 0.11640625 0.06796875 0.034375
2.0 0.8671875 0.021875 0.07265625 0.03828125
2.0 0.86875 0.0671875 0.08125 0.03515625
1.0 0.25078125 0.1640625 0.06640625 0.04375
2.0 0.24921875 0.2296875 0.0609375 0.03515625
2.0 0.25 0.26328125 0.0625 0.02734375
2.0 0.25078125 0.3 0.0640625 0.03125
2.0 0.68359375 0.26796875 0.04375 0.0296875
1.0 0.12109375 0.38203125 0.03984375 0.06796875
1.0 0.82265625 0.6484375 0.0625 0.05234375
1.0 0.58515625 0.66953125 0.05390625 0.05546875
1.0 0.61875 0.6953125 0.06640625 0.0640625
1.0 0.78125 0.62265625 0.05703125 0.05
