0.0 0.26953124999999983 0.90234375 0.16796875 0.1265625
0.0 0.8531249999999998 0.9296875 0.1578125 0.11796875
1.0 0.78515625 0.29296875000000006 0.328125 0.453125
1.0 0.590625 0.60078125 0.33515625 0.403125
1.0 0.16953124999999983 0.5999999999999999 0.33125 0.39921875
1.0 0.34687499999999993 0.30781249999999993 0.3296875 0.43046875
2.0 0.6859374999999999 0.8625 0.034375 0.01953125
2.0 0.6851562499999998 0.89609375 0.0328125 0.01953125
2.0 0.6890624999999998 0.93359375 0.03125 0.01953125
2.0 0.6874999999999998 0.96875 0.034375 0.01953125
2.0 0.8078124999999998 0.85234375 0.03515625 0.01953125
1.0 0.5687499999999999 0.86328125 0.03515625 0.01953125
2.0 0.5710937499999998 0.89921875 0.03984375 0.01953125
1.0 0.5718749999999998 0.93515625 0.03828125 0.02421875
1.0 0.9039062499999998 0.85 0.04140625 0.02421875
