1.0 0.5062499999999999 0.415625 0.0921875 0.08671875
1.0 0.815625 0.3921875000000001 0.2640625 0.25859375
1.0 0.11249999999999993 0.728125 0.2015625 0.22265625
0.0 0.3109374999999999 0.84296875 0.19296875 0.14609375
0.0 0.1804687499999999 0.84140625 0.065625 0.046875
1.0 0.5195312499999999 0.67578125 0.265625 0.26875
2.0 0.78984375 0.2093750000000001 0.0625 0.02734375
1.0 0.790625 0.1765625 0.046875 0.01875
1.0 0.59921875 0.18125 0.05078125 0.02421875
1.0 0.5195312499999999 0.28203125 0.04375 0.02109375
2.0 0.521875 0.2515625 0.046875 0.02578125
1.0 0.53515625 0.2015625 0.02109375 0.03671875
1.0 0.50859375 0.20390625 0.028125 0.03828125
1.0 0.4734375 0.25859375 0.02421875 0.034375
2.0 0.4343749999999999 0.38515625 0.04296875 0.02578125
1.0 0.38671874999999994 0.33046875 0.0296875 0.03515625
1.0 0.475 0.18984375 0.02734375 0.03515625
1.0 0.23203124999999997 0.27109375 0.03515625 0.02578125
1.0 0.44453125 0.25546875 0.02265625 0.0453125
1.0 0.4109375 0.2609375 0.0296875 0.04375
1.0 0.44609375 0.19375 0.02265625 0.03828125
1.0 0.41875 0.19140625 0.02265625 0.0453125
1.0 0.96640625 0.3148437500000001 0.02109375 0.046875
1.0 0.9578125 0.2593750000000001 0.05 0.02421875
1.0 0.9609375 0.2234375000000001 0.05 0.02109375
1.0 0.96171875 0.1953125 0.0484375 0.02421875
1.0 0.96875 0.38750000000000007 0.028125 0.05078125
1.0 0.90078125 0.4796875000000001 0.0484375 0.02421875
1.0 0.15312499999999998 0.0234375 0.05078125 0.02109375
2.0 0.35937499999999994 0.3296875 0.028125 0.05703125
2.0 0.32578124999999997 0.32734375 0.02734375 0.05546875
