1.0 0.5273437499999999 0.6515625 0.046875 0.09765625
1.0 0.4148437499999999 0.6515625 0.096875 0.18359375
1.0 0.5742187499999999 0.36875 0.04140625 0.0921875
2.0 0.2976562499999999 0.64765625 0.04375 0.08515625
2.0 0.16328124999999996 0.36953125 0.034375 0.08203125
2.0 0.08359374999999994 0.36953125 0.03671875 0.0625
2.0 0.07734374999999996 0.15703125 0.03828125 0.078125
2.0 0.16171874999999997 0.15390625 0.034375 0.0640625
2.0 0.57265625 0.13203125 0.04296875 0.06796875
0.0 0.38749999999999996 0.24375 0.28125 0.3734375
