1.0 0.7078125 0.22812500000000005 0.21171875 0.2203125
1.0 0.7117187499999998 0.86875 0.21875 0.21484375
1.0 0.7085937499999998 0.653125 0.221875 0.21015625
1.0 0.7085937499999999 0.44140625 0.21015625 0.20859375
1.0 0.95390625 0.28984375000000007 0.04140625 0.02578125
1.0 0.93359375 0.04453125000000008 0.05390625 0.01953125
1.0 0.85 0.044531250000000064 0.05625 0.02578125
1.0 0.11328125 0.32734374999999993 0.025 0.04375
1.0 0.153125 0.3281249999999999 0.02109375 0.03359375
1.0 0.1828125 0.32812499999999994 0.021875 0.03359375
1.0 0.22265625 0.15859374999999995 0.04140625 0.021875
1.0 0.9148437499999998 0.8921875 0.02109375 0.03671875
2.0 0.1765625 0.37265624999999997 0.03203125 0.02265625
2.0 0.175 0.4023437499999999 0.0375 0.01875
2.0 0.175 0.4304687499999999 0.03984375 0.021875
2.0 0.1765625 0.4656249999999999 0.04296875 0.01875
1.0 0.22499999999999992 0.4890624999999999 0.025 0.03828125
1.0 0.22656249999999992 0.4179687499999999 0.01953125 0.03671875
1.0 0.15937499999999982 0.5804687499999999 0.02265625 0.03984375
2.0 0.1781249999999998 0.4960937499999999 0.03984375 0.01953125
2.0 0.17578124999999983 0.52421875 0.04140625 0.01796875
1.0 0.19843749999999982 0.5796874999999999 0.01953125 0.03671875
1.0 0.2062499999999999 0.6390624999999999 0.04375 0.03046875
1.0 0.02968749999999982 0.7210937499999999 0.02421875 0.05078125
1.0 0.06718749999999982 0.7242187499999999 0.021875 0.05
1.0 0.02578124999999982 0.6523437499999999 0.02265625 0.0375
2.0 0.060937499999999825 0.6562499999999999 0.021875 0.04375
2.0 0.08984374999999982 0.6499999999999999 0.02421875 0.04140625
2.0 0.14921874999999982 0.6499999999999999 0.02421875 0.04375
1.0 0.14921874999999982 0.84609375 0.05078125 0.021875
