2.0 0.13125 0.17968749999999994 0.04375 0.08671875
2.0 0.05 0.1804687499999999 0.03984375 0.06796875
2.0 0.13515625 0.3960937499999999 0.03671875 0.0796875
2.0 0.053125 0.39374999999999993 0.03828125 0.06796875
2.0 0.5562499999999999 0.68828125 0.04375 0.07265625
2.0 0.4703124999999999 0.6921875 0.0453125 0.075
2.0 0.3867187499999999 0.69140625 0.04296875 0.07421875
2.0 0.3015624999999999 0.690625 0.04375 0.06796875
2.0 0.2195312499999999 0.6914062499999999 0.04375 0.0765625
2.0 0.22265624999999983 0.85625 0.04140625 0.0765625
2.0 0.14374999999999982 0.85546875 0.03984375 0.06796875
1.0 0.5851562499999999 0.40703125 0.04296875 0.08125
1.0 0.21171875 0.17890624999999993 0.03984375 0.0796875
1.0 0.13828124999999983 0.6968749999999999 0.04140625 0.08125
0.0 0.40156249999999993 0.29375 0.2796875 0.375
