2.0 0.36249999999999993 0.1296875 0.03984375 0.07265625
2.0 0.60859375 0.1234375 0.02734375 0.04296875
2.0 0.771875 0.1203125 0.02734375 0.04140625
2.0 0.73671875 0.12109375 0.02421875 0.0484375
1.0 0.95078125 0.11953125 0.02734375 0.04296875
2.0 0.91328125 0.1203125 0.03125 0.046875
2.0 0.525 0.14140625 0.02421875 0.04375
1.0 0.85546875 0.4203125000000001 0.27421875 0.2671875
1.0 0.17734374999999994 0.46015625 0.33203125 0.403125
1.0 0.865625 0.69375 0.26875 0.26875
1.0 0.48984375 0.14453125 0.01953125 0.03828125
0.0 0.07734374999999996 0.16015625 0.1546875 0.1265625
