1.0 0.16015624999999983 0.7648437499999999 0.09375 0.05
1.0 0.7968749999999999 0.4335937500000001 0.03984375 0.0953125
2.0 0.8999999999999998 0.64375 0.08984375 0.04296875
1.0 0.9054687499999998 0.6992187500000001 0.07265625 0.04296875
2.0 0.9046874999999999 0.7500000000000001 0.090625 0.03984375
1.0 0.9085937499999999 0.80546875 0.075 0.03984375
1.0 0.9156249999999998 0.8609375 0.06953125 0.034375
1.0 0.9249999999999998 0.91015625 0.0625 0.034375
1.0 0.64765625 0.28593750000000007 0.2640625 0.35625
1.0 0.3367187499999999 0.29999999999999993 0.378125 0.5484375
