1 0.0359375 0.3703125 0.0609375 0.03828125
1 0.0375 0.31171875 0.0640625 0.03828125
1 0.03515625 0.2515625 0.0625 0.03671875
1 0.34765625 0.23125 0.03125 0.05078125
1 0.38828125 0.228125 0.0296875 0.05
1 0.43203125 0.2265625 0.03125 0.05
1 0.47578125 0.22265625 0.034375 0.04375
1 0.81328125 0.25234375 0.075 0.03828125
1 0.8375 0.603125 0.08984375 0.04375
1 0.83984375 0.5421875 0.0796875 0.03828125
1 0.828125 0.48359375 0.07109375 0.03828125
1 0.83125 0.4203125 0.065625 0.034375
1 0.82890625 0.3671875 0.06640625 0.02734375
1 0.821875 0.31328125 0.06953125 0.03828125
1 0.84453125 0.6609375 0.0640625 0.03828125
1 0.709375 0.55078125 0.06640625 0.04296875
1 0.70625 0.49140625 0.0765625 0.0453125
1 0.70390625 0.43046875 0.08125 0.04296875
1 0.7046875 0.3765625 0.0625 0.028125
1 0.71640625 0.61171875 0.078125 0.04375
1 0.32578125 0.67890625 0.0328125 0.059375
1 0.3671875 0.6765625 0.0328125 0.05546875
1 0.41015625 0.67265625 0.03125 0.05546875
2 0.56796875 0.6640625 0.028125 0.05234375
1 0.615625 0.6625 0.03515625 0.05
2 0.9578125 0.65234375 0.05859375 0.034375
2 0.96015625 0.60703125 0.059375 0.0296875
2 0.953125 0.5578125 0.05078125 0.0328125
2 0.94375 0.3703125 0.0609375 0.03515625
2 0.94140625 0.3203125 0.046875 0.02734375
2 0.9375 0.275 0.05703125 0.0296875
2 0.94609375 0.4625 0.05703125 0.0328125
2 0.94609375 0.41796875 0.05703125 0.034375
2 0.95078125 0.5109375 0.05859375 0.0296875
2 0.5203125 0.6671875 0.0328125 0.05546875
1 0.19296875 0.34375 0.16171875 0.25
1 0.61796875 0.2546875 0.23828125 0.15234375
0 0.46875 0.45234375 0.30078125 0.3
