0.0 0.6835937499999999 0.4828125 0.22265625 0.27265625
0.0 0.73828125 0.08437500000000005 0.22265625 0.1546875
2.0 0.84765625 0.41484375000000007 0.0625 0.034375
2.0 0.8453125 0.4531250000000001 0.065625 0.03671875
2.0 0.83984375 0.50703125 0.065625 0.034375
2.0 0.7539062499999998 0.66640625 0.034375 0.0484375
2.0 0.8031249999999999 0.6679687500000001 0.0328125 0.0609375
2.0 0.8414062499999998 0.6671875 0.0296875 0.05234375
2.0 0.528125 0.6234375 0.059375 0.02578125
2.0 0.5429687499999999 0.3375 0.0296875 0.046875
1.0 0.4023437499999999 0.46484375 0.2953125 0.26015625
2.0 0.5539062499999999 0.5265625 0.028125 0.04375
2.0 0.603125 0.10078125000000002 0.0328125 0.0625
