2 0.49140625 0.96328125 0.05703125 0.034375
2 0.0328125 0.96640625 0.05703125 0.0296875
2 0.18046875 0.125 0.05390625 0.03125
2 0.19140625 0.33828125 0.05 0.03671875
2 0.19609375 0.45703125 0.05703125 0.0328125
2 0.1953125 0.61640625 0.05 0.03671875
2 0.1953125 0.77578125 0.05546875 0.034375
2 0.2859375 0.09765625 0.0328125 0.059375
1 0.34296875 0.09921875 0.0296875 0.05703125
2 0.41171875 0.09921875 0.034375 0.0625
2 0.53828125 0.11640625 0.05703125 0.03671875
2 0.68359375 0.08046875 0.05546875 0.0328125
2 0.6859375 0.0265625 0.05390625 0.03515625
1 0.653125 0.61015625 0.028125 0.05546875
2 0.721875 0.61328125 0.034375 0.05859375
2 0.7828125 0.6109375 0.03984375 0.07109375
1 0.4703125 0.61875 0.028125 0.05546875
2 0.5359375 0.61328125 0.03515625 0.05703125
2 0.59375 0.61328125 0.03984375 0.05859375
1 0.28828125 0.6484375 0.03125 0.05234375
2 0.35078125 0.6140625 0.03125 0.05546875
2 0.409375 0.61484375 0.034375 0.05703125
1 0.3546875 0.77890625 0.02734375 0.05
2 0.41171875 0.78125 0.03671875 0.05703125
2 0.46953125 0.77890625 0.03828125 0.0640625
1 0.540625 0.78046875 0.02734375 0.05859375
2 0.59765625 0.77734375 0.03984375 0.05703125
2 0.65234375 0.7765625 0.0328125 0.0609375
1 0.728125 0.775 0.0296875 0.05546875
2 0.78359375 0.77578125 0.03515625 0.059375
2 0.840625 0.77265625 0.03671875 0.059375
1 0.84921875 0.03046875 0.05078125 0.05
1 0.2953125 0.30390625 0.028125 0.05703125
1 0.19375 0.27421875 0.05546875 0.03125
1 0.17890625 0.19140625 0.05390625 0.02578125
1 0.6265625 0.3 0.03125 0.05078125
1 0.69453125 0.2703125 0.05390625 0.109375
1 0.76171875 0.246875 0.02734375 0.05390625
1 0.45625 0.22265625 0.03125 0.05546875
1 0.83984375 0.60859375 0.0296875 0.05546875
1 0.93984375 0.64140625 0.0296875 0.05859375
1 0.19140625 0.5265625 0.05234375 0.0296875
1 0.19765625 0.678125 0.05390625 0.0296875
1 0.03046875 0.90859375 0.05546875 0.0296875
1 0.9734375 0.5015625 0.05234375 0.05390625
1 0.3796875 0.2640625 0.05234375 0.1109375
