2.0 0.22109375 0.16484374999999996 0.03828125 0.05703125
2.0 0.28203125 0.16171874999999997 0.03515625 0.05390625
2.0 0.33984375 0.16093749999999998 0.03515625 0.05
2.0 0.15703125 0.16015624999999994 0.03828125 0.05
2.0 0.046875 0.2476562499999999 0.0625 0.03828125
2.0 0.24609374999999983 0.91796875 0.03515625 0.05546875
2.0 0.1820312499999998 0.91484375 0.034375 0.059375
2.0 0.42578124999999983 0.975 0.046875 0.02734375
2.0 0.9335937499999998 0.87109375 0.059375 0.03671875
2.0 0.9374999999999998 0.7742187500000001 0.0625 0.059375
2.0 0.6390624999999999 0.484375 0.034375 0.05078125
1.0 0.9749999999999999 0.5898437500000001 0.05 0.05703125
1.0 0.7835937499999999 0.38671875000000006 0.05546875 0.05390625
1.0 0.3429687499999998 0.80703125 0.0328125 0.05390625
1.0 0.2289062499999998 0.7343749999999999 0.05078125 0.028125
1.0 0.4179687499999999 0.384375 0.3140625 0.29375
