2.0 0.03671874999999982 0.49140624999999993 0.034375 0.05703125
2.0 0.03359375 0.03281249999999991 0.0296875 0.05703125
2.0 0.875 0.18046875000000007 0.03125 0.05390625
2.0 0.66171875 0.19140625000000003 0.03671875 0.05
2.0 0.54296875 0.19609375 0.0328125 0.05703125
2.0 0.38359375 0.19531249999999997 0.03671875 0.05
2.0 0.22421875 0.19531249999999994 0.034375 0.05546875
2.0 0.90234375 0.28593750000000007 0.059375 0.0328125
1.0 0.90078125 0.3429687500000001 0.05703125 0.0296875
2.0 0.90078125 0.4117187500000001 0.0625 0.034375
2.0 0.88359375 0.53828125 0.03671875 0.05703125
2.0 0.9195312499999998 0.6835937500000001 0.0328125 0.05546875
2.0 0.9734374999999998 0.6859375000000001 0.03515625 0.05390625
1.0 0.38984374999999993 0.653125 0.05546875 0.028125
2.0 0.3867187499999999 0.721875 0.05859375 0.034375
2.0 0.3890624999999998 0.7828125 0.07109375 0.03984375
1.0 0.3812499999999999 0.4703125 0.05546875 0.028125
2.0 0.3867187499999999 0.5359375 0.05703125 0.03515625
2.0 0.3867187499999999 0.59375 0.05859375 0.03984375
1.0 0.3515624999999999 0.28828124999999993 0.05234375 0.03125
2.0 0.38593749999999993 0.35078124999999993 0.05546875 0.03125
2.0 0.3851562499999999 0.409375 0.05703125 0.034375
1.0 0.22109374999999992 0.35468749999999993 0.05 0.02734375
2.0 0.21874999999999992 0.4117187499999999 0.05703125 0.03671875
2.0 0.22109374999999992 0.4695312499999999 0.0640625 0.03828125
1.0 0.2195312499999999 0.5406249999999999 0.05859375 0.02734375
2.0 0.22265624999999992 0.5976562499999999 0.05703125 0.03984375
2.0 0.2234374999999999 0.6523437499999999 0.0609375 0.0328125
1.0 0.2249999999999998 0.7281249999999999 0.05546875 0.0296875
2.0 0.22421874999999983 0.7835937499999999 0.059375 0.03515625
2.0 0.22734374999999982 0.840625 0.059375 0.03671875
1.0 0.9695312499999998 0.84921875 0.05 0.05078125
1.0 0.69609375 0.29531250000000003 0.05703125 0.028125
1.0 0.72578125 0.19375000000000003 0.03125 0.05546875
1.0 0.80859375 0.17890625000000004 0.02578125 0.05390625
1.0 0.6999999999999998 0.6265625 0.05078125 0.03125
1.0 0.7296874999999998 0.69453125 0.109375 0.05390625
1.0 0.7531249999999998 0.76171875 0.05390625 0.02734375
1.0 0.7773437499999999 0.4562500000000001 0.05546875 0.03125
1.0 0.39140624999999984 0.83984375 0.05546875 0.0296875
1.0 0.3585937499999998 0.93984375 0.05859375 0.0296875
1.0 0.4734375 0.19140625 0.0296875 0.05234375
1.0 0.321875 0.19765624999999995 0.0296875 0.05390625
1.0 0.09140625 0.030468749999999923 0.0296875 0.05546875
1.0 0.4984374999999998 0.9734375 0.05390625 0.05234375
1.0 0.7359374999999999 0.37968750000000007 0.1109375 0.05234375
