2.0 0.7789062499999999 0.83515625 0.03828125 0.05703125
2.0 0.7179687499999999 0.83828125 0.03515625 0.05390625
2.0 0.6601562499999999 0.8390625 0.03515625 0.05
2.0 0.84296875 0.83984375 0.03828125 0.05
2.0 0.953125 0.75234375 0.0625 0.03828125
2.0 0.75390625 0.08203125 0.03515625 0.05546875
2.0 0.81796875 0.08515625 0.034375 0.059375
2.0 0.57421875 0.025 0.046875 0.02734375
2.0 0.06640624999999997 0.12890625 0.059375 0.03671875
2.0 0.06249999999999996 0.22578125 0.0625 0.059375
2.0 0.36093749999999997 0.515625 0.034375 0.05078125
1.0 0.02499999999999995 0.41015625 0.05 0.05703125
1.0 0.21640624999999997 0.61328125 0.05546875 0.05390625
1.0 0.65703125 0.19296875 0.0328125 0.05390625
1.0 0.77109375 0.2656250000000001 0.05078125 0.028125
1.0 0.5820312499999999 0.615625 0.3140625 0.29375
