2.0 0.89140625 0.66015625 0.028125 0.015625
2.0 0.890625 0.69453125 0.0328125 0.0171875
2.0 0.8921875 0.728125 0.0296875 0.015625
2.0 0.89375 0.76171875 0.03046875 0.0171875
2.0 0.8921875 0.79453125 0.034375 0.01875
2.0 0.803125 0.81171875 0.01875 0.0296875
2.0 0.76875 0.8125 0.01640625 0.03125
2.0 0.73515625 0.8140625 0.0171875 0.03125
2.0 0.7 0.81328125 0.01953125 0.03125
2.0 0.66640625 0.8140625 0.01875 0.0296875
2.0 0.63125 0.8125 0.01640625 0.03671875
2.0 0.59765625 0.8140625 0.01640625 0.028125
2.0 0.56328125 0.8125 0.0171875 0.03125
2.0 0.528125 0.8140625 0.02109375 0.0296875
2.0 0.49453125 0.81328125 0.0203125 0.02578125
2.0 0.46015625 0.81328125 0.0203125 0.02734375
2.0 0.4265625 0.8125 0.01953125 0.0296875
2.0 0.39140625 0.81328125 0.01875 0.03125
2.0 0.33828125 0.2140625 0.03125 0.01875
2.0 0.33515625 0.24921875 0.03125 0.01875
2.0 0.3359375 0.28203125 0.03046875 0.01875
2.0 0.33671875 0.315625 0.0328125 0.02109375
2.0 0.334375 0.35078125 0.03046875 0.01875
2.0 0.3359375 0.38671875 0.03203125 0.01875
2.0 0.33515625 0.41875 0.0328125 0.01875
2.0 0.3359375 0.45234375 0.03046875 0.0171875
2.0 0.33515625 0.4890625 0.03125 0.01875
2.0 0.334375 0.52265625 0.028125 0.01640625
2.0 0.334375 0.55703125 0.028125 0.01640625
2.0 0.33515625 0.590625 0.03125 0.0171875
2.0 0.33515625 0.6234375 0.03125 0.015625
2.0 0.3328125 0.659375 0.03203125 0.01875
2.0 0.334375 0.69296875 0.03046875 0.01875
2.0 0.3328125 0.72578125 0.03046875 0.01640625
2.0 0.33125 0.7609375 0.03203125 0.015625
2.0 0.33203125 0.79375 0.034375 0.01640625
2.0 0.12421875 0.4046875 0.028125 0.0171875
2.0 0.12421875 0.55625 0.03203125 0.0140625
2.0 0.8953125 0.21484375 0.03046875 0.01953125
2.0 0.89375 0.24921875 0.03125 0.01953125
2.0 0.89375 0.28359375 0.03125 0.0171875
2.0 0.89375 0.31875 0.028125 0.0171875
2.0 0.8921875 0.353125 0.0296875 0.01953125
2.0 0.89375 0.38671875 0.028125 0.0171875
2.0 0.89296875 0.41953125 0.03203125 0.01953125
2.0 0.8921875 0.4546875 0.0296875 0.0171875
2.0 0.8921875 0.48984375 0.0296875 0.01640625
2.0 0.89296875 0.5234375 0.028125 0.0171875
2.0 0.89375 0.5578125 0.03046875 0.01484375
2.0 0.88984375 0.59140625 0.0296875 0.015625
2.0 0.890625 0.625 0.03125 0.01640625
2.0 0.85703125 0.13671875 0.0140625 0.03125
2.0 0.82265625 0.1375 0.01875 0.034375
2.0 0.78984375 0.13671875 0.0203125 0.03203125
2.0 0.75390625 0.1359375 0.01953125 0.0328125
2.0 0.72109375 0.1375 0.0171875 0.03046875
2.0 0.684375 0.13515625 0.01875 0.03125
2.0 0.65 0.1359375 0.0171875 0.03125
2.0 0.61640625 0.1359375 0.0203125 0.03046875
2.0 0.5828125 0.13671875 0.01875 0.0296875
2.0 0.55 0.1359375 0.0171875 0.0265625
2.0 0.5140625 0.13671875 0.0171875 0.03046875
2.0 0.48046875 0.1375 0.0171875 0.03125
2.0 0.44765625 0.1375 0.01875 0.028125
2.0 0.4125 0.13671875 0.01953125 0.028125
2.0 0.37578125 0.1328125 0.01640625 0.028125
1.0 0.03828125 0.40625 0.03828125 0.02421875
