1.0 0.4351562499999999 0.64921875 0.1265625 0.21328125
1.0 0.4609374999999999 0.375 0.03515625 0.05703125
1.0 0.5445312499999999 0.45625 0.03515625 0.05390625
1.0 0.6148437499999999 0.4546875 0.01953125 0.03984375
1.0 0.6781249999999999 0.3328125 0.0640625 0.03828125
1.0 0.81328125 0.3320312500000001 0.05859375 0.034375
1.0 0.80078125 0.45390625000000007 0.21328125 0.13203125
2.0 0.5265624999999999 0.85546875 0.02109375 0.03515625
1.0 0.4999999999999999 0.85390625 0.0171875 0.028125
2.0 0.5921874999999999 0.8515625 0.02265625 0.0328125
1.0 0.5585937499999999 0.83203125 0.01953125 0.04296875
2.0 0.6593749999999999 0.853125 0.01953125 0.0328125
1.0 0.6234374999999999 0.83203125 0.02265625 0.03984375
1.0 0.6906249999999999 0.83203125 0.02265625 0.03984375
2.0 0.13984374999999993 0.61953125 0.05 0.08828125
2.0 0.08984374999999992 0.83359375 0.1421875 0.29296875
2.0 0.4968749999999999 0.92734375 0.02578125 0.0484375
0.0 0.7421874999999999 0.67265625 0.2796875 0.22265625
2.0 0.5585937499999999 0.7375 0.01875 0.028125
2.0 0.33749999999999997 0.5703125 0.015625 0.0328125
