2.0 0.66015625 0.10859375000000002 0.015625 0.028125
2.0 0.69453125 0.10937500000000003 0.0171875 0.0328125
2.0 0.728125 0.10781250000000005 0.015625 0.0296875
2.0 0.76171875 0.10625000000000004 0.0171875 0.03046875
2.0 0.79453125 0.10781250000000005 0.01875 0.034375
2.0 0.81171875 0.19687500000000005 0.0296875 0.01875
2.0 0.8125 0.23125000000000004 0.03125 0.01640625
2.0 0.8140625 0.26484375000000004 0.03125 0.0171875
2.0 0.81328125 0.30000000000000004 0.03125 0.01953125
2.0 0.8140625 0.33359375 0.0296875 0.01875
2.0 0.8125 0.36875 0.03671875 0.01640625
2.0 0.8140625 0.4023437500000001 0.028125 0.01640625
2.0 0.8125 0.4367187500000001 0.03125 0.0171875
2.0 0.8140625 0.4718750000000001 0.0296875 0.02109375
2.0 0.81328125 0.5054687500000001 0.02578125 0.0203125
2.0 0.81328125 0.5398437500000001 0.02734375 0.0203125
2.0 0.8124999999999998 0.5734375 0.0296875 0.01953125
2.0 0.8132812499999998 0.60859375 0.03125 0.01875
2.0 0.2140624999999999 0.6617187499999999 0.01875 0.03125
2.0 0.2492187499999999 0.66484375 0.01875 0.03125
2.0 0.2820312499999999 0.6640625 0.01875 0.03046875
2.0 0.31562499999999993 0.66328125 0.02109375 0.0328125
2.0 0.35078124999999993 0.665625 0.01875 0.03046875
2.0 0.3867187499999999 0.6640625 0.01875 0.03203125
2.0 0.4187499999999999 0.66484375 0.01875 0.0328125
2.0 0.45234374999999993 0.6640625 0.0171875 0.03046875
2.0 0.4890624999999999 0.66484375 0.01875 0.03125
2.0 0.5226562499999999 0.665625 0.01640625 0.028125
2.0 0.5570312499999999 0.665625 0.01640625 0.028125
2.0 0.590625 0.66484375 0.0171875 0.03125
2.0 0.6234374999999999 0.66484375 0.015625 0.03125
2.0 0.6593749999999998 0.6671875 0.01875 0.03203125
2.0 0.6929687499999998 0.665625 0.01875 0.03046875
2.0 0.7257812499999998 0.6671875 0.01640625 0.03046875
2.0 0.7609374999999998 0.6687500000000001 0.015625 0.03203125
2.0 0.7937499999999998 0.6679687500000001 0.01640625 0.034375
2.0 0.4046874999999998 0.87578125 0.0171875 0.028125
2.0 0.5562499999999998 0.87578125 0.0140625 0.03203125
2.0 0.21484375 0.10468749999999996 0.01953125 0.03046875
2.0 0.24921875 0.10624999999999996 0.01953125 0.03125
2.0 0.28359375 0.10624999999999996 0.0171875 0.03125
2.0 0.31875 0.10624999999999996 0.0171875 0.028125
2.0 0.353125 0.10781249999999998 0.01953125 0.0296875
2.0 0.38671875 0.10624999999999998 0.0171875 0.028125
2.0 0.41953125 0.10703124999999998 0.01953125 0.03203125
2.0 0.4546875 0.10781249999999998 0.0171875 0.0296875
2.0 0.48984375 0.1078125 0.01640625 0.0296875
2.0 0.5234375 0.10703125 0.0171875 0.028125
2.0 0.5578125 0.10625 0.01484375 0.03046875
2.0 0.59140625 0.11015625000000002 0.015625 0.0296875
2.0 0.625 0.10937500000000003 0.01640625 0.03125
2.0 0.13671875 0.14296874999999992 0.03125 0.0140625
2.0 0.1375 0.17734374999999994 0.034375 0.01875
2.0 0.13671875 0.2101562499999999 0.03203125 0.0203125
2.0 0.1359375 0.24609374999999992 0.0328125 0.01953125
2.0 0.1375 0.2789062499999999 0.03046875 0.0171875
2.0 0.13515625 0.31562499999999993 0.03125 0.01875
2.0 0.1359375 0.3499999999999999 0.03125 0.0171875
2.0 0.1359375 0.3835937499999999 0.03046875 0.0203125
2.0 0.13671875 0.41718749999999993 0.0296875 0.01875
2.0 0.1359375 0.4499999999999999 0.0265625 0.0171875
2.0 0.13671874999999983 0.4859374999999999 0.03046875 0.0171875
2.0 0.13749999999999982 0.5195312499999999 0.03125 0.0171875
2.0 0.13749999999999982 0.5523437499999999 0.028125 0.01875
2.0 0.13671874999999983 0.5874999999999999 0.028125 0.01953125
2.0 0.13281249999999983 0.6242187499999999 0.028125 0.01640625
1.0 0.40624999999999983 0.96171875 0.02421875 0.03828125
