1 0.07265625 0.09375 0.028125 0.0140625
1 0.19921875 0.09375 0.03828125 0.02265625
1 0.33828125 0.09609375 0.03125 0.015625
1 0.45859375 0.0078125 0.03125 0.015625
1 0.52890625 0.309375 0.05546875 0.03125
1 0.52734375 0.25546875 0.0453125 0.01953125
1 0.53359375 0.4328125 0.04140625 0.02421875
1 0.5359375 0.38125 0.05546875 0.03828125
1 0.55625 0.56640625 0.0125 0.03515625
1 0.26953125 0.68203125 0.215625 0.17890625
1 0.26953125 0.79765625 0.0296875 0.015625
1 0.52265625 0.78359375 0.05703125 0.03828125
1 0.525 0.73046875 0.04375 0.02421875
1 0.37109375 0.83125 0.028125 0.0171875
1 0.40234375 0.7953125 0.03125 0.0171875
1 0.44921875 0.9375 0.05546875 0.03984375
1 0.56484375 0.92109375 0.015625 0.03515625
1 0.64921875 0.8921875 0.03125 0.0171875
1 0.50390625 0.878125 0.0296875 0.0171875
1 0.534375 0.82421875 0.03125 0.01875
1 0.3703125 0.43984375 0.0328125 0.01875
2 0.9640625 0.91484375 0.015625 0.034375
1 0.96796875 0.86875 0.0296875 0.02109375
1 0.8 0.9703125 0.03125 0.01953125
1 0.85234375 0.9703125 0.028125 0.0171875
1 0.93984375 0.97421875 0.0328125 0.0171875
1 0.92890625 0.69609375 0.0171875 0.03671875
1 0.92578125 0.63671875 0.0171875 0.034375
1 0.82109375 0.5796875 0.0171875 0.028125
1 0.94140625 0.07890625 0.03125 0.015625
1 0.85703125 0.13359375 0.0328125 0.0140625
1 0.8421875 0.2328125 0.0171875 0.028125
1 0.9125 0.21953125 0.0328125 0.02109375
1 0.9140625 0.1921875 0.0328125 0.015625
1 0.86796875 0.3453125 0.0453125 0.02578125
1 0.9125 0.39375 0.0328125 0.0171875
1 0.95390625 0.346875 0.04140625 0.01953125
1 0.9671875 0.3921875 0.028125 0.0140625
1 0.9265625 0.4640625 0.015625 0.0296875
1 0.95390625 0.49296875 0.015625 0.03125
1 0.984375 0.4375 0.0140625 0.03125
1 0.95703125 0.2359375 0.0171875 0.03125
1 0.96875 0.30703125 0.02578125 0.0140625
1 0.984375 0.265625 0.0140625 0.028125
1 0.98359375 0.20703125 0.015625 0.03125
2 0.98671875 0.91640625 0.015625 0.034375
