1.0 0.34765624999999994 0.384375 0.184375 0.21171875
1.0 0.84296875 0.78515625 0.21484375 0.17734375
1.0 0.5835937499999999 0.9078125 0.040625 0.02421875
1.0 0.27265624999999993 0.90625 0.046875 0.03359375
1.0 0.83046875 0.92421875 0.05859375 0.034375
1.0 0.4828124999999999 0.9109375 0.015625 0.02578125
1.0 0.08281249999999994 0.446875 0.165625 0.21875
1.0 0.3539062499999999 0.95390625 0.02890625 0.01328125
2.0 0.4539062499999999 0.91171875 0.01640625 0.03046875
2.0 0.4257812499999999 0.91328125 0.01484375 0.02890625
2.0 0.5648437499999999 0.72109375 0.015625 0.03125
2.0 0.5367187499999999 0.71953125 0.01484375 0.034375
2.0 0.5679687499999999 0.6609375 0.01640625 0.03671875
2.0 0.5359375 0.65859375 0.01796875 0.02890625
2.0 0.6343749999999999 0.98671875 0.02890625 0.01328125
