2.0 0.396875 0.753125 0.04140625 0.06796875
2.0 0.33515625 0.75390625 0.03671875 0.059375
2.0 0.28359375 0.91328125 0.05859375 0.03671875
2.0 0.93671875 0.40234375 0.0328125 0.0640625
2.0 0.77734375 0.2 0.03671875 0.06796875
2.0 0.6078125 0.1765625 0.03671875 0.0609375
2.0 0.7375 0.703125 0.03125 0.0625
2.0 0.73203125 0.6046875 0.0328125 0.0609375
2.0 0.6796875 0.35390625 0.04140625 0.059375
1.0 0.27578125 0.84296875 0.04296875 0.02421875
1.0 0.39296875 0.87578125 0.08359375 0.10078125
1.0 0.0625 0.75546875 0.02265625 0.0421875
1.0 0.115625 0.365625 0.128125 0.1125
1.0 0.15859375 0.22578125 0.05390625 0.034375
1.0 0.159375 0.159375 0.0515625 0.0359375
1.0 0.35 0.240625 0.0234375 0.04609375
1.0 0.5796875 0.29609375 0.08359375 0.10390625
1.0 0.53515625 0.54375 0.0234375 0.04140625
1.0 0.5421875 0.41484375 0.02109375 0.04140625
1.0 0.45 0.24296875 0.125 0.11484375
1.0 0.78984375 0.50078125 0.02421875 0.04453125
1.0 0.7875 0.3796875 0.0234375 0.046875
1.0 0.6765625 0.63359375 0.0265625 0.01484375
1.0 0.6765625 0.67421875 0.02578125 0.015625
1.0 0.71015625 0.77421875 0.0421875 0.02109375
1.0 0.67265625 0.83671875 0.0421875 0.02109375
1.0 0.53359375 0.83515625 0.03984375 0.01875
1.0 0.5328125 0.7625 0.0234375 0.04453125
1.0 0.46015625 0.7546875 0.0359375 0.05
1.0 0.7109375 0.53359375 0.04453125 0.02421875
