1.0 0.11640624999999993 0.61015625 0.05078125 0.02421875
1.0 0.11484374999999994 0.53515625 0.05390625 0.034375
1.0 0.13671874999999994 0.490625 0.03515625 0.015625
1.0 0.13749999999999993 0.459375 0.028125 0.015625
1.0 0.12499999999999996 0.41875 0.0484375 0.02578125
1.0 0.12890624999999994 0.20390625 0.028125 0.015625
1.0 0.12031249999999996 0.1640625 0.046875 0.02734375
1.0 0.2601562499999999 0.8453125 0.01953125 0.03125
1.0 0.3710937499999999 0.8859375 0.03671875 0.05546875
1.0 0.4148437499999999 0.8453125 0.0171875 0.02578125
2.0 0.58671875 0.86328125 0.01953125 0.03125
2.0 0.559375 0.8625 0.0171875 0.03125
1.0 0.53203125 0.8625 0.015625 0.03125
1.0 0.6476562499999999 0.8625 0.0171875 0.028125
1.0 0.6132812499999999 0.86328125 0.015625 0.02265625
1.0 0.11328124999999993 0.80859375 0.096875 0.05234375
1.0 0.7382812499999999 0.87265625 0.02734375 0.04140625
1.0 0.9375 0.5117187500000001 0.059375 0.03515625
1.0 0.9078125 0.70078125 0.034375 0.015625
1.0 0.95546875 0.2156250000000001 0.05859375 0.034375
1.0 0.771875 0.07109375 0.02109375 0.028125
1.0 0.57265625 0.05859375 0.0140625 0.02578125
1.0 0.5453125 0.05625 0.0171875 0.02734375
1.0 0.6421875 0.06484375 0.01953125 0.0328125
1.0 0.92890625 0.45781250000000007 0.03125 0.01875
1.0 0.91796875 0.43046875000000007 0.034375 0.01953125
2.0 0.3218749999999999 0.86796875 0.01875 0.03125
2.0 0.31953124999999993 0.0546875 0.01953125 0.0328125
2.0 0.93359375 0.36406250000000007 0.03984375 0.015625
2.0 0.5023437499999999 0.86328125 0.01875 0.03125
0.0 0.5218749999999999 0.45390625 0.66328125 0.66640625
1.0 0.4140625 0.04296875 0.01875 0.0328125
