1.0 0.23984375 0.64609375 0.17890625 0.215625
1.0 0.4546875 0.64453125 0.02265625 0.04375
1.0 0.38046875 0.65703125 0.03671875 0.0609375
1.0 0.81796875 0.8046875 0.034375 0.05546875
1.0 0.7046875 0.68359375 0.0171875 0.0296875
1.0 0.603125 0.67890625 0.0125 0.034375
1.0 0.609375 0.7859375 0.02265625 0.046875
1.0 0.55 0.64609375 0.01953125 0.03984375
1.0 0.578125 0.78515625 0.0140625 0.03125
1.0 0.5515625 0.784375 0.0125 0.03125
2.0 0.5328125 0.85625 0.0171875 0.03671875
2.0 0.50234375 0.85859375 0.02109375 0.0328125
2.0 0.4453125 0.853125 0.01875 0.03828125
1.0 0.3640625 0.90390625 0.02734375 0.046875
1.0 0.471875 0.7875 0.0140625 0.0328125
2.0 0.178125 0.9203125 0.03828125 0.0171875
2.0 0.17734375 0.95 0.03671875 0.0171875
2.0 0.11640625 0.91796875 0.04296875 0.0171875
2.0 0.1140625 0.95078125 0.0328125 0.01875
2.0 0.7015625 0.95625 0.0171875 0.03125
2.0 0.6734375 0.95703125 0.0171875 0.0328125
2.0 0.64296875 0.95859375 0.01875 0.028125
2.0 0.70078125 0.8703125 0.015625 0.0328125
2.0 0.67421875 0.87265625 0.01875 0.0328125
2.0 0.64453125 0.87109375 0.0171875 0.0296875
2.0 0.53125 0.95703125 0.0140625 0.03828125
2.0 0.503125 0.959375 0.0171875 0.0296875
2.0 0.4453125 0.9546875 0.01875 0.03125
