1 0.17578125 0.4015625 0.03828125 0.01875
1 0.1109375 0.46015625 0.115625 0.115625
1 0.2359375 0.225 0.115625 0.11328125
1 0.23515625 0.3421875 0.115625 0.115625
1 0.23828125 0.46015625 0.11796875 0.115625
2 0.49765625 0.42421875 0.03515625 0.01640625
2 0.49765625 0.45859375 0.034375 0.01484375
1 0.56875 0.7515625 0.0296875 0.0140625
2 0.56875 0.7234375 0.03125 0.015625
2 0.56796875 0.6953125 0.03515625 0.01328125
2 0.5703125 0.5703125 0.03203125 0.015625
2 0.5703125 0.54296875 0.03203125 0.0125
2 0.6234375 0.5703125 0.03515625 0.01328125
2 0.62265625 0.54375 0.0328125 0.01640625
2 0.77578125 0.43515625 0.03515625 0.01640625
2 0.72109375 0.4984375 0.02890625 0.015625
2 0.72265625 0.61015625 0.03515625 0.01328125
2 0.71953125 0.58203125 0.0296875 0.0125
2 0.7203125 0.5546875 0.03046875 0.015625
2 0.77734375 0.609375 0.03359375 0.01796875
2 0.775 0.5828125 0.03203125 0.01484375
1 0.49609375 0.49453125 0.03515625 0.01640625
1 0.721875 0.471875 0.034375 0.015625
1 0.71953125 0.396875 0.03359375 0.015625
1 0.77890625 0.39609375 0.0328125 0.01953125
1 0.846875 0.42890625 0.03515625 0.01796875
1 0.8453125 0.4625 0.03359375 0.0171875
1 0.84765625 0.496875 0.03203125 0.01875
1 0.846875 0.53203125 0.03125 0.0171875
1 0.84765625 0.5671875 0.03203125 0.0171875
1 0.84609375 0.60234375 0.03125 0.0171875
1 0.84765625 0.63671875 0.03515625 0.01953125
1 0.84765625 0.67109375 0.034375 0.01796875
1 0.8484375 0.703125 0.03359375 0.01796875
1 0.84765625 0.73671875 0.03515625 0.01953125
1 0.75 0.759375 0.03359375 0.01796875
1 0.6234375 0.75 0.028125 0.01484375
1 0.62421875 0.7234375 0.03125 0.01484375
1 0.51328125 0.75234375 0.02890625 0.01171875
1 0.5125 0.72265625 0.025 0.009375
1 0.51171875 0.6953125 0.0265625 0.01328125
1 0.51171875 0.6671875 0.025 0.01171875
1 0.51171875 0.63828125 0.02578125 0.0109375
1 0.5125 0.61171875 0.0265625 0.009375
1 0.56953125 0.66796875 0.02734375 0.01171875
1 0.56875 0.6390625 0.0234375 0.0109375
1 0.56796875 0.6109375 0.025 0.00859375
1 0.62265625 0.61171875 0.02109375 0.01171875
2 0.6015625 0.48515625 0.01328125 0.034375