2.0 0.83984375 0.42890625 0.04296875 0.02265625
2.0 0.83828125 0.46875 0.04296875 0.02265625
2.0 0.83828125 0.50390625 0.0453125 0.02265625
2.0 0.83828125 0.54453125 0.03984375 0.02109375
2.0 0.83828125 0.5828125 0.04296875 0.02109375
2.0 0.834375 0.621875 0.04375 0.02265625
2.0 0.8359375 0.659375 0.04140625 0.01953125
2.0 0.8328125 0.71328125 0.03828125 0.01953125
2.0 0.83203125 0.75546875 0.05390625 0.02265625
2.0 0.24609375 0.5515625 0.05234375 0.02421875
2.0 0.2234375 0.86015625 0.04375 0.02734375
2.0 0.23984375 0.75859375 0.0453125 0.02265625
0.0 0.5375 0.5796875 0.425 0.42578125
0.0 0.096875 0.53828125 0.190625 0.16484375
0.0 0.1078125 0.31171875 0.159375 0.18359375
1.0 0.50390625 0.95859375 0.05078125 0.02578125
1.0 0.54609375 0.30078125 0.05234375 0.028125
1.0 0.25 0.27890625 0.02578125 0.046875
