1.0 0.7148437499999999 0.94140625 0.02734375 0.0484375
1.0 0.5351562499999999 0.94140625 0.04375 0.02734375
1.0 0.3749999999999999 0.940625 0.0453125 0.02578125
1.0 0.05312499999999991 0.91015625 0.02734375 0.0453125
1.0 0.14999999999999997 0.19921875 0.05234375 0.02734375
1.0 0.31015624999999997 0.20078125 0.05234375 0.02734375
1.0 0.46484375 0.2015625 0.05078125 0.02578125
1.0 0.62109375 0.20234375 0.0484375 0.0296875
1.0 0.8625 0.3398437500000001 0.028125 0.05
2.0 0.98984375 0.91796875 0.0203125 0.0515625
2.0 0.95546875 0.921875 0.02421875 0.05078125
0.0 0.14453124999999994 0.75390625 0.1375 0.3109375
0.0 0.3007812499999999 0.7578125 0.13203125 0.3109375
0.0 0.4570312499999999 0.75703125 0.13359375 0.309375
0.0 0.6148437499999999 0.75859375 0.13046875 0.30703125
0.0 0.6140625 0.39609375 0.12890625 0.30390625
0.0 0.46015624999999993 0.3921875 0.13671875 0.30390625
0.0 0.30781249999999993 0.39140625 0.1375 0.30546875
0.0 0.14843749999999994 0.3875 0.13203125 0.30390625
