2.0 0.19140624999999992 0.94140625 0.01953125 0.04296875
2.0 0.15624999999999992 0.940625 0.01953125 0.0453125
2.0 0.12109374999999992 0.9421875 0.01953125 0.05
2.0 0.0851562499999999 0.94453125 0.01953125 0.0484375
2.0 0.31953124999999993 0.93046875 0.02265625 0.04296875
2.0 0.7539062499999999 0.80546875 0.02109375 0.034375
2.0 0.7046874999999999 0.80546875 0.02578125 0.04296875
2.0 0.036718749999999925 0.8296875 0.03671875 0.01953125
2.0 0.03593749999999992 0.79453125 0.04375 0.02109375
2.0 0.04296874999999992 0.92109375 0.02109375 0.04140625
2.0 0.83203125 0.36406250000000007 0.05234375 0.02109375
2.0 0.82421875 0.3320312500000001 0.04140625 0.01875
2.0 0.82890625 0.2945312500000001 0.04375 0.02109375
2.0 0.8265625 0.2601562500000001 0.04296875 0.02265625
2.0 0.828125 0.2250000000000001 0.0453125 0.02109375
2.0 0.828125 0.19140625 0.0453125 0.02421875
2.0 0.8265625 0.15703125 0.04296875 0.02421875
2.0 0.77578125 0.12109375 0.03671875 0.02265625
2.0 0.771875 0.08671875 0.03828125 0.01953125
2.0 0.775 0.05234375 0.03515625 0.01953125
2.0 0.77578125 0.01875 0.03671875 0.02265625
1.0 0.5625 0.021875 0.028125 0.04375
1.0 0.46484375 0.16640625 0.0625 0.02578125
1.0 0.17656249999999993 0.47578125 0.02421875 0.05078125
1.0 0.4695312499999999 0.9109375 0.05 0.02734375
1.0 0.7828124999999999 0.60390625 0.0453125 0.02578125
0.0 0.45234374999999993 0.48203125 0.421875 0.425
