2.0 0.94140625 0.80859375 0.04296875 0.01953125
2.0 0.940625 0.84375 0.0453125 0.01953125
2.0 0.9421875 0.87890625 0.05 0.01953125
2.0 0.94453125 0.91484375 0.0484375 0.01953125
2.0 0.93046875 0.68046875 0.04296875 0.02265625
2.0 0.80546875 0.24609375 0.034375 0.02109375
2.0 0.80546875 0.2953125 0.04296875 0.02578125
2.0 0.8296875 0.96328125 0.01953125 0.03671875
2.0 0.79453125 0.9640625 0.02109375 0.04375
2.0 0.92109375 0.95703125 0.04140625 0.02109375
2.0 0.3640625 0.16796875 0.02109375 0.05234375
2.0 0.33203125 0.17578125 0.01875 0.04140625
2.0 0.29453125 0.17109375 0.02109375 0.04375
2.0 0.26015625 0.1734375 0.02265625 0.04296875
2.0 0.225 0.171875 0.02109375 0.0453125
2.0 0.19140625 0.171875 0.02421875 0.0453125
2.0 0.15703125 0.1734375 0.02421875 0.04296875
2.0 0.12109375 0.22421875 0.02265625 0.03671875
2.0 0.08671875 0.228125 0.01953125 0.03828125
2.0 0.05234375 0.225 0.01953125 0.03515625
2.0 0.01875 0.22421875 0.02265625 0.03671875
1.0 0.021875 0.4375 0.04375 0.028125
1.0 0.16640625 0.53515625 0.02578125 0.0625
1.0 0.47578125 0.8234375 0.05078125 0.02421875
1.0 0.9109375 0.53046875 0.02734375 0.05
1.0 0.60390625 0.2171875 0.02578125 0.0453125
0.0 0.48203125 0.54765625 0.425 0.421875
