0 0.5109375 0.81015625 0.18359375 0.16328125
0 0.2265625 0.81484375 0.17734375 0.16640625
1 0.3515625 0.67578125 0.078125 0.08125
1 0.63828125 0.66484375 0.08125 0.08515625
1 0.91796875 0.73046875 0.03984375 0.01953125
2 0.18828125 0.4484375 0.03828125 0.01875
2 0.190625 0.4109375 0.03671875 0.02109375
1 0.1890625 0.3765625 0.03671875 0.0171875
1 0.09609375 0.5453125 0.08984375 0.08828125
2 0.23046875 0.64609375 0.034375 0.01953125
2 0.28359375 0.7015625 0.0328125 0.0171875
2 0.28203125 0.67421875 0.0328125 0.01875
2 0.28359375 0.64609375 0.04140625 0.0171875
2 0.51640625 0.64375 0.0328125 0.01953125
2 0.57421875 0.69921875 0.03984375 0.01875
2 0.5734375 0.67109375 0.03515625 0.015625
2 0.57265625 0.64375 0.03125 0.0171875
2 0.91796875 0.5640625 0.03984375 0.02265625
2 0.259375 0.4828125 0.03515625 0.01953125
2 0.2578125 0.44921875 0.03515625 0.01953125
2 0.2578125 0.41328125 0.03828125 0.0171875
2 0.25703125 0.375 0.03671875 0.0171875
1 0.35546875 0.87890625 0.03984375 0.02265625
1 0.64453125 0.878125 0.04375 0.01953125
