1.0 0.28515625 0.05859374999999996 0.02734375 0.0484375
1.0 0.46484375 0.058593749999999986 0.04375 0.02734375
1.0 0.625 0.059375000000000025 0.0453125 0.02578125
1.0 0.946875 0.08984375000000008 0.02734375 0.0453125
1.0 0.8499999999999999 0.80078125 0.05234375 0.02734375
1.0 0.6898437499999999 0.79921875 0.05234375 0.02734375
1.0 0.5351562499999998 0.7984375 0.05078125 0.02578125
1.0 0.37890624999999983 0.79765625 0.0484375 0.0296875
1.0 0.13749999999999982 0.6601562499999999 0.028125 0.05
2.0 0.01015625 0.08203124999999992 0.0203125 0.0515625
2.0 0.04453125 0.07812499999999992 0.02421875 0.05078125
0.0 0.85546875 0.24609375000000006 0.1375 0.3109375
0.0 0.69921875 0.24218750000000006 0.13203125 0.3109375
0.0 0.5429687499999999 0.24296875 0.13359375 0.309375
0.0 0.38515625 0.24140624999999996 0.13046875 0.30703125
0.0 0.38593749999999993 0.60390625 0.12890625 0.30390625
0.0 0.53984375 0.6078125 0.13671875 0.30390625
0.0 0.6921874999999998 0.60859375 0.1375 0.30546875
0.0 0.8515624999999998 0.6125 0.13203125 0.30390625
