1.0 0.3007812499999999 0.36328124999999994 0.0171875 0.03984375
2.0 0.3289062499999999 0.36249999999999993 0.02109375 0.03984375
2.0 0.3570312499999999 0.36249999999999993 0.01875 0.034375
2.0 0.08671875 0.1710937499999999 0.03984375 0.02109375
2.0 0.0859375 0.2749999999999999 0.03828125 0.02109375
2.0 0.5820312499999998 0.79140625 0.02109375 0.04296875
2.0 0.5812499999999998 0.84765625 0.01953125 0.03828125
2.0 0.62109375 0.30078125 0.08203125 0.08671875
1.0 0.77890625 0.23515625000000004 0.02109375 0.04140625
1.0 0.73828125 0.28359375000000003 0.0171875 0.03515625
1.0 0.98125 0.23046875000000008 0.01953125 0.03984375
1.0 0.7671874999999999 0.5757812500000001 0.03671875 0.015625
1.0 0.9687499999999998 0.7851562500000001 0.01953125 0.0328125
1.0 0.7781249999999998 0.83359375 0.0765625 0.08828125
1.0 0.2289062499999998 0.984375 0.02265625 0.03125
1.0 0.10937499999999982 0.77421875 0.03671875 0.0171875
1.0 0.11015624999999982 0.93984375 0.03828125 0.015625
2.0 0.8320312499999998 0.7859375000000001 0.01875 0.0296875
0.0 0.30625 0.16640624999999995 0.3421875 0.26171875
0.0 0.16328124999999982 0.6593749999999999 0.15625 0.184375
