1 0.05859375 0.71484375 0.0484375 0.02734375
1 0.05859375 0.53515625 0.02734375 0.04375
1 0.059375 0.375 0.02578125 0.0453125
1 0.08984375 0.053125 0.0453125 0.02734375
1 0.80078125 0.15 0.02734375 0.05234375
1 0.79921875 0.31015625 0.02734375 0.05234375
1 0.7984375 0.46484375 0.02578125 0.05078125
1 0.79765625 0.62109375 0.0296875 0.0484375
1 0.66015625 0.8625 0.05 0.028125
2 0.08203125 0.98984375 0.0515625 0.0203125
2 0.078125 0.95546875 0.05078125 0.02421875
0 0.24609375 0.14453125 0.3109375 0.1375
0 0.2421875 0.30078125 0.3109375 0.13203125
0 0.24296875 0.45703125 0.309375 0.13359375
0 0.24140625 0.61484375 0.30703125 0.13046875
0 0.60390625 0.6140625 0.30390625 0.12890625
0 0.6078125 0.46015625 0.30390625 0.13671875
0 0.60859375 0.3078125 0.30546875 0.1375
0 0.6125 0.1484375 0.30390625 0.13203125