1.0 0.4765625 0.10859375 0.04375 0.02421875
1.0 0.23984375 0.07812499999999994 0.04296875 0.02265625
1.0 0.5203125 0.47265625 0.07265625 0.08671875
1.0 0.2703124999999999 0.4726562499999999 0.08671875 0.10078125
1.0 0.6523437499999999 0.46796875 0.08515625 0.08984375
1.0 0.7406249999999999 0.45859375 0.01875 0.03671875
1.0 0.5976562499999999 0.46015625 0.02109375 0.04296875
2.0 0.7531249999999998 0.79921875 0.02265625 0.04375
2.0 0.7874999999999999 0.7976562500000001 0.02109375 0.04375
2.0 0.8210937499999998 0.80234375 0.01953125 0.04296875
1.0 0.8726562499999998 0.84140625 0.02109375 0.04140625
2.0 0.8367187499999998 0.6687500000000001 0.02265625 0.05078125
0.0 0.47890625 0.23046875 0.10234375 0.125
0.0 0.28515625 0.21874999999999994 0.14921875 0.18203125
1.0 0.2085937499999999 0.4546874999999999 0.02265625 0.04296875
