2.0 0.57109375 0.83984375 0.02265625 0.04296875
2.0 0.5312499999999999 0.83828125 0.02265625 0.04296875
2.0 0.4960937499999999 0.83828125 0.02265625 0.0453125
2.0 0.4554687499999999 0.83828125 0.02109375 0.03984375
2.0 0.41718749999999993 0.83828125 0.02109375 0.04296875
2.0 0.37812499999999993 0.834375 0.02265625 0.04375
2.0 0.3406249999999999 0.8359375 0.01953125 0.04140625
2.0 0.2867187499999999 0.8328125 0.01953125 0.03828125
2.0 0.24453124999999992 0.83203125 0.02265625 0.05390625
2.0 0.4484375 0.24609375 0.02421875 0.05234375
2.0 0.13984374999999996 0.2234375 0.02734375 0.04375
2.0 0.24140624999999996 0.23984375 0.02265625 0.0453125
0.0 0.4203124999999999 0.5375 0.42578125 0.425
0.0 0.46171875 0.096875 0.16484375 0.190625
0.0 0.68828125 0.1078125 0.18359375 0.159375
1.0 0.041406249999999936 0.50390625 0.02578125 0.05078125
1.0 0.6992187499999999 0.54609375 0.028125 0.05234375
1.0 0.72109375 0.25 0.046875 0.02578125
