2 0.35625 0.6453125 0.01484375 0.02890625
1 0.39609375 0.64296875 0.03125 0.0140625
1 0.4421875 0.64375 0.03046875 0.01484375
1 0.4984375 0.64375 0.0328125 0.01640625
1 0.553125 0.64375 0.03046875 0.0140625
1 0.609375 0.6421875 0.0328125 0.01484375
1 0.6671875 0.6421875 0.0296875 0.01796875
1 0.71953125 0.6421875 0.03125 0.0140625
1 0.7734375 0.6421875 0.03046875 0.01484375
1 0.828125 0.640625 0.0328125 0.01484375
1 0.884375 0.640625 0.0296875 0.0140625
1 0.93828125 0.640625 0.0328125 0.01640625
1 0.7484375 0.5171875 0.0328125 0.01328125
1 0.8671875 0.515625 0.03046875 0.01484375
1 0.54765625 0.51640625 0.0296875 0.0140625
2 0.41171875 0.53046875 0.0140625 0.028125
1 0.43984375 0.51796875 0.03125 0.0140625
1 0.3640625 0.5390625 0.02734375 0.01328125
1 0.36484375 0.521875 0.0265625 0.0125
1 0.07421875 0.159375 0.0140625 0.03046875
0 0.19765625 0.20859375 0.221875 0.1390625
1 0.18125 0.1078125 0.0140625 0.03046875
1 0.2234375 0.1078125 0.01328125 0.03203125
1 0.3328125 0.22265625 0.02734375 0.0109375
1 0.3328125 0.203125 0.0265625 0.0125
1 0.39453125 0.21875 0.03125 0.01484375
1 0.45625 0.21875 0.0296875 0.01328125
1 0.5078125 0.2171875 0.034375 0.01484375
1 0.56875 0.2171875 0.0328125 0.0140625
1 0.62265625 0.2171875 0.0328125 0.01484375
1 0.67734375 0.215625 0.0359375 0.01328125
1 0.73359375 0.2140625 0.034375 0.0140625
1 0.7859375 0.215625 0.03046875 0.01640625
1 0.840625 0.2140625 0.0296875 0.01640625
1 0.8921875 0.2125 0.03046875 0.0140625
1 0.94765625 0.21328125 0.0328125 0.0125
1 0.53984375 0.1359375 0.1234375 0.13671875
2 0.39375 0.53203125 0.0125 0.025
2 0.1 0.9671875 0.01484375 0.02734375
2 0.11875 0.96640625 0.01484375 0.028125
1 0.1796875 0.99375 0.0296875 0.01171875
1 0.1828125 0.9671875 0.0125 0.02734375
2 0.20234375 0.96875 0.0140625 0.0296875
1 0.22265625 0.9671875 0.0125 0.03203125
1 0.2421875 0.9875 0.01328125 0.0234375
2 0.2609375 0.9546875 0.03984375 0.015625
2 0.37265625 0.9453125 0.0125 0.02734375
2 0.1953125 0.91875 0.01328125 0.03046875
2 0.37890625 0.1828125 0.0296875 0.0140625
2 0.37734375 0.16484375 0.0296875 0.0109375
2 0.0640625 0.2515625 0.03125 0.01171875
1 0.3890625 0.94609375 0.0125 0.0265625
1 0.45 0.94453125 0.01328125 0.0328125
1 0.55 0.9421875 0.01484375 0.03046875
1 0.62578125 0.94140625 0.0171875 0.03125
1 0.8875 0.9390625 0.015625 0.028125
1 0.3359375 0.27890625 0.02890625 0.0140625
1 0.33828125 0.6890625 0.0140625 0.02578125
