2.0 0.35468749999999993 0.35624999999999996 0.02890625 0.01484375
1.0 0.3570312499999999 0.39609374999999997 0.0140625 0.03125
1.0 0.3562499999999999 0.4421875 0.01484375 0.03046875
1.0 0.3562499999999999 0.4984375 0.01640625 0.0328125
1.0 0.3562499999999999 0.553125 0.0140625 0.03046875
1.0 0.3578124999999999 0.609375 0.01484375 0.0328125
1.0 0.3578124999999999 0.6671875 0.01796875 0.0296875
1.0 0.3578124999999999 0.71953125 0.0140625 0.03125
1.0 0.3578124999999998 0.7734375 0.01484375 0.03046875
1.0 0.35937499999999983 0.828125 0.01484375 0.0328125
1.0 0.35937499999999983 0.884375 0.0140625 0.0296875
1.0 0.35937499999999983 0.93828125 0.01640625 0.0328125
1.0 0.4828124999999998 0.7484375 0.01328125 0.0328125
1.0 0.48437499999999983 0.8671875 0.01484375 0.03046875
1.0 0.48359374999999993 0.54765625 0.0140625 0.0296875
2.0 0.4695312499999999 0.41171875 0.028125 0.0140625
1.0 0.4820312499999999 0.43984375 0.0140625 0.03125
1.0 0.4609374999999999 0.3640625 0.01328125 0.02734375
1.0 0.4781249999999999 0.36484375 0.0125 0.0265625
1.0 0.840625 0.07421875000000006 0.03046875 0.0140625
0.0 0.79140625 0.19765625000000003 0.1390625 0.221875
1.0 0.8921875 0.18125000000000008 0.03046875 0.0140625
1.0 0.8921875 0.2234375000000001 0.03203125 0.01328125
1.0 0.77734375 0.33281250000000007 0.0109375 0.02734375
1.0 0.796875 0.33281250000000007 0.0125 0.0265625
1.0 0.7812499999999999 0.39453125000000006 0.01484375 0.03125
1.0 0.7812499999999999 0.4562500000000001 0.01328125 0.0296875
1.0 0.7828124999999999 0.5078125000000001 0.01484375 0.034375
1.0 0.7828124999999999 0.5687500000000001 0.0140625 0.0328125
1.0 0.7828124999999998 0.6226562500000001 0.01484375 0.0328125
1.0 0.7843749999999998 0.6773437500000001 0.01328125 0.0359375
1.0 0.7859374999999998 0.73359375 0.0140625 0.034375
1.0 0.7843749999999998 0.7859375000000001 0.01640625 0.03046875
1.0 0.7859374999999998 0.840625 0.01640625 0.0296875
1.0 0.7874999999999999 0.8921875 0.0140625 0.03046875
1.0 0.7867187499999998 0.94765625 0.0125 0.0328125
1.0 0.8640625 0.5398437500000001 0.13671875 0.1234375
2.0 0.46796874999999993 0.39375 0.025 0.0125
2.0 0.0328125 0.09999999999999991 0.02734375 0.01484375
2.0 0.03359375 0.11874999999999991 0.028125 0.01484375
1.0 0.00625 0.17968749999999992 0.01171875 0.0296875
1.0 0.0328125 0.1828124999999999 0.02734375 0.0125
2.0 0.03125 0.2023437499999999 0.0296875 0.0140625
1.0 0.0328125 0.22265624999999992 0.03203125 0.0125
1.0 0.0125 0.24218749999999992 0.0234375 0.01328125
2.0 0.0453125 0.26093749999999993 0.015625 0.03984375
2.0 0.0546875 0.3726562499999999 0.02734375 0.0125
2.0 0.08125 0.19531249999999992 0.03046875 0.01328125
2.0 0.8171875 0.37890625000000006 0.0140625 0.0296875
2.0 0.83515625 0.37734375000000003 0.0109375 0.0296875
2.0 0.7484375 0.06406250000000005 0.01171875 0.03125
1.0 0.05390625 0.3890624999999999 0.0265625 0.0125
1.0 0.05546875 0.4499999999999999 0.0328125 0.01328125
1.0 0.05781249999999982 0.5499999999999999 0.03046875 0.01484375
1.0 0.05859374999999982 0.62578125 0.03125 0.0171875
1.0 0.060937499999999825 0.8875 0.028125 0.015625
1.0 0.72109375 0.33593750000000006 0.0140625 0.02890625
1.0 0.3109374999999999 0.33828125 0.02578125 0.0140625
