1.0 0.2640624999999999 0.659375 0.11953125 0.13671875
1.0 0.6578124999999999 0.31640625 0.09375 0.0953125
1.0 0.5070312499999999 0.6578125 0.121875 0.13046875
1.0 0.7546875 0.31328125000000007 0.0953125 0.0953125
1.0 0.6578124999999999 0.47265625 0.03125 0.0171875
1.0 0.86015625 0.3343750000000001 0.015625 0.0328125
1.0 0.84140625 0.3343750000000001 0.0140625 0.03359375
1.0 0.8234375 0.3359375000000001 0.015625 0.03828125
2.0 0.715625 0.44375 0.03046875 0.01484375
2.0 0.7148437499999999 0.425 0.03125 0.01640625
1.0 0.715625 0.4015625 0.03046875 0.01640625
2.0 0.93828125 0.534375 0.03125 0.01484375
1.0 0.9390625 0.5015625000000001 0.03046875 0.0140625
1.0 0.9390625 0.5515625000000001 0.03125 0.015625
1.0 0.9390625 0.4843750000000001 0.03046875 0.01484375
2.0 0.9390625 0.46562500000000007 0.03125 0.015625
1.0 0.9390625 0.4484375000000001 0.0296875 0.01328125
1.0 0.9390625 0.4312500000000001 0.03046875 0.01484375
1.0 0.90859375 0.5406250000000001 0.0140625 0.03046875
1.0 0.8890625 0.5406250000000001 0.01328125 0.02890625
1.0 0.8703125 0.5406250000000001 0.01171875 0.02890625
1.0 0.85078125 0.5421875 0.0125 0.02734375
1.0 0.83046875 0.5421875 0.0125 0.02734375
1.0 0.8109375 0.5421875 0.0125 0.0296875
1.0 0.7921874999999999 0.5421875 0.0140625 0.02890625
1.0 0.7296874999999999 0.9578125 0.01328125 0.0328125
1.0 0.7093749999999999 0.9578125 0.01328125 0.03359375
2.0 0.715625 0.37109375 0.03046875 0.0171875
2.0 0.75625 0.1671875 0.015625 0.03359375
2.0 0.7984375 0.165625 0.0140625 0.03046875
2.0 0.64609375 0.2296875 0.0296875 0.01484375
2.0 0.9390625 0.3101562500000001 0.03046875 0.0125
2.0 0.8515625 0.58125 0.0125 0.03359375
1.0 0.8203125 0.95625 0.01171875 0.0328125
1.0 0.8015625 0.95703125 0.0140625 0.0328125
0.0 0.83203125 0.4328125000000001 0.14375 0.14765625
