1 0.340625 0.2640625 0.13671875 0.11953125
1 0.68359375 0.6578125 0.0953125 0.09375
1 0.3421875 0.50703125 0.13046875 0.121875
1 0.68671875 0.7546875 0.0953125 0.0953125
1 0.52734375 0.6578125 0.0171875 0.03125
1 0.665625 0.86015625 0.0328125 0.015625
1 0.665625 0.84140625 0.03359375 0.0140625
1 0.6640625 0.8234375 0.03828125 0.015625
2 0.55625 0.715625 0.01484375 0.03046875
2 0.575 0.71484375 0.01640625 0.03125
1 0.5984375 0.715625 0.01640625 0.03046875
2 0.465625 0.93828125 0.01484375 0.03125
1 0.4984375 0.9390625 0.0140625 0.03046875
1 0.4484375 0.9390625 0.015625 0.03125
1 0.515625 0.9390625 0.01484375 0.03046875
2 0.534375 0.9390625 0.015625 0.03125
1 0.5515625 0.9390625 0.01328125 0.0296875
1 0.56875 0.9390625 0.01484375 0.03046875
1 0.459375 0.90859375 0.03046875 0.0140625
1 0.459375 0.8890625 0.02890625 0.01328125
1 0.459375 0.8703125 0.02890625 0.01171875
1 0.4578125 0.85078125 0.02734375 0.0125
1 0.4578125 0.83046875 0.02734375 0.0125
1 0.4578125 0.8109375 0.0296875 0.0125
1 0.4578125 0.7921875 0.02890625 0.0140625
1 0.0421875 0.7296875 0.0328125 0.01328125
1 0.0421875 0.709375 0.03359375 0.01328125
2 0.62890625 0.715625 0.0171875 0.03046875
2 0.8328125 0.75625 0.03359375 0.015625
2 0.834375 0.7984375 0.03046875 0.0140625
2 0.7703125 0.64609375 0.01484375 0.0296875
2 0.68984375 0.9390625 0.0125 0.03046875
2 0.41875 0.8515625 0.03359375 0.0125
1 0.04375 0.8203125 0.0328125 0.01171875
1 0.04296875 0.8015625 0.0328125 0.0140625
0 0.5671875 0.83203125 0.14765625 0.14375
