1.0 0.9085937499999999 0.84375 0.1234375 0.13359375
1.0 0.7234374999999998 0.84296875 0.1234375 0.1375
1.0 0.44062499999999993 0.49609375 0.121875 0.13359375
1.0 0.3945312499999999 0.37421874999999993 0.11953125 0.1265625
1.0 0.42578124999999983 0.84375 0.1265625 0.13359375
1.0 0.3039062499999998 0.84375 0.11953125 0.13359375
1.0 0.11249999999999982 0.528125 0.128125 0.13046875
1.0 0.2476562499999999 0.30859374999999994 0.03515625 0.015625
1.0 0.196875 0.32890624999999996 0.0328125 0.01875
1.0 0.2468749999999999 0.32890624999999996 0.034375 0.015625
1.0 0.6968749999999999 0.59765625 0.03515625 0.015625
1.0 0.3515624999999999 0.4859375 0.015625 0.03125
1.0 0.9835937499999998 0.89765625 0.01875 0.03671875
1.0 0.4999999999999999 0.3328125 0.034375 0.0296875
1.0 0.51640625 0.32109375 0.03515625 0.03671875
1.0 0.5429687499999999 0.3484375 0.03515625 0.0328125
1.0 0.5289062499999999 0.36328125 0.0328125 0.0328125
1.0 0.18359375 0.16640624999999992 0.0171875 0.028125
2.0 0.184375 0.20546874999999995 0.0171875 0.02734375
2.0 0.22499999999999992 0.6015624999999999 0.03515625 0.015625
2.0 0.2632812499999999 0.60234375 0.0328125 0.0140625
2.0 0.34687499999999993 0.59921875 0.028125 0.0171875
2.0 0.3851562499999999 0.6015625 0.03125 0.01875
2.0 0.5468749999999999 0.5984375 0.03125 0.0125
2.0 0.5874999999999999 0.59921875 0.02734375 0.0140625
2.0 0.9273437499999998 0.5976562500000001 0.03125 0.015625
2.0 0.9664062499999998 0.5976562500000001 0.03515625 0.015625
2.0 0.7382812499999999 0.596875 0.0328125 0.0140625
2.0 0.3085937499999999 0.59921875 0.02734375 0.0140625
1.0 0.9749999999999999 0.953125 0.015625 0.034375
