1.0 0.09140624999999997 0.15625 0.1234375 0.13359375
1.0 0.27656249999999993 0.15703125 0.1234375 0.1375
1.0 0.559375 0.50390625 0.121875 0.13359375
1.0 0.6054687499999999 0.62578125 0.11953125 0.1265625
1.0 0.57421875 0.15625 0.1265625 0.13359375
1.0 0.69609375 0.15625 0.11953125 0.13359375
1.0 0.8875 0.4718750000000001 0.128125 0.13046875
1.0 0.7523437499999999 0.69140625 0.03515625 0.015625
1.0 0.803125 0.67109375 0.0328125 0.01875
1.0 0.7531249999999999 0.67109375 0.034375 0.015625
1.0 0.303125 0.40234375 0.03515625 0.015625
1.0 0.6484374999999999 0.5140625 0.015625 0.03125
1.0 0.016406249999999966 0.10234375 0.01875 0.03671875
1.0 0.4999999999999999 0.6671875 0.034375 0.0296875
1.0 0.48359374999999993 0.67890625 0.03515625 0.03671875
1.0 0.4570312499999999 0.6515625 0.03515625 0.0328125
1.0 0.4710937499999999 0.63671875 0.0328125 0.0328125
1.0 0.81640625 0.83359375 0.0171875 0.028125
2.0 0.815625 0.79453125 0.0171875 0.02734375
2.0 0.7749999999999999 0.3984375000000001 0.03515625 0.015625
2.0 0.7367187499999999 0.3976562500000001 0.0328125 0.0140625
2.0 0.653125 0.40078125 0.028125 0.0171875
2.0 0.6148437499999999 0.3984375 0.03125 0.01875
2.0 0.4531249999999999 0.4015625 0.03125 0.0125
2.0 0.4124999999999999 0.40078125 0.02734375 0.0140625
2.0 0.07265624999999995 0.40234375 0.03125 0.015625
2.0 0.03359374999999995 0.40234375 0.03515625 0.015625
2.0 0.26171874999999994 0.403125 0.0328125 0.0140625
2.0 0.6914062499999999 0.40078125 0.02734375 0.0140625
1.0 0.024999999999999974 0.046875 0.015625 0.034375
