2.0 0.6453125 0.64375 0.02890625 0.01484375
1.0 0.6429687499999999 0.60390625 0.0140625 0.03125
1.0 0.6437499999999999 0.5578125 0.01484375 0.03046875
1.0 0.6437499999999999 0.5015625 0.01640625 0.0328125
1.0 0.6437499999999999 0.446875 0.0140625 0.03046875
1.0 0.6421874999999999 0.390625 0.01484375 0.0328125
1.0 0.6421874999999999 0.3328125 0.01796875 0.0296875
1.0 0.6421874999999999 0.28046875 0.0140625 0.03125
1.0 0.6421875 0.2265625 0.01484375 0.03046875
1.0 0.640625 0.171875 0.01484375 0.0328125
1.0 0.640625 0.115625 0.0140625 0.0296875
1.0 0.640625 0.06171875 0.01640625 0.0328125
1.0 0.5171875 0.2515625 0.01328125 0.0328125
1.0 0.515625 0.1328125 0.01484375 0.03046875
1.0 0.51640625 0.45234375 0.0140625 0.0296875
2.0 0.5304687499999999 0.58828125 0.028125 0.0140625
1.0 0.5179687499999999 0.56015625 0.0140625 0.03125
1.0 0.5390624999999999 0.6359375 0.01328125 0.02734375
1.0 0.5218749999999999 0.63515625 0.0125 0.0265625
1.0 0.1593749999999999 0.92578125 0.03046875 0.0140625
0.0 0.2085937499999999 0.80234375 0.1390625 0.221875
1.0 0.10781249999999991 0.81875 0.03046875 0.0140625
1.0 0.10781249999999994 0.7765625 0.03203125 0.01328125
1.0 0.22265624999999992 0.6671875 0.0109375 0.02734375
1.0 0.20312499999999992 0.6671875 0.0125 0.0265625
1.0 0.21874999999999994 0.60546875 0.01484375 0.03125
1.0 0.21874999999999994 0.54375 0.01328125 0.0296875
1.0 0.21718749999999995 0.4921875 0.01484375 0.034375
1.0 0.21718749999999995 0.43125 0.0140625 0.0328125
1.0 0.21718749999999995 0.37734375 0.01484375 0.0328125
1.0 0.21562499999999996 0.32265625 0.01328125 0.0359375
1.0 0.21406249999999996 0.26640625 0.0140625 0.034375
1.0 0.21562499999999996 0.2140625 0.01640625 0.03046875
1.0 0.21406249999999996 0.159375 0.01640625 0.0296875
1.0 0.21249999999999997 0.1078125 0.0140625 0.03046875
1.0 0.21328124999999995 0.05234375 0.0125 0.0328125
1.0 0.13593749999999993 0.46015625 0.13671875 0.1234375
2.0 0.53203125 0.60625 0.025 0.0125
2.0 0.9671875 0.9 0.02734375 0.01484375
2.0 0.96640625 0.88125 0.028125 0.01484375
1.0 0.99375 0.8203125 0.01171875 0.0296875
1.0 0.9671875 0.8171875 0.02734375 0.0125
2.0 0.96875 0.79765625 0.0296875 0.0140625
1.0 0.9671875 0.77734375 0.03203125 0.0125
1.0 0.9875 0.7578125 0.0234375 0.01328125
2.0 0.9546875 0.7390625 0.015625 0.03984375
2.0 0.9453125 0.62734375 0.02734375 0.0125
2.0 0.91875 0.8046875 0.03046875 0.01328125
2.0 0.18281249999999993 0.62109375 0.0140625 0.0296875
2.0 0.16484374999999993 0.62265625 0.0109375 0.0296875
2.0 0.2515624999999999 0.9359375 0.01171875 0.03125
1.0 0.94609375 0.6109375 0.0265625 0.0125
1.0 0.94453125 0.55 0.0328125 0.01328125
1.0 0.9421875 0.45000000000000007 0.03046875 0.01484375
1.0 0.94140625 0.3742187500000001 0.03125 0.0171875
1.0 0.9390625 0.1125 0.028125 0.015625
1.0 0.2789062499999999 0.6640625 0.0140625 0.02890625
1.0 0.6890624999999999 0.66171875 0.02578125 0.0140625
