2 0.32265625 0.05859375 0.14609375 0.02890625
2 0.32734375 0.1875 0.14765625 0.0375
2 0.31328125 0.31796875 0.15625 0.02734375
2 0.290625 0.44609375 0.16484375 0.02890625
2 0.334375 0.57890625 0.14375 0.02890625
2 0.32890625 0.71328125 0.15390625 0.02734375
2 0.30546875 0.84609375 0.18125 0.03359375
2 0.77421875 0.93359375 0.23125 0.03984375
2 0.78359375 0.80078125 0.22890625 0.03125
2 0.76953125 0.66796875 0.25625 0.03515625
2 0.78515625 0.540625 0.15 0.03125
2 0.778125 0.40625 0.17265625 0.03359375
2 0.76953125 0.27890625 0.18125 0.04140625
2 0.78515625 0.146875 0.17890625 0.03984375
