2 0.19921875 0.665625 0.04375 0.16015625
1 0.51171875 0.78359375 0.13515625 0.07890625
1 0.68984375 0.378125 0.06640625 0.13984375
2 0.13828125 0.20625 0.05 0.12890625
2 0.50859375 0.06015625 0.13359375 0.05859375
2 0.67734375 0.646875 0.05390625 0.14765625
2 0.25234375 0.89296875 0.1375 0.06484375
2 0.73046875 0.13125 0.05625 0.18359375
2 0.84296875 0.13046875 0.05234375 0.17734375
2 0.26171875 0.046875 0.17734375 0.04375
2 0.19609375 0.396875 0.05859375 0.18515625
2 0.31015625 0.38828125 0.07109375 0.18515625
1 0.315625 0.58984375 0.1125 0.20390625
1 0.30703125 0.76875 0.11015625 0.16640625
1 0.50234375 0.16953125 0.14140625 0.09375
2 0.54375 0.909375 0.19609375 0.07109375
0 0.49765625 0.43984375 0.18359375 0.42890625
