0 0.48359375 0.465625 0.16640625 0.10625
1 0.56015625 0.36640625 0.03515625 0.00859375
1 0.26328125 0.51328125 0.05625 0.01484375
1 0.2625 0.55234375 0.05 0.01640625
1 0.63984375 0.51796875 0.03359375 0.03125
1 0.521875 0.55 0.03515625 0.0125
1 0.62734375 0.803125 0.025 0.02734375
1 0.315625 0.91875 0.01875 0.025
1 0.675 0.921875 0.02109375 0.02265625
2 0.64609375 0.43046875 0.04140625 0.03515625
2 0.67109375 0.47734375 0.0625 0.02109375
2 0.52578125 0.85859375 0.06875 0.02109375
2 0.4375 0.94765625 0.07109375 0.02109375
