1 0.515625 0.55703125 0.24609375 0.67265625
1 0.85859375 0.58203125 0.2625 0.67265625
0 0.69375 0.09765625 0.325 0.1953125
1 0.33515625 0.86953125 0.04609375 0.14375
1 0.16484375 0.86171875 0.04140625 0.14375
1 0.12421875 0.86484375 0.03515625 0.13359375
1 0.03125 0.871875 0.02890625 0.12265625
1 0.46015625 0.17578125 0.06640625 0.07265625
1 0.453125 0.06328125 0.05859375 0.07734375
1 0.95546875 0.20546875 0.06484375 0.06015625
2 0.959375 0.12421875 0.06015625 0.07109375
2 0.9625 0.03046875 0.05859375 0.06015625
2 0.078125 0.871875 0.03125 0.11875
