2 0.08515625 0.16875 0.09609375 0.02890625
2 0.934375 0.16796875 0.08984375 0.02734375
2 0.08671875 0.35 0.08984375 0.02890625
2 0.08203125 0.390625 0.08515625 0.025
2 0.08203125 0.47265625 0.09765625 0.02734375
2 0.93125 0.43125 0.10625 0.03359375
2 0.93046875 0.47265625 0.09375 0.02734375
2 0.253125 0.53984375 0.04375 0.05
2 0.35390625 0.90390625 0.04609375 0.05390625
2 0.43125 0.903125 0.07890625 0.05625
2 0.51328125 0.90234375 0.04609375 0.04375
2 0.59140625 0.903125 0.05859375 0.04765625
2 0.828125 0.9 0.05625 0.05
1 0.22578125 0.90625 0.17734375 0.07109375
1 0.07421875 0.42890625 0.08515625 0.03359375
1 0.17421875 0.53828125 0.05625 0.05234375
1 0.33125 0.540625 0.05 0.05390625
1 0.403125 0.54140625 0.06484375 0.0625
1 0.75078125 0.53828125 0.06484375 0.04765625
1 0.828125 0.5375 0.06015625 0.05390625
1 0.93203125 0.38984375 0.09375 0.02734375
0 0.49375 0.721875 0.72890625 0.21015625
