0 0.50625 0.46015625 0.2 0.13515625
0 0.503125 0.675 0.12265625 0.06640625
2 0.39375 0.8625 0.11875 0.03984375
2 0.390625 0.77109375 0.04375 0.05390625
2 0.60546875 0.775 0.04765625 0.05859375
2 0.83984375 0.19609375 0.12109375 0.02890625
2 0.840625 0.25625 0.08125 0.02890625
2 0.31328125 0.51875 0.07734375 0.02265625
2 0.31328125 0.39296875 0.08125 0.025
1 0.38984375 0.19765625 0.09609375 0.02890625
1 0.60546875 0.19375 0.09375 0.04140625
1 0.18671875 0.28828125 0.10234375 0.04375
1 0.34296875 0.46015625 0.04765625 0.04609375
1 0.503125 0.57421875 0.11484375 0.03515625
1 0.38671875 0.67109375 0.05625 0.05390625
1 0.60546875 0.67109375 0.05234375 0.05
1 0.51484375 0.34609375 0.0875 0.02265625
