0 0.19765625 0.65625 0.0625 0.10859375
0 0.4125 0.66015625 0.0625 0.10859375
0 0.60546875 0.65859375 0.06015625 0.10234375
0 0.81484375 0.659375 0.0625 0.11484375
2 0.11015625 0.65703125 0.05859375 0.03125
2 0.10625 0.69453125 0.05859375 0.02265625
2 0.325 0.65390625 0.05390625 0.02890625
2 0.32578125 0.68984375 0.05390625 0.02890625
2 0.51484375 0.65546875 0.0625 0.03515625
2 0.51015625 0.68828125 0.0625 0.02734375
2 0.71171875 0.65703125 0.06015625 0.02734375
2 0.70859375 0.68984375 0.0625 0.025
