0 0.578125 0.384375 0.08984375 0.1328125
1 0.54375 0.75234375 0.015625 0.0125
0 0.578125 0.7703125 0.0484375 0.05390625
2 0.52421875 0.78203125 0.00859375 0.025
1 0.621875 0.78203125 0.009375 0.02578125
1 0.534375 0.7828125 0.00859375 0.0265625
1 0.61171875 0.7828125 0.009375 0.02578125
1 0.63203125 0.7828125 0.009375 0.02578125
1 0.54453125 0.7828125 0.00859375 0.02578125
1 0.55 0.81484375 0.0171875 0.01484375
1 0.53046875 0.81484375 0.01640625 0.0140625
1 0.57109375 0.815625 0.0171875 0.01328125
2 0.5953125 0.815625 0.0171875 0.01328125
1 0.425 0.13125 0.015625 0.0125
1 0.425 0.14921875 0.015625 0.01171875
2 0.459375 0.17421875 0.01640625 0.01328125
0 0.37578125 0.18984375 0.04609375 0.0484375
1 0.40625 0.196875 0.0078125 0.025
