2 0.1703125 0.43203125 0.05390625 0.03125
2 0.37421875 0.20859375 0.04375 0.05703125
1 0.49609375 0.20234375 0.04140625 0.05546875
1 0.9578125 0.16171875 0.05546875 0.10234375
1 0.77734375 0.1921875 0.03125 0.05546875
1 0.67265625 0.203125 0.04140625 0.05703125
1 0.59296875 0.203125 0.04140625 0.05703125
1 0.303125 0.1984375 0.05859375 0.0953125
1 0.17421875 0.36953125 0.05859375 0.03984375
1 0.1734375 0.58046875 0.065625 0.03515625
1 0.16953125 0.66328125 0.05859375 0.03984375
1 0.17109375 0.75390625 0.09765625 0.05546875
0 0.64140625 0.6453125 0.66015625 0.66015625