2.0 0.4703125 0.22890625 0.03671875 0.0796875
2.0 0.53984375 0.22578125 0.03984375 0.059375
2.0 0.75546875 0.22812500000000008 0.04296875 0.05234375
2.0 0.82578125 0.2234375000000001 0.04140625 0.05546875
1.0 0.23046874999999992 0.9328125 0.05546875 0.03828125
1.0 0.2312499999999999 0.8421875 0.05390625 0.03984375
1.0 0.2929687499999999 0.6734375 0.034375 0.05703125
1.0 0.33984374999999994 0.559375 0.09375 0.05078125
1.0 0.6375 0.540625 0.03984375 0.05859375
1.0 0.70390625 0.5421875 0.03515625 0.05859375
1.0 0.86796875 0.5437500000000001 0.05078125 0.090625
1.0 0.68671875 0.24375 0.05859375 0.0953125
1.0 0.6109375 0.225 0.034375 0.0609375
1.0 0.9375 0.5585937500000001 0.03671875 0.065625
