2.0 0.8296875 0.56796875 0.05390625 0.03125
2.0 0.62578125 0.79140625 0.04375 0.05703125
1.0 0.50390625 0.79765625 0.04140625 0.05546875
1.0 0.0421875 0.83828125 0.05546875 0.10234375
1.0 0.22265625 0.8078125 0.03125 0.05546875
1.0 0.32734375 0.796875 0.04140625 0.05703125
1.0 0.40703125 0.796875 0.04140625 0.05703125
1.0 0.696875 0.8015625 0.05859375 0.0953125
1.0 0.82578125 0.63046875 0.05859375 0.03984375
1.0 0.8265625 0.41953125 0.065625 0.03515625
1.0 0.83046875 0.33671875 0.05859375 0.03984375
1.0 0.82890625 0.24609375 0.09765625 0.05546875
0.0 0.35859375 0.3546875 0.66015625 0.66015625
