1.0 0.46562499999999984 0.8484375 0.253125 0.28828125
1.0 0.7953124999999999 0.82890625 0.23046875 0.15234375
1.0 0.15781249999999983 0.8296875 0.22734375 0.15078125
1.0 0.16406249999999983 0.6312499999999999 0.2375 0.14921875
1.0 0.37031249999999993 0.47890625 0.23125 0.14453125
1.0 0.82421875 0.06562500000000006 0.11796875 0.096875
1.0 0.3570312499999999 0.271875 0.2625 0.27734375
1.0 0.48984375 0.0515625 0.11328125 0.0953125
1.0 0.5929687499999999 0.4140625 0.07265625 0.10625
1.0 0.6617187499999999 0.3765625 0.02578125 0.05390625
