1.0 0.17578124999999992 0.83515625 0.33671875 0.3265625
1.0 0.18046874999999993 0.4921875 0.31796875 0.31953125
1.0 0.18359374999999994 0.15390625 0.32421875 0.30546875
1.0 0.846875 0.15859375 0.30625 0.3078125
1.0 0.5234375 0.15859375 0.3140625 0.30546875
1.0 0.38828124999999997 0.02578125 0.0265625 0.0515625
1.0 0.33906249999999993 0.021875 0.0296875 0.04140625
1.0 0.4226562499999999 0.31171875 0.05 0.03828125
1.0 0.4820312499999999 0.584375 0.046875 0.08671875
1.0 0.6156249999999999 0.85 0.05546875 0.0328125
1.0 0.6039062499999999 0.7890625 0.0453125 0.02421875
1.0 0.5898437499999999 0.46484375 0.05234375 0.03671875
1.0 0.7382812499999999 0.3437500000000001 0.05 0.08515625
1.0 0.6703124999999999 0.34453125 0.0484375 0.08984375
1.0 0.84453125 0.4648437500000001 0.05859375 0.03828125
1.0 0.9484375 0.46562500000000007 0.05859375 0.034375
2.0 0.7367187499999999 0.95 0.0609375 0.03671875
2.0 0.7382812499999999 0.89296875 0.0640625 0.03828125
1.0 0.7296874999999999 0.840625 0.046875 0.02265625
2.0 0.83125 0.95390625 0.05390625 0.03515625
2.0 0.83203125 0.890625 0.0640625 0.03984375
1.0 0.83984375 0.8390625 0.04375 0.02421875
1.0 0.87578125 0.7875 0.046875 0.02421875
0.0 0.7249999999999999 0.63046875 0.28828125 0.253125
1.0 0.5507812499999999 0.59921875 0.03671875 0.05390625
1.0 0.7734374999999999 0.4601562500000001 0.02734375 0.0453125
1.0 0.7171874999999999 0.45859375 0.028125 0.0484375
1.0 0.6601562499999999 0.45859375 0.02578125 0.0453125
2.0 0.5234374999999999 0.84765625 0.05859375 0.03515625
2.0 0.39765624999999993 0.84921875 0.05703125 0.04296875
2.0 0.5249999999999999 0.79140625 0.05859375 0.03671875
2.0 0.5218749999999999 0.72890625 0.05859375 0.034375
2.0 0.3984374999999999 0.7875 0.0640625 0.04375
2.0 0.4007812499999999 0.725 0.065625 0.04140625
2.0 0.3984374999999999 0.66796875 0.05859375 0.034375
2.0 0.95546875 0.85078125 0.05546875 0.034375
2.0 0.9578125 0.790625 0.05859375 0.03828125
2.0 0.95625 0.72890625 0.059375 0.03671875
2.0 0.95546875 0.665625 0.05234375 0.0296875
1.0 0.4273437499999999 0.46015625 0.065625 0.15625
