2.0 0.8109374999999999 0.6195312500000001 0.03671875 0.05703125
1.0 0.3070312499999999 0.475 0.05390625 0.03828125
2.0 0.3085937499999999 0.5359375 0.0625 0.03515625
2.0 0.3070312499999999 0.6078125 0.0625 0.04296875
2.0 0.3070312499999999 0.678125 0.065625 0.04140625
2.0 0.33906249999999993 0.25703124999999993 0.0609375 0.03671875
2.0 0.3367187499999999 0.31640624999999994 0.05703125 0.03515625
1.0 0.4148437499999999 0.45703125 0.028125 0.0484375
1.0 0.12187499999999982 0.6210937499999999 0.0625 0.125
1.0 0.2539062499999999 0.30703125 0.034375 0.05078125
1.0 0.26953125 0.14218749999999997 0.028125 0.04296875
1.0 0.32421875 0.17265624999999996 0.03828125 0.05234375
1.0 0.5125 0.1546875 0.090625 0.1078125
1.0 0.5140625 0.04921875 0.05703125 0.03515625
