0.0 0.22343749999999982 0.7968749999999999 0.2515625 0.221875
2.0 0.7062499999999998 0.6703125 0.0625 0.034375
2.0 0.7070312499999998 0.73359375 0.0640625 0.03515625
2.0 0.7078124999999998 0.79609375 0.0640625 0.03515625
2.0 0.7078124999999998 0.86171875 0.0640625 0.03515625
2.0 0.5507812499999999 0.3546875 0.065625 0.04375
2.0 0.4570312499999999 0.35546875 0.0625 0.04140625
2.0 0.3726562499999999 0.24843749999999995 0.03828125 0.065625
2.0 0.2328125 0.08046874999999995 0.059375 0.04140625
2.0 0.8328125 0.07421875000000006 0.0609375 0.03515625
2.0 0.71171875 0.22656250000000006 0.05703125 0.0328125
2.0 0.8 0.34296875000000004 0.05078125 0.0296875
2.0 0.80078125 0.4015625000000001 0.0625 0.03828125
2.0 0.81640625 0.4781250000000001 0.04140625 0.0640625
2.0 0.8765625 0.4820312500000001 0.03984375 0.0609375
2.0 0.89453125 0.3437500000000001 0.059375 0.034375
2.0 0.8921875 0.4062500000000001 0.0625 0.0453125
1.0 0.4171875 0.07499999999999998 0.05234375 0.03671875
1.0 0.63203125 0.25546875 0.02578125 0.0453125
1.0 0.71328125 0.07578125000000004 0.0484375 0.03828125
1.0 0.7304687499999999 0.39843750000000006 0.02109375 0.04375
1.0 0.7015625 0.30859375000000006 0.0453125 0.02421875
1.0 0.9625 0.3984375000000001 0.02109375 0.04375
1.0 0.52421875 0.5015625 0.0453125 0.08515625
1.0 0.38671874999999983 0.859375 0.03984375 0.059375
1.0 0.4507812499999998 0.859375 0.0328125 0.05390625
1.0 0.3906249999999999 0.5171875 0.03671875 0.05390625
1.0 0.5804687499999999 0.434375 0.02421875 0.04296875
