0.0 0.19374999999999995 0.33359375 0.3875 0.38671875
2.0 0.11249999999999993 0.5703125 0.03671875 0.0640625
2.0 0.5070312499999999 0.50546875 0.0625 0.03671875
2.0 0.41718749999999993 0.5046875 0.05859375 0.03828125
1.0 0.85234375 0.3343750000000001 0.05703125 0.03515625
2.0 0.84921875 0.27421875000000007 0.065625 0.03984375
2.0 0.821875 0.75390625 0.04375 0.059375
2.0 0.6851562499999999 0.4890625 0.04140625 0.05859375
1.0 0.6234374999999999 0.48828125 0.03984375 0.05234375
1.0 0.94921875 0.4601562500000001 0.0921875 0.10546875
1.0 0.953125 0.2945312500000001 0.090625 0.10625
1.0 0.85546875 0.21484375000000008 0.05703125 0.034375
1.0 0.89453125 0.7546875 0.03671875 0.05546875
1.0 0.7523437499999999 0.7546875 0.03828125 0.05546875
1.0 0.23906249999999996 0.5703125 0.03828125 0.05546875
1.0 0.18359374999999994 0.55859375 0.028125 0.046875
1.0 0.19843749999999996 0.10078125 0.02734375 0.04296875
1.0 0.14453124999999997 0.07265625 0.03828125 0.05390625
1.0 0.59453125 0.30859375 0.046875 0.02578125
1.0 0.4359374999999999 0.384375 0.0453125 0.02734375
1.0 0.4171875 0.25078125 0.0328125 0.05234375
2.0 0.615625 0.246875 0.03828125 0.0171875
1.0 0.571875 0.22265625 0.01875 0.028125
1.0 0.5296875 0.2296875 0.028125 0.04375
1.0 0.73828125 0.2640625000000001 0.08828125 0.0484375
1.0 0.6890625 0.20703125 0.0484375 0.02734375
1.0 0.5039062499999999 0.30859375 0.046875 0.02578125
2.0 0.6171875 0.209375 0.03828125 0.01875
2.0 0.4765625 0.246875 0.03828125 0.0171875
2.0 0.47734375 0.20859375 0.03984375 0.0171875
1.0 0.84609375 0.4867187500000001 0.04140625 0.05234375
