0.0 0.203125 0.2234375 0.221875 0.2515625
2.0 0.3296875 0.70625 0.034375 0.0625
2.0 0.26640625 0.70703125 0.03515625 0.0640625
2.0 0.20390625 0.7078125 0.03515625 0.0640625
2.0 0.13828125 0.7078125 0.03515625 0.0640625
2.0 0.6453125 0.55078125 0.04375 0.065625
2.0 0.64453125 0.45703125 0.04140625 0.0625
2.0 0.7515625 0.37265625 0.065625 0.03828125
2.0 0.91953125 0.2328125 0.04140625 0.059375
2.0 0.92578125 0.8328125 0.03515625 0.0609375
2.0 0.7734375 0.71171875 0.0328125 0.05703125
2.0 0.65703125 0.8 0.0296875 0.05078125
2.0 0.5984375 0.80078125 0.03828125 0.0625
2.0 0.521875 0.81640625 0.0640625 0.04140625
2.0 0.51796875 0.8765625 0.0609375 0.03984375
2.0 0.65625 0.89453125 0.034375 0.059375
2.0 0.59375 0.8921875 0.0453125 0.0625
1.0 0.925 0.4171875 0.03671875 0.05234375
1.0 0.74453125 0.63203125 0.0453125 0.02578125
1.0 0.92421875 0.71328125 0.03828125 0.0484375
1.0 0.6015625 0.73046875 0.04375 0.02109375
1.0 0.69140625 0.7015625 0.02421875 0.0453125
1.0 0.6015625 0.9625 0.04375 0.02109375
1.0 0.4984375 0.52421875 0.08515625 0.0453125
1.0 0.140625 0.38671875 0.059375 0.03984375
1.0 0.140625 0.45078125 0.05390625 0.0328125
1.0 0.4828125 0.390625 0.05390625 0.03671875
1.0 0.565625 0.58046875 0.04296875 0.02421875
