0.0 0.81015625 0.5484375 0.2203125 0.28671875
0.0 0.81171875 0.21484375 0.2171875 0.28671875
1.0 0.8921875 0.76015625 0.04296875 0.05703125
1.0 0.6578125 0.7109375 0.03984375 0.05234375
1.0 0.65546875 0.53203125 0.04140625 0.046875
1.0 0.65625 0.36484375 0.03984375 0.05078125
1.0 0.65546875 0.16484375 0.03515625 0.0453125
1.0 0.4890625 0.86875 0.2171875 0.09765625
2.0 0.47265625 0.71328125 0.03984375 0.065625
2.0 0.39921875 0.71484375 0.04296875 0.0625
2.0 0.3390625 0.7140625 0.04140625 0.06640625
2.0 0.46796875 0.5578125 0.04140625 0.0609375
2.0 0.46875 0.42109375 0.03984375 0.0640625
2.0 0.4671875 0.30546875 0.04296875 0.0625
2.0 0.403125 0.3 0.03984375 0.05703125
