2.0 0.18906249999999997 0.38046875 0.03671875 0.05703125
1.0 0.6929687499999999 0.525 0.05390625 0.03828125
2.0 0.6914062499999999 0.4640625 0.0625 0.03515625
2.0 0.6929687499999999 0.3921875 0.0625 0.04296875
2.0 0.6929687499999999 0.321875 0.065625 0.04140625
2.0 0.6609375 0.74296875 0.0609375 0.03671875
2.0 0.6632812499999999 0.68359375 0.05703125 0.03515625
1.0 0.5851562499999999 0.54296875 0.028125 0.0484375
1.0 0.878125 0.3789062500000001 0.0625 0.125
1.0 0.7460937499999999 0.69296875 0.034375 0.05078125
1.0 0.7304687499999999 0.8578125 0.028125 0.04296875
1.0 0.6757812499999999 0.82734375 0.03828125 0.05234375
1.0 0.48749999999999993 0.8453125 0.090625 0.1078125
1.0 0.4859374999999999 0.95078125 0.05703125 0.03515625
