1.0 0.671875 0.6234375 0.17578125 0.10234375
1.0 0.6703125 0.92578125 0.1734375 0.096875
1.0 0.37109375 0.68828125 0.034375 0.05546875
1.0 0.28515625 0.68984375 0.034375 0.046875
1.0 0.20390625 0.6890625 0.03828125 0.05703125
1.0 0.11875 0.68984375 0.03515625 0.05546875
1.0 0.60546875 0.34296875 0.05234375 0.03515625
1.0 0.60546875 0.40625 0.05078125 0.03671875
1.0 0.67265625 0.19375 0.175 0.10078125
1.0 0.59921875 0.2796875 0.04296875 0.028125
1.0 0.66875 0.49609375 0.1734375 0.0921875
1.0 0.66796875 0.05703125 0.171875 0.096875
1.0 0.6078125 0.834375 0.05390625 0.03515625
1.0 0.6078125 0.7703125 0.05078125 0.0328125
1.0 0.60078125 0.70625 0.04296875 0.02265625
2.0 0.49609375 0.7703125 0.05546875 0.0328125
2.0 0.49765625 0.83203125 0.05 0.028125
2.0 0.50078125 0.70546875 0.05546875 0.03515625
