1.0 0.46093749999999983 0.909375 0.078125 0.11640625
1.0 0.3343749999999998 0.9140625 0.078125 0.12109375
1.0 0.24218749999999983 0.91015625 0.03515625 0.05859375
1.0 0.70546875 0.24531250000000004 0.0328125 0.0609375
2.0 0.5812499999999999 0.25546875 0.08828125 0.128125
2.0 0.4593749999999999 0.2515625 0.08359375 0.128125
2.0 0.3320312499999999 0.38828124999999997 0.06953125 0.03828125
2.0 0.36484375 0.14140624999999998 0.034375 0.06640625
2.0 0.11875 0.4179687499999999 0.03515625 0.07421875
2.0 0.79296875 0.23828125000000006 0.090625 0.190625
0.0 0.3835937499999999 0.58203125 0.45703125 0.30859375
