1.0 0.4609375 0.1546875 0.075 0.11328125
1.0 0.334375 0.15624999999999994 0.078125 0.121875
1.0 0.24140625 0.15156249999999996 0.03125 0.0609375
1.0 0.23828124999999992 0.5312499999999999 0.03125 0.059375
1.0 0.3710937499999999 0.70390625 0.03671875 0.0640625
1.0 0.3414062499999998 0.84765625 0.0640625 0.03125
2.0 0.33984374999999983 0.91171875 0.075 0.034375
2.0 0.2523437499999999 0.6968749999999999 0.03828125 0.05546875
2.0 0.4414062499999999 0.703125 0.03984375 0.065625
0.0 0.3929687499999999 0.46171875 0.2375 0.2671875
