0.0 0.2703124999999999 0.66875 0.4875 0.471875
2.0 0.5789062499999998 0.79296875 0.03828125 0.0765625
2.0 0.7171874999999999 0.51640625 0.03984375 0.08125
2.0 0.7796874999999999 0.5132812500000001 0.03984375 0.08125
2.0 0.6539062499999999 0.37890625000000006 0.04140625 0.08984375
2.0 0.71953125 0.37812500000000004 0.03828125 0.090625
2.0 0.7796874999999999 0.37890625000000006 0.03671875 0.090625
2.0 0.5703124999999999 0.38046875 0.03828125 0.0796875
2.0 0.7226562499999998 0.64375 0.04140625 0.08515625
2.0 0.7828124999999998 0.6390625000000001 0.03984375 0.0796875
1.0 0.9171875 0.3320312500000001 0.03515625 0.0625
