2 0.0765625 0.52734375 0.1 0.05
2 0.26953125 0.55546875 0.084375 0.0453125
2 0.4671875 0.584375 0.0796875 0.046875
2 0.66015625 0.5953125 0.075 0.0484375
2 0.85546875 0.59296875 0.084375 0.04375
2 0.39140625 0.09296875 0.08125 0.04375
2 0.6078125 0.14296875 0.08125 0.046875
2 0.73125 0.14140625 0.084375 0.05
2 0.93359375 0.0859375 0.0875 0.05
2 0.07265625 0.73828125 0.0796875 0.053125
2 0.27109375 0.73828125 0.0796875 0.04375
2 0.46640625 0.7375 0.075 0.0484375
2 0.66171875 0.7328125 0.084375 0.05
2 0.859375 0.7296875 0.090625 0.046875