1 0.85546875 0.95625 0.0796875 0.0375
1 0.4953125 0.68671875 0.071875 0.034375
1 0.48828125 0.7359375 0.084375 0.040625
1 0.1796875 0.4875 0.078125 0.034375
1 0.17890625 0.53359375 0.0765625 0.04375
1 0.07890625 0.48828125 0.071875 0.04375
1 0.0796875 0.53828125 0.0765625 0.040625
1 0.76171875 0.4484375 0.078125 0.0375
1 0.76171875 0.49921875 0.075 0.040625
1 0.759375 0.55390625 0.075 0.034375
1 0.76640625 0.6078125 0.065625 0.040625
1 0.775 0.80859375 0.0640625 0.04375
1 0.60234375 0.81484375 0.2015625 0.19375
1 0.659375 0.453125 0.0796875 0.04375
1 0.66015625 0.61328125 0.071875 0.034375
1 0.6625 0.6609375 0.06875 0.0328125
1 0.659375 0.503125 0.075 0.0375
1 0.66328125 0.55859375 0.06875 0.040625
1 0.75859375 0.6625 0.053125 0.0375
1 0.7609375 0.71875 0.071875 0.0375
1 0.25 0.34296875 0.23125 0.20625