1 0.1390625 0.26171875 0.084375 0.08125
1 0.3015625 0.47890625 0.075 0.0796875
1 0.375 0.54296875 0.08125 0.0875
1 0.403125 0.3640625 0.075 0.071875
1 0.4765625 0.4265625 0.071875 0.08125
1 0.58203125 0.93125 0.084375 0.090625
1 0.80078125 0.26171875 0.059375 0.03125
1 0.7953125 0.21328125 0.0765625 0.0375
1 0.46640625 0.61015625 0.06875 0.06875
1 0.69921875 0.53203125 0.36875 0.3
2 0.71640625 0.28984375 0.040625 0.084375
2 0.821875 0.8625 0.046875 0.090625
2 0.73828125 0.3703125 0.04375 0.059375
2 0.44296875 0.515625 0.075 0.071875
2 0.34375 0.4125 0.065625 0.078125
2 0.4109375 0.478125 0.075 0.075
2 0.3734375 0.44453125 0.0765625 0.0765625
2 0.4359375 0.2953125 0.06875 0.075
2 0.478125 0.9375 0.08125 0.0796875
2 0.5390625 0.39296875 0.075 0.075
2 0.503125 0.36328125 0.08125 0.078125
2 0.47265625 0.33046875 0.071875 0.075