2 0.8125 0.50390625 0.09375 0.178125
2 0.7953125 0.18828125 0.09375 0.16875
2 0.22421875 0.78671875 0.05 0.103125
1 0.140625 0.7859375 0.028125 0.04375
2 0.09609375 0.78203125 0.028125 0.040625
1 0.14140625 0.65859375 0.025 0.05625
1 0.9046875 0.15546875 0.053125 0.028125
1 0.903125 0.11640625 0.05 0.025
2 0.634375 0.30703125 0.0875 0.05
2 0.63828125 0.24765625 0.0953125 0.05
2 0.6390625 0.08046875 0.09375 0.053125
2 0.64375 0.02265625 0.090625 0.0453125
2 0.63671875 0.1921875 0.0953125 0.05
2 0.63828125 0.13671875 0.0953125 0.05
2 0.1984375 0.18359375 0.0875 0.153125