1 0.14453125 0.04375 0.0796875 0.0375
1 0.5046875 0.31328125 0.071875 0.034375
1 0.51171875 0.2640625 0.084375 0.040625
1 0.8203125 0.5125 0.078125 0.034375
1 0.82109375 0.46640625 0.0765625 0.04375
1 0.92109375 0.51171875 0.071875 0.04375
1 0.9203125 0.46171875 0.0765625 0.040625
1 0.23828125 0.5515625 0.078125 0.0375
1 0.23828125 0.50078125 0.075 0.040625
1 0.240625 0.44609375 0.075 0.034375
1 0.23359375 0.3921875 0.065625 0.040625
1 0.225 0.19140625 0.0640625 0.04375
1 0.39765625 0.18515625 0.2015625 0.19375
1 0.340625 0.546875 0.0796875 0.04375
1 0.33984375 0.38671875 0.071875 0.034375
1 0.3375 0.3390625 0.06875 0.0328125
1 0.340625 0.496875 0.075 0.0375
1 0.33671875 0.44140625 0.06875 0.040625
1 0.24140625 0.3375 0.053125 0.0375
1 0.2390625 0.28125 0.071875 0.0375
1 0.75 0.65703125 0.23125 0.20625