1 0.29609375 0.23046875 0.340625 0.403125
1 0.73046875 0.5015625 0.040625 0.01875
1 0.52109375 0.8890625 0.0375 0.01875
2 0.61796875 0.66015625 0.0375 0.01875
2 0.61328125 0.6953125 0.0375 0.021875
1 0.61328125 0.7296875 0.0375 0.021875
1 0.2765625 0.4953125 0.0328125 0.021875
2 0.278125 0.5296875 0.0375 0.025
1 0.278125 0.56640625 0.0375 0.01875
2 0.390625 0.4953125 0.034375 0.025
2 0.3921875 0.528125 0.034375 0.01875
2 0.3921875 0.5640625 0.040625 0.01875
2 0.39296875 0.59921875 0.0375 0.021875
2 0.39453125 0.6359375 0.0375 0.021875
1 0.39453125 0.69921875 0.0375 0.025
1 0.60703125 0.4796875 0.040625 0.025
1 0.73046875 0.55 0.0765625 0.04375
2 0.73515625 0.60078125 0.040625 0.01875
2 0.73828125 0.81328125 0.034375 0.028125
2 0.740625 0.84765625 0.0375 0.021875
2 0.84921875 0.775 0.04375 0.028125
2 0.84921875 0.80859375 0.0375 0.025
2 0.85390625 0.8453125 0.040625 0.025
2 0.52734375 0.66171875 0.034375 0.025
2 0.52421875 0.69765625 0.040625 0.021875
2 0.51328125 0.48359375 0.040625 0.025
2 0.27890625 0.634375 0.034375 0.021875
2 0.32734375 0.70078125 0.0375 0.021875
2 0.33046875 0.73671875 0.0375 0.025
2 0.1265625 0.76953125 0.034375 0.065625
2 0.40078125 0.8046875 0.03125 0.025
2 0.40234375 0.8421875 0.0328125 0.01875
2 0.40078125 0.87734375 0.034375 0.025
2 0.4 0.7359375 0.0328125 0.021875
2 0.4 0.76953125 0.0328125 0.01875
0 0.5625 0.81015625 0.15625 0.11875
0 0.55859375 0.56328125 0.159375 0.1125