0 0.67578125 0.10234375 0.178125 0.13125
0 0.50546875 0.8125 0.2125 0.253125
1 0.525 0.18515625 0.028125 0.046875
2 0.93046875 0.0890625 0.028125 0.04375
2 0.8875 0.0890625 0.028125 0.04375
1 0.846875 0.08828125 0.028125 0.0453125
1 0.915625 0.5078125 0.04375 0.025
2 0.43515625 0.60546875 0.028125 0.040625
1 0.4 0.609375 0.0296875 0.040625
1 0.1484375 0.46953125 0.24375 0.240625
1 0.41953125 0.39140625 0.240625 0.2125
1 0.75 0.328125 0.3296875 0.2953125
2 0.51953125 0.12421875 0.03125 0.046875
2 0.51875 0.05234375 0.025 0.04375
2 0.8203125 0.53671875 0.0296875 0.0484375
2 0.8 0.0875 0.025 0.0375
2 0.8890625 0.0171875 0.028125 0.034375
2 0.83984375 0.01953125 0.0328125 0.0390625
2 0.6 0.5734375 0.0296875 0.05
2 0.55859375 0.57421875 0.028125 0.0375
2 0.5234375 0.57421875 0.0296875 0.0375
2 0.13203125 0.83359375 0.03125 0.0484375
2 0.61875 0.25234375 0.0328125 0.034375
2 0.57578125 0.2515625 0.028125 0.0453125