1 0.4546875 0.66796875 0.271875 0.234375
1 0.45 0.4234375 0.278125 0.253125
1 0.45078125 0.17421875 0.2796875 0.246875
2 0.30546875 0.31640625 0.021875 0.04375
2 0.2734375 0.31328125 0.025 0.053125
2 0.23984375 0.3171875 0.021875 0.046875
1 0.234375 0.2515625 0.025 0.040625
1 0.19921875 0.31640625 0.021875 0.040625
0 0.78984375 0.3171875 0.30625 0.29375
0 0.17890625 0.46015625 0.1625 0.134375
2 0.0875 0.23828125 0.0296875 0.04375
2 0.16796875 0.3203125 0.025 0.04375
2 0.125 0.32421875 0.021875 0.0453125
2 0.09453125 0.32734375 0.021875 0.040625