0 0.5171875 0.68359375 0.271875 0.221875
0 0.915625 0.73828125 0.1546875 0.2234375
2 0.58515625 0.84765625 0.034375 0.0625
2 0.546875 0.8453125 0.0375 0.065625
2 0.49296875 0.83984375 0.034375 0.065625
2 0.33359375 0.75390625 0.0484375 0.034375
2 0.33203125 0.803125 0.0609375 0.0328125
2 0.3328125 0.84140625 0.053125 0.0296875
2 0.3765625 0.528125 0.025 0.059375
2 0.6625 0.54296875 0.046875 0.0296875
1 0.53515625 0.40234375 0.259375 0.2953125
2 0.4734375 0.55390625 0.04375 0.028125
2 0.89921875 0.603125 0.0625 0.0328125