2 0.61953125 0.49140625 0.053125 0.028125
2 0.621875 0.53984375 0.05 0.025
2 0.62421875 0.58671875 0.05 0.025
2 0.625 0.62890625 0.0484375 0.025
2 0.76484375 0.62578125 0.05625 0.028125
2 0.1671875 0.62421875 0.05625 0.028125
1 0.76953125 0.4890625 0.053125 0.028125
2 0.76328125 0.5296875 0.046875 0.025
2 0.725 0.9765625 0.053125 0.025
1 0.29609375 0.90859375 0.04375 0.028125
2 0.29453125 0.94453125 0.05 0.021875
2 0.25703125 0.434375 0.053125 0.028125
2 0.25546875 0.528125 0.0484375 0.028125
2 0.26015625 0.625 0.05 0.025
1 0.47578125 0.4203125 0.059375 0.03125
1 0.81484375 0.9328125 0.0640625 0.0296875
0 0.75625 0.78828125 0.1625 0.190625
0 0.50625 0.7859375 0.1578125 0.190625
0 0.1765625 0.78515625 0.246875 0.1875