1 0.7078125 0.228125 0.2125 0.2203125
1 0.71171875 0.86875 0.21875 0.215625
1 0.70859375 0.653125 0.221875 0.209375
1 0.70859375 0.44140625 0.209375 0.209375
1 0.95390625 0.28984375 0.040625 0.025
1 0.93359375 0.04453125 0.053125 0.01875
1 0.85 0.04453125 0.05625 0.025
1 0.11328125 0.32734375 0.025 0.04375
1 0.153125 0.328125 0.021875 0.034375
1 0.1828125 0.328125 0.021875 0.034375
1 0.22265625 0.15859375 0.040625 0.021875
1 0.91484375 0.8921875 0.021875 0.0375
2 0.1765625 0.37265625 0.03125 0.021875
2 0.175 0.40234375 0.0375 0.01875
2 0.175 0.43046875 0.040625 0.021875
2 0.1765625 0.465625 0.04375 0.01875
1 0.225 0.4890625 0.025 0.0375
1 0.2265625 0.41796875 0.01875 0.0375
1 0.159375 0.58046875 0.021875 0.040625
2 0.178125 0.49609375 0.040625 0.01875
2 0.17578125 0.52421875 0.040625 0.01875
1 0.1984375 0.5796875 0.01875 0.0375
1 0.20625 0.6390625 0.04375 0.03125
1 0.0296875 0.72109375 0.025 0.05
1 0.0671875 0.72421875 0.021875 0.05
1 0.02578125 0.65234375 0.021875 0.0375
2 0.0609375 0.65625 0.021875 0.04375
2 0.08984375 0.65 0.025 0.040625
2 0.14921875 0.65 0.025 0.04375
1 0.14921875 0.84609375 0.05 0.021875