0 0.3109375 0.2625 0.2015625 0.1734375
0 0.3109375 0.5390625 0.2 0.16875
0 0.31171875 0.88046875 0.1953125 0.2390625
2 0.7484375 0.7046875 0.05 0.121875
2 0.74921875 0.89296875 0.05 0.11875
2 0.66953125 0.8875 0.059375 0.121875
2 0.66796875 0.703125 0.05625 0.115625
2 0.58203125 0.7015625 0.0484375 0.11875
2 0.5796875 0.88125 0.05625 0.1
2 0.796875 0.19140625 0.0484375 0.084375
2 0.59375 0.22421875 0.03125 0.05
2 0.6453125 0.221875 0.0296875 0.05
2 0.1375 0.25859375 0.034375 0.06875
2 0.03125 0.2625 0.0375 0.06875
2 0.0453125 0.41015625 0.0375 0.06875
2 0.0953125 0.409375 0.040625 0.059375
2 0.14140625 0.40546875 0.034375 0.0609375
2 0.1359375 0.80546875 0.034375 0.0625
2 0.1375 0.909375 0.040625 0.071875
2 0.0328125 0.809375 0.034375 0.065625
2 0.5109375 0.31171875 0.034375 0.06875
2 0.5546875 0.30859375 0.0296875 0.05
2 0.59609375 0.31171875 0.025 0.05
1 0.7 0.228125 0.03125 0.075
1 0.7 0.31484375 0.03125 0.075
1 0.65546875 0.47734375 0.1890625 0.23125