2 0.38046875 0.50859375 0.053125 0.028125
2 0.378125 0.46015625 0.05 0.025
2 0.37578125 0.41328125 0.05 0.025
2 0.375 0.37109375 0.0484375 0.025
2 0.23515625 0.37421875 0.05625 0.028125
2 0.8328125 0.37578125 0.05625 0.028125
1 0.23046875 0.5109375 0.053125 0.028125
2 0.23671875 0.4703125 0.046875 0.025
2 0.275 0.0234375 0.053125 0.025
1 0.70390625 0.09140625 0.04375 0.028125
2 0.70546875 0.05546875 0.05 0.021875
2 0.74296875 0.565625 0.053125 0.028125
2 0.74453125 0.471875 0.0484375 0.028125
2 0.73984375 0.375 0.05 0.025
1 0.52421875 0.5796875 0.059375 0.03125
1 0.18515625 0.0671875 0.0640625 0.0296875
0 0.24375 0.21171875 0.1625 0.190625
0 0.49375 0.2140625 0.1578125 0.190625
0 0.8234375 0.21484375 0.246875 0.1875