2 0.8203125 0.13125 0.0875 0.04375
2 0.81953125 0.05 0.06875 0.040625
2 0.60390625 0.13515625 0.0796875 0.0375
2 0.60625 0.053125 0.06875 0.0375
2 0.31171875 0.55625 0.071875 0.04375
2 0.3078125 0.4703125 0.075 0.0453125
2 0.30859375 0.38671875 0.075 0.04375
2 0.309375 0.3015625 0.06875 0.04375
2 0.30859375 0.21953125 0.0765625 0.04375
2 0.14375 0.22265625 0.0765625 0.0421875
2 0.14453125 0.14375 0.06875 0.040625
1 0.59296875 0.58515625 0.08125 0.04375
1 0.82109375 0.21171875 0.0796875 0.040625
1 0.303125 0.13828125 0.08125 0.040625
0 0.70625 0.4015625 0.375 0.2796875