1 0.8359375 0.6171875 0.0375 0.065625
1 0.71640625 0.2390625 0.2 0.184375
1 0.16328125 0.51640625 0.1875 0.221875
1 0.440625 0.50625 0.2 0.2171875
1 0.60625 0.41015625 0.19375 0.2125
1 0.75390625 0.93359375 0.06875 0.034375
2 0.31640625 0.95625 0.075 0.028125
2 0.31796875 0.91953125 0.06875 0.0328125
1 0.3171875 0.88359375 0.071875 0.028125
2 0.31484375 0.85 0.075 0.0375
2 0.31484375 0.80234375 0.053125 0.040625
1 0.31640625 0.7671875 0.059375 0.03125
1 0.4484375 0.24609375 0.065625 0.071875
1 0.271875 0.40546875 0.053125 0.059375
1 0.32890625 0.3765625 0.065625 0.06875
1 0.5171875 0.1984375 0.071875 0.06875
2 0.22421875 0.76796875 0.065625 0.034375
2 0.22109375 0.9265625 0.071875 0.0296875
2 0.2203125 0.88359375 0.06875 0.034375
2 0.1328125 0.978125 0.071875 0.0375
2 0.13125 0.9328125 0.08125 0.034375
1 0.74921875 0.8359375 0.065625 0.04375
2 0.75078125 0.7703125 0.0609375 0.034375
2 0.75 0.73671875 0.0625 0.028125
2 0.74921875 0.7 0.0640625 0.03125
2 0.31640625 0.73203125 0.04375 0.0296875
1 0.87890625 0.61796875 0.040625 0.06875
1 0.17734375 0.3515625 0.0625 0.053125
1 0.41484375 0.33046875 0.053125 0.05625
1 0.38125 0.3046875 0.065625 0.0640625
1 0.21875 0.37734375 0.05625 0.05