1 0.9640625 0.6296875 0.0609375 0.0375
1 0.9625 0.68828125 0.0640625 0.0375
1 0.96484375 0.7484375 0.0625 0.0375
1 0.65234375 0.76875 0.03125 0.05
1 0.61171875 0.771875 0.0296875 0.05
1 0.56796875 0.7734375 0.03125 0.05
1 0.52421875 0.77734375 0.034375 0.04375
1 0.18671875 0.74765625 0.075 0.0375
1 0.1625 0.396875 0.090625 0.04375
1 0.16015625 0.4578125 0.0796875 0.0390625
1 0.171875 0.51640625 0.071875 0.0390625
1 0.16875 0.5796875 0.065625 0.034375
1 0.17109375 0.6328125 0.065625 0.028125
1 0.178125 0.68671875 0.0703125 0.0375
1 0.15546875 0.3390625 0.0640625 0.0390625
1 0.290625 0.44921875 0.065625 0.04375
1 0.29375 0.50859375 0.0765625 0.0453125
1 0.29609375 0.56953125 0.08125 0.04375
1 0.2953125 0.6234375 0.0625 0.028125
1 0.28359375 0.38828125 0.078125 0.04375
1 0.67421875 0.32109375 0.0328125 0.059375
1 0.6328125 0.3234375 0.0328125 0.05625
1 0.58984375 0.32734375 0.03125 0.05625
2 0.43203125 0.3359375 0.028125 0.053125
1 0.384375 0.3375 0.0359375 0.05
2 0.0421875 0.34765625 0.059375 0.034375
2 0.03984375 0.39296875 0.059375 0.0296875
2 0.046875 0.4421875 0.0515625 0.0328125
2 0.05625 0.6296875 0.0609375 0.034375
2 0.05859375 0.6796875 0.046875 0.028125
2 0.0625 0.725 0.05625 0.0296875
2 0.05390625 0.5375 0.0578125 0.0328125
2 0.05390625 0.58203125 0.05625 0.034375
2 0.04921875 0.4890625 0.059375 0.0296875
2 0.4796875 0.3328125 0.0328125 0.05625
1 0.80703125 0.65625 0.1625 0.25
1 0.38203125 0.7453125 0.2375 0.153125
0 0.53125 0.54765625 0.3 0.3