1 0.27734375 0.3265625 0.01640625 0.0359375
1 0.27109375 0.35703125 0.0125 0.03125
1 0.28828125 0.375 0.01484375 0.034375
2 0.8046875 0.575 0.01171875 0.01328125
1 0.26484375 0.40078125 0.01484375 0.03515625
0 0.6453125 0.54453125 0.36640625 0.52578125
2 0.79609375 0.63671875 0.0125 0.01484375
2 0.8984375 0.67734375 0.01328125 0.015625
1 0.28515625 0.46328125 0.01328125 0.03125
1 0.271875 0.45859375 0.01484375 0.03359375
1 0.2578125 0.45390625 0.0140625 0.0328125
2 0.2515625 0.5796875 0.0328125 0.0296875
1 0.29140625 0.60234375 0.02265625 0.0203125
2 0.3359375 0.62109375 0.021875 0.02109375
1 0.24609375 0.6109375 0.04140625 0.040625
2 0.33203125 0.64375 0.02265625 0.028125
2 0.77890625 0.80859375 0.01328125 0.03359375
2 0.790625 0.81328125 0.0140625 0.03359375
2 0.80234375 0.81796875 0.0140625 0.034375
2 0.6171875 0.765625 0.021875 0.02265625
2 0.646875 0.77578125 0.02265625 0.0203125
2 0.59453125 0.7578125 0.02421875 0.02421875
2 0.33203125 0.66875 0.02265625 0.025
2 0.703125 0.80234375 0.021875 0.025
0 0.290625 0.66015625 0.05390625 0.07578125
1 0.11640625 0.60078125 0.04296875 0.03984375
1 0.59375 0.77734375 0.02421875 0.0234375
2 0.32578125 0.6890625 0.0234375 0.02265625
0 0.784375 0.8515625 0.03828125 0.05390625
0 0.54765625 0.78203125 0.071875 0.096875
2 0.50234375 0.7703125 0.0203125 0.0203125
2 0.31875 0.71328125 0.02109375 0.0203125
2 0.590625 0.81171875 0.021875 0.02265625
1 0.2796875 0.71171875 0.04375 0.04375
1 0.76640625 0.8890625 0.01484375 0.0328125
2 0.778125 0.8953125 0.01484375 0.034375
2 0.78984375 0.9 0.0140625 0.03515625
2 0.31953125 0.7421875 0.01484375 0.0359375
1 0.5796875 0.834375 0.01953125 0.02109375
2 0.23515625 0.75859375 0.02265625 0.02578125
2 0.39453125 0.09765625 0.01875 0.01953125
2 0.5078125 0.1390625 0.01875 0.01953125
1 0.46875 0.14296875 0.01328125 0.03203125
2 0.52578125 0.16640625 0.0171875 0.01953125
1 0.36953125 0.1328125 0.02734375 0.06328125
2 0.40546875 0.1578125 0.02265625 0.02109375
1 0.7390625 0.2796875 0.01875 0.05
1 0.7765625 0.29453125 0.01953125 0.0515625
1 0.84375 0.321875 0.0203125 0.05
0 0.4953125 0.2109375 0.071875 0.09765625
1 0.740625 0.315625 0.0203125 0.0203125
1 0.77265625 0.32890625 0.02109375 0.01875
1 0.809375 0.3421875 0.0203125 0.01953125
1 0.73828125 0.3359375 0.021875 0.01953125
1 0.7703125 0.3484375 0.01953125 0.01875
1 0.80625 0.36171875 0.01953125 0.0203125
2 0.89375 0.40625 0.01015625 0.0125
1 0.4625 0.2578125 0.0140625 0.03203125
1 0.734375 0.35625 0.01953125 0.01796875
1 0.7671875 0.36953125 0.01953125 0.0203125
1 0.80234375 0.384375 0.01953125 0.02109375
2 0.503125 0.2828125 0.0125 0.028125
2 0.503125 0.315625 0.01875 0.02109375
