1 0.95390625 0.5890625 0.01171875 0.00703125
2 0.06640625 0.06015625 0.00546875 0.015625
1 0.41875 0.596875 0.0109375 0.00859375
2 0.05859375 0.06015625 0.00625 0.01796875
1 0.95390625 0.59921875 0.01015625 0.00703125
1 0.3546875 0.60234375 0.01015625 0.009375
1 0.1828125 0.6046875 0.0109375 0.009375
2 0.0515625 0.0609375 0.00625 0.01875
1 0.14921875 0.6046875 0.0109375 0.009375
1 0.759375 0.60859375 0.009375 0.009375
2 0.83828125 0.63359375 0.0125 0.0078125
2 0.83828125 0.6453125 0.01171875 0.00859375
2 0.76328125 0.06796875 0.00546875 0.01875
2 0.74296875 0.06796875 0.00625 0.01640625
2 0.7359375 0.06796875 0.00625 0.01796875
1 0.709375 0.68125 0.00625 0.01640625
2 0.7234375 0.06875 0.00546875 0.0140625
2 0.7296875 0.06875 0.00625 0.0171875
2 0.75546875 0.06875 0.0046875 0.015625
1 0.640625 0.6921875 0.009375 0.01171875
2 0.93125 0.071875 0.0109375 0.009375
0 0.7671875 0.71640625 0.02421875 0.0453125
2 0.95390625 0.71953125 0.01171875 0.0109375
2 0.409375 0.74609375 0.01171875 0.00703125
1 0.39375 0.746875 0.01171875 0.009375
1 0.25078125 0.74765625 0.0125 0.00859375
2 0.76015625 0.74921875 0.01171875 0.01171875
2 0.7734375 0.75 0.01171875 0.0125
0 0.85390625 0.07578125 0.03671875 0.06328125
2 0.39375 0.759375 0.01015625 0.009375
2 0.409375 0.759375 0.01015625 0.01171875
1 0.1109375 0.7640625 0.00625 0.0171875
2 0.95390625 0.76640625 0.01015625 0.009375
2 0.409375 0.771875 0.01015625 0.01171875
2 0.39296875 0.771875 0.0109375 0.0109375
2 0.409375 0.78515625 0.01015625 0.00859375
1 0.05390625 0.803125 0.00625 0.01796875
2 0.31953125 0.809375 0.01015625 0.009375
2 0.565625 0.81484375 0.01171875 0.009375
0 0.75859375 0.81796875 0.1375 0.08359375
1 0.03984375 0.8203125 0.01015625 0.009375
1 0.028125 0.821875 0.0109375 0.009375
1 0.0515625 0.82265625 0.0125 0.01015625
1 0.31015625 0.83046875 0.0046875 0.015625
2 0.659375 0.83203125 0.0109375 0.0078125
2 0.83203125 0.83828125 0.01015625 0.0078125
2 0.659375 0.84140625 0.01015625 0.00859375
2 0.4703125 0.84296875 0.0109375 0.009375
2 0.48359375 0.84296875 0.01015625 0.009375
2 0.403125 0.84375 0.009375 0.009375
2 0.4140625 0.84375 0.01171875 0.00859375
2 0.83203125 0.84765625 0.0109375 0.0078125
0 0.6125 0.84921875 0.06484375 0.1296875
2 0.309375 0.85078125 0.00546875 0.0171875
1 0.659375 0.85234375 0.0109375 0.00859375
2 0.48359375 0.853125 0.00859375 0.00703125
2 0.41484375 0.8546875 0.01015625 0.00703125
1 0.91015625 0.85703125 0.0109375 0.00859375
2 0.921875 0.85703125 0.0109375 0.0109375
2 0.41484375 0.8640625 0.0109375 0.00703125
2 0.48359375 0.86484375 0.0109375 0.009375
0 0.90859375 0.08671875 0.02265625 0.04375
2 0.921875 0.8671875 0.0109375 0.009375
1 0.91015625 0.8671875 0.01015625 0.009375
2 0.921875 0.87734375 0.0109375 0.009375
1 0.91015625 0.87734375 0.0109375 0.009375
1 0.80703125 0.878125 0.0109375 0.009375
2 0.73671875 0.08828125 0.00625 0.015625
2 0.76328125 0.08828125 0.00546875 0.015625
2 0.76875 0.08828125 0.00625 0.0171875
2 0.7296875 0.08828125 0.00625 0.015625
1 0.1515625 0.8859375 0.01171875 0.01171875
2 0.921875 0.8875 0.01015625 0.0078125
1 0.91015625 0.88828125 0.0109375 0.009375
2 0.74296875 0.0890625 0.00625 0.015625
2 0.75625 0.0890625 0.00546875 0.015625
2 0.7234375 0.0890625 0.00625 0.01640625
2 0.91015625 0.89765625 0.0109375 0.009375
2 0.921875 0.8984375 0.0109375 0.00859375
0 0.72890625 0.903125 0.04375 0.05546875
0 0.46953125 0.903125 0.04375 0.06015625
0 0.4015625 0.90625 0.04453125 0.06328125
2 0.88359375 0.090625 0.0109375 0.00859375
2 0.921875 0.90859375 0.01015625 0.009375
2 0.921875 0.9078125 0.0109375 0.009375
1 0.9109375 0.9078125 0.0109375 0.00859375
0 0.775 0.91171875 0.028125 0.0390625
2 0.8953125 0.91328125 0.0109375 0.00703125
2 0.87109375 0.915625 0.00546875 0.015625
2 0.86484375 0.915625 0.00625 0.0140625
2 0.87734375 0.915625 0.00546875 0.01640625
2 0.8578125 0.91640625 0.00546875 0.0171875
2 0.884375 0.91640625 0.00546875 0.015625
2 0.921875 0.91796875 0.0109375 0.009375
2 0.921875 0.91796875 0.0109375 0.00859375
2 0.9109375 0.91796875 0.0109375 0.009375
2 0.8953125 0.9234375 0.01015625 0.00859375
2 0.921875 0.92734375 0.01171875 0.0078125
2 0.921875 0.928125 0.0109375 0.00859375
2 0.91015625 0.928125 0.0109375 0.00859375
1 0.43125 0.92890625 0.01015625 0.00859375
1 0.5 0.92890625 0.0109375 0.009375
2 0.6375 0.9296875 0.00625 0.015625
2 0.61328125 0.93046875 0.00625 0.0171875
2 0.8953125 0.9328125 0.0109375 0.00703125
2 0.8640625 0.9328125 0.00703125 0.01640625
2 0.884375 0.93359375 0.0046875 0.01640625
2 0.87734375 0.93359375 0.00546875 0.01796875
2 0.87109375 0.93359375 0.00625 0.01796875
2 0.8578125 0.93359375 0.00546875 0.015625
2 0.8515625 0.934375 0.0046875 0.01640625
1 0.84453125 0.934375 0.00546875 0.0171875
2 0.884375 0.103125 0.0109375 0.00703125
2 0.77578125 0.10625 0.00703125 0.015625
1 0.7234375 0.10625 0.00703125 0.01796875
1 0.8265625 0.10546875 0.01015625 0.00859375
2 0.74921875 0.10625 0.00625 0.01640625
2 0.7625 0.10625 0.0046875 0.0140625
2 0.75625 0.10703125 0.00546875 0.015625
2 0.76953125 0.10703125 0.00546875 0.01796875
1 0.7296875 0.10703125 0.00703125 0.01796875
1 0.73671875 0.10703125 0.00625 0.015625
1 0.74296875 0.1078125 0.00625 0.01875
2 0.88359375 0.1125 0.009375 0.0078125
1 0.71015625 0.11640625 0.0109375 0.009375
1 0.90703125 0.11953125 0.0109375 0.009375
1 0.68125 0.1390625 0.0109375 0.009375
2 0.62421875 0.1484375 0.01015625 0.009375
2 0.68046875 0.15 0.0109375 0.009375
1 0.68125 0.16015625 0.01015625 0.00703125
2 0.6234375 0.1609375 0.009375 0.0078125
2 0.6109375 0.16171875 0.0109375 0.01171875
0 0.3 0.16328125 0.034375 0.09609375
2 0.334375 0.16796875 0.01015625 0.0078125
2 0.6234375 0.1734375 0.0109375 0.009375
2 0.59609375 0.1734375 0.0109375 0.009375
2 0.61015625 0.17421875 0.01015625 0.0078125
2 0.68125 0.17578125 0.0109375 0.009375
1 0.66484375 0.17734375 0.01171875 0.009375
2 0.33515625 0.17890625 0.0109375 0.00859375
2 0.62421875 0.18671875 0.01015625 0.00859375
2 0.61015625 0.18671875 0.01171875 0.01015625
2 0.33515625 0.18828125 0.01171875 0.00859375
1 0.28046875 0.19921875 0.0078125 0.01953125
0 0.8546875 0.2078125 0.0375 0.0640625
2 0.403125 0.2109375 0.0109375 0.00859375
1 0.68125 0.21171875 0.01015625 0.009375
1 0.825 0.22265625 0.00546875 0.0171875
2 0.40234375 0.22421875 0.009375 0.0078125
0 0.75703125 0.23671875 0.1046875 0.1625
2 0.403125 0.23671875 0.01171875 0.00703125
1 0.84765625 0.24765625 0.00859375 0.009375
1 0.68203125 0.24921875 0.0109375 0.009375
2 0.65703125 0.25 0.0109375 0.009375
1 0.66796875 0.24921875 0.0109375 0.009375
1 0.4171875 0.2609375 0.01015625 0.01015625
2 0.66875 0.2609375 0.0109375 0.009375
1 0.29921875 0.26171875 0.0109375 0.009375
2 0.68125 0.26171875 0.01015625 0.00859375
2 0.32109375 0.0265625 0.0109375 0.00859375
2 0.68125 0.2765625 0.01015625 0.009375
1 0.82890625 0.28046875 0.00703125 0.01796875
2 0.7890625 0.0296875 0.00546875 0.01796875
2 0.86328125 0.03046875 0.01015625 0.00859375
0 0.8546875 0.29921875 0.0375 0.0703125
1 0.509375 0.30703125 0.0125 0.01171875
2 0.07265625 0.03203125 0.00546875 0.015625
2 0.06640625 0.03203125 0.00625 0.0171875
1 0.696875 0.3140625 0.0109375 0.0109375
2 0.54140625 0.03203125 0.0109375 0.00859375
2 0.8140625 0.0328125 0.00625 0.015625
1 0.5109375 0.33671875 0.01015625 0.01015625
1 0.83984375 0.34296875 0.00703125 0.01640625
2 0.55859375 0.3515625 0.01015625 0.00859375
0 0.36875 0.35859375 0.1171875 0.178125
2 0.559375 0.36171875 0.0109375 0.00703125
1 0.5109375 0.36640625 0.01015625 0.01015625
2 0.55859375 0.371875 0.01015625 0.0078125
2 0.55859375 0.38125 0.0109375 0.009375
2 0.5109375 0.38203125 0.01015625 0.009375
2 0.03828125 0.39140625 0.0109375 0.009375
2 0.0515625 0.390625 0.01171875 0.00859375
2 0.55859375 0.3921875 0.01171875 0.00859375
2 0.95390625 0.39375 0.0125 0.01015625
2 0.0640625 0.403125 0.01171875 0.01015625
2 0.025 0.403125 0.01328125 0.009375
1 0.05234375 0.403125 0.0109375 0.009375
2 0.03828125 0.40390625 0.0109375 0.0078125
2 0.0859375 0.4046875 0.00703125 0.01640625
1 0.51171875 0.40546875 0.0109375 0.00859375
1 0.8328125 0.4109375 0.01328125 0.00859375
2 0.559375 0.4125 0.009375 0.009375
1 0.0515625 0.415625 0.0109375 0.009375
1 0.0640625 0.415625 0.0125 0.0109375
1 0.03828125 0.41640625 0.0109375 0.00859375
2 0.025 0.41640625 0.0109375 0.0078125
2 0.55859375 0.42265625 0.01015625 0.009375
2 0.321875 0.04296875 0.0109375 0.009375
2 0.559375 0.4328125 0.01015625 0.009375
2 0.54140625 0.0453125 0.0109375 0.0078125
2 0.46015625 0.45546875 0.00703125 0.0140625
1 0.48671875 0.45546875 0.0046875 0.015625
2 0.4796875 0.45625 0.00546875 0.01484375
2 0.46640625 0.45625 0.00625 0.01640625
2 0.43359375 0.45703125 0.00703125 0.015625
2 0.446875 0.45703125 0.00625 0.01796875
2 0.440625 0.45703125 0.00625 0.01796875
2 0.453125 0.45703125 0.00703125 0.0171875
0 0.03984375 0.45859375 0.040625 0.06875
1 0.28984375 0.46171875 0.0109375 0.00859375
2 0.55859375 0.46328125 0.009375 0.00859375
2 0.41796875 0.46484375 0.01015625 0.01171875
1 0.06484375 0.46484375 0.00546875 0.0171875
1 0.3046875 0.46796875 0.009375 0.00859375
1 0.14921875 0.46953125 0.01015625 0.0078125
2 0.4 0.4703125 0.01015625 0.00859375
1 0.28984375 0.4703125 0.0109375 0.00859375
2 0.4859375 0.47578125 0.00625 0.015625
2 0.46015625 0.4765625 0.0046875 0.01328125
1 0.49296875 0.4765625 0.0046875 0.015625
2 0.47265625 0.4765625 0.0046875 0.015625
2 0.4796875 0.4765625 0.00625 0.01640625
2 0.453125 0.4765625 0.0046875 0.015625
2 0.44609375 0.47734375 0.0046875 0.015625
2 0.43984375 0.47734375 0.00390625 0.01640625
2 0.46640625 0.47734375 0.00546875 0.01796875
2 0.69609375 0.04765625 0.00859375 0.009375
2 0.425 0.4796875 0.01171875 0.0078125
2 0.4 0.4796875 0.0109375 0.00859375
2 0.28984375 0.48125 0.01015625 0.00703125
0 0.1046875 0.48515625 0.0640625 0.128125
0 0.196875 0.48515625 0.0625 0.12578125
1 0.4125 0.48828125 0.009375 0.0078125
2 0.4 0.48984375 0.0109375 0.00859375
2 0.425 0.48984375 0.0109375 0.00859375
1 0.290625 0.490625 0.01171875 0.00859375
2 0.27890625 0.49140625 0.01015625 0.0078125
1 0.02421875 0.49921875 0.00546875 0.01953125
1 0.4140625 0.5 0.01171875 0.00859375
1 0.42421875 0.5 0.0125 0.009375
1 0.14921875 0.50078125 0.0109375 0.009375
1 0.4015625 0.50078125 0.01328125 0.0078125
1 0.03515625 0.50234375 0.009375 0.01015625
1 0.49296875 0.50234375 0.00625 0.015625
2 0.0484375 0.503125 0.01015625 0.009375
1 0.06171875 0.503125 0.01015625 0.009375
1 0.4 0.5109375 0.009375 0.009375
1 0.71015625 0.51484375 0.00703125 0.01796875
2 0.93125 0.0515625 0.0109375 0.0078125
2 0.9171875 0.05234375 0.0109375 0.009375
2 0.88359375 0.053125 0.0109375 0.0109375
2 0.4 0.5203125 0.01015625 0.0078125
1 0.95390625 0.5203125 0.01015625 0.009375
1 0.2875 0.5203125 0.00703125 0.01953125
1 0.49296875 0.52109375 0.00625 0.015625
0 0.4609375 0.52421875 0.05546875 0.06171875
2 0.90234375 0.053125 0.0109375 0.009375
1 0.40078125 0.53046875 0.01171875 0.00703125
2 0.953125 0.5328125 0.01171875 0.01015625
1 0.3984375 0.540625 0.009375 0.00859375
1 0.49296875 0.54140625 0.00546875 0.01484375
1 0.95390625 0.54609375 0.01015625 0.0078125
1 0.95390625 0.55859375 0.0109375 0.009375
2 0.83125 0.56484375 0.01171875 0.009375
