1 0.3421875 0.571875 0.01015625 0.00703125
1 0.36015625 0.5734375 0.01015625 0.0078125
1 0.36015625 0.58125 0.01015625 0.00703125
2 0.0296875 0.58203125 0.01484375 0.0375
2 0.04140625 0.58359375 0.00390625 0.01796875
1 0.42109375 0.596875 0.009375 0.00703125
2 0.26953125 0.603125 0.009375 0.0078125
1 0.1765625 0.60625 0.00390625 0.0171875
2 0.02421875 0.60625 0.01015625 0.0078125
2 0.03671875 0.60703125 0.00859375 0.00703125
2 0.740625 0.06171875 0.009375 0.00703125
1 0.26875 0.6109375 0.00859375 0.00546875
1 0.69765625 0.61171875 0.00546875 0.01640625
1 0.1796875 0.06171875 0.01171875 0.009375
1 0.2703125 0.6171875 0.01015625 0.0078125
2 0.7609375 0.625 0.0046875 0.015625
2 0.26953125 0.62578125 0.01015625 0.00625
1 0.20390625 0.06328125 0.009375 0.00625
1 0.26015625 0.06328125 0.0109375 0.00703125
1 0.859375 0.06640625 0.00625 0.015625
2 0.1015625 0.0671875 0.009375 0.00625
1 0.6890625 0.6890625 0.00546875 0.01953125
1 0.1796875 0.07109375 0.01171875 0.009375
2 0.259375 0.07109375 0.009375 0.00703125
2 0.740625 0.07265625 0.009375 0.00703125
1 0.27265625 0.07265625 0.01015625 0.00703125
2 0.73046875 0.07421875 0.00859375 0.00703125
1 0.21953125 0.7484375 0.0046875 0.0171875
1 0.28515625 0.075 0.01015625 0.00546875
0 0.8046875 0.07578125 0.08828125 0.1015625
0 0.25234375 0.76953125 0.06015625 0.0640625
1 0.20390625 0.07734375 0.01015625 0.00703125
1 0.1875 0.77578125 0.00859375 0.00546875
1 0.1984375 0.77578125 0.00859375 0.0046875
2 0.7015625 0.078125 0.009375 0.00703125
1 0.271875 0.07890625 0.01015625 0.00546875
2 0.75234375 0.07890625 0.009375 0.00703125
1 0.259375 0.0796875 0.009375 0.00703125
1 0.66171875 0.790625 0.0109375 0.009375
1 0.203125 0.79296875 0.00546875 0.01328125
1 0.20859375 0.79375 0.00546875 0.01328125
2 0.5203125 0.79375 0.009375 0.01015625
2 0.57109375 0.79453125 0.0109375 0.0046875
1 0.59609375 0.79453125 0.01015625 0.0046875
1 0.1796875 0.08046875 0.0109375 0.0078125
1 0.19140625 0.08125 0.01015625 0.0078125
2 0.9375 0.81875 0.0046875 0.01640625
2 0.740625 0.0828125 0.009375 0.00546875
1 0.28515625 0.0828125 0.0109375 0.0078125
0 0.8140625 0.82890625 0.1390625 0.090625
0 0.5375 0.8296875 0.04609375 0.0578125
0 0.58125 0.8296875 0.0421875 0.059375
1 0.7296875 0.0828125 0.01015625 0.00546875
1 0.6953125 0.84765625 0.00390625 0.0140625
2 0.03828125 0.08515625 0.0109375 0.00625
2 0.753125 0.08515625 0.01015625 0.00859375
0 0.6609375 0.859375 0.05859375 0.12109375
2 0.94765625 0.86328125 0.06796875 0.02109375
1 0.59765625 0.86328125 0.0109375 0.00703125
2 0.26015625 0.0875 0.01015625 0.00625
2 0.740625 0.8828125 0.0046875 0.01640625
1 0.8265625 0.88359375 0.01015625 0.00546875
2 0.840625 0.884375 0.0109375 0.00546875
1 0.8203125 0.89140625 0.0109375 0.009375
1 0.1921875 0.08984375 0.01015625 0.00625
2 0.959375 0.89296875 0.0046875 0.015625
1 0.28515625 0.08984375 0.01015625 0.00625
2 0.74140625 0.9 0.00390625 0.01171875
1 0.70546875 0.90078125 0.01015625 0.00625
0 0.77578125 0.90078125 0.059375 0.0515625
2 0.696875 0.9015625 0.003125 0.01328125
0 0.8359375 0.90859375 0.01796875 0.0375
1 0.8203125 0.909375 0.0109375 0.0078125
2 0.8515625 0.91328125 0.009375 0.0078125
2 0.8109375 0.92109375 0.0046875 0.01484375
2 0.80625 0.92109375 0.003125 0.01328125
2 0.740625 0.92109375 0.00390625 0.01328125
1 0.890625 0.9234375 0.01171875 0.009375
1 0.7296875 0.09296875 0.009375 0.00703125
2 0.73984375 0.09296875 0.009375 0.00546875
1 0.37578125 0.934375 0.0109375 0.009375
0 0.23125 0.0953125 0.03984375 0.08984375
1 0.26015625 0.096875 0.009375 0.00546875
1 0.1921875 0.096875 0.01015625 0.00703125
1 0.28515625 0.09765625 0.0109375 0.00703125
2 0.71171875 0.1 0.00546875 0.015625
1 0.1921875 0.10546875 0.0109375 0.00703125
1 0.2046875 0.10546875 0.009375 0.00625
1 0.284375 0.10546875 0.009375 0.00703125
2 0.18046875 0.10546875 0.01015625 0.0078125
1 0.72734375 0.1078125 0.00546875 0.015625
1 0.740625 0.1078125 0.00625 0.01875
1 0.734375 0.1078125 0.00546875 0.01640625
2 0.27265625 0.109375 0.00859375 0.00703125
2 0.0421875 0.11015625 0.00546875 0.015625
1 0.31875 0.1109375 0.0046875 0.015625
1 0.8671875 0.1109375 0.0109375 0.00546875
1 0.18046875 0.1125 0.01015625 0.00703125
1 0.1921875 0.11328125 0.0109375 0.0078125
2 0.20390625 0.11328125 0.0078125 0.0078125
1 0.28515625 0.11328125 0.01015625 0.00703125
2 0.271875 0.11796875 0.00859375 0.00546875
1 0.259375 0.11796875 0.009375 0.00546875
2 0.1484375 0.1203125 0.0046875 0.01484375
1 0.2046875 0.12109375 0.01015625 0.00703125
1 0.27265625 0.12578125 0.0109375 0.00625
1 0.19296875 0.1265625 0.01015625 0.00703125
2 0.2609375 0.12734375 0.00703125 0.00546875
1 0.1421875 0.12734375 0.0046875 0.01484375
1 0.3515625 0.12734375 0.009375 0.00703125
1 0.1859375 0.1296875 0.0046875 0.01484375
2 0.20390625 0.13125 0.01015625 0.00703125
1 0.76796875 0.13203125 0.01015625 0.00703125
0 0.59765625 0.13203125 0.02578125 0.0515625
1 0.271875 0.13359375 0.009375 0.0046875
1 0.19296875 0.13359375 0.009375 0.00703125
1 0.83046875 0.13515625 0.0109375 0.00859375
2 0.1484375 0.13671875 0.00546875 0.015625
1 0.78828125 0.13828125 0.00546875 0.0140625
1 0.20390625 0.13828125 0.009375 0.00703125
1 0.81953125 0.14140625 0.00546875 0.01484375
1 0.26015625 0.1421875 0.009375 0.00703125
1 0.15546875 0.14296875 0.00390625 0.01484375
2 0.8046875 0.14296875 0.00546875 0.01328125
2 0.7703125 0.14453125 0.00390625 0.0140625
1 0.83046875 0.146875 0.00859375 0.00703125
2 0.271875 0.1484375 0.009375 0.00625
1 0.18984375 0.15 0.0109375 0.00703125
2 0.27265625 0.15546875 0.01015625 0.00546875
1 0.26328125 0.15703125 0.00390625 0.0140625
1 0.2578125 0.15703125 0.0046875 0.01640625
1 0.253125 0.15703125 0.00546875 0.01484375
1 0.81953125 0.15859375 0.0046875 0.0140625
1 0.78359375 0.159375 0.00390625 0.01484375
1 0.2484375 0.16015625 0.00390625 0.01328125
1 0.30390625 0.16015625 0.0109375 0.0078125
1 0.18984375 0.16015625 0.01171875 0.0078125
2 0.73515625 0.165625 0.00390625 0.01328125
2 0.759375 0.165625 0.00390625 0.01328125
1 0.21953125 0.1671875 0.01015625 0.0078125
1 0.60234375 0.16796875 0.0046875 0.0171875
1 0.596875 0.16796875 0.00546875 0.01640625
1 0.7640625 0.16875 0.00390625 0.015625
1 0.8140625 0.1734375 0.0046875 0.015625
1 0.23984375 0.17421875 0.009375 0.00625
0 0.19375 0.17421875 0.01484375 0.015625
1 0.2609375 0.17578125 0.01015625 0.00625
2 0.22265625 0.1765625 0.01328125 0.0078125
2 0.93515625 0.17890625 0.0046875 0.015625
2 0.05625 0.1828125 0.009375 0.0046875
2 0.196875 0.18671875 0.009375 0.00703125
1 0.34296875 0.1875 0.009375 0.00546875
2 0.2265625 0.1875 0.01328125 0.009375
2 0.27109375 0.18828125 0.0078125 0.00546875
1 0.05703125 0.18984375 0.009375 0.00546875
2 0.9359375 0.1953125 0.00625 0.01640625
2 0.92890625 0.19609375 0.00546875 0.01640625
2 0.9203125 0.196875 0.0046875 0.01640625
2 0.60625 0.2015625 0.0046875 0.01484375
2 0.9203125 0.2125 0.0046875 0.01640625
1 0.60546875 0.21796875 0.0046875 0.0140625
0 0.93828125 0.228125 0.0265625 0.04609375
2 0.60546875 0.234375 0.0046875 0.0171875
0 0.7765625 0.25078125 0.0921875 0.1421875
1 0.7546875 0.02734375 0.0109375 0.00546875
1 0.73125 0.0296875 0.01015625 0.00703125
1 0.71640625 0.0296875 0.009375 0.00546875
1 0.86015625 0.03125 0.00625 0.01796875
1 0.8859375 0.3125 0.00546875 0.01484375
2 0.6875 0.03203125 0.00546875 0.01484375
2 0.70390625 0.0328125 0.0046875 0.01328125
2 0.79765625 0.3296875 0.0046875 0.01328125
1 0.75390625 0.03515625 0.01015625 0.0078125
1 0.17890625 0.0375 0.0109375 0.009375
2 0.71796875 0.03828125 0.009375 0.00625
1 0.19140625 0.03828125 0.01171875 0.009375
2 0.24765625 0.0390625 0.01015625 0.0078125
1 0.27578125 0.03984375 0.01953125 0.0203125
2 0.72890625 0.03984375 0.01015625 0.00625
1 0.19375 0.40703125 0.0046875 0.015625
1 0.34453125 0.4078125 0.01328125 0.00703125
1 0.509375 0.40859375 0.0046875 0.01875
1 0.290625 0.04140625 0.00546875 0.0171875
1 0.34453125 0.41640625 0.0109375 0.00703125
2 0.11953125 0.43359375 0.0109375 0.00625
2 0.10625 0.4359375 0.00625 0.01953125
1 0.20234375 0.4359375 0.00859375 0.0109375
1 0.37421875 0.43671875 0.0109375 0.0046875
2 0.11875 0.4421875 0.00859375 0.00703125
2 0.5109375 0.45703125 0.00390625 0.01328125
2 0.50703125 0.45703125 0.00546875 0.01328125
2 0.1046875 0.46015625 0.00390625 0.01640625
2 0.72890625 0.046875 0.009375 0.00625
2 0.73671875 0.046875 0.00546875 0.015625
2 0.21796875 0.04609375 0.01015625 0.00703125
1 0.1796875 0.046875 0.01171875 0.009375
1 0.19140625 0.046875 0.0109375 0.00859375
1 0.74296875 0.046875 0.00390625 0.0171875
1 0.3125 0.0484375 0.0109375 0.00703125
2 0.0890625 0.4828125 0.009375 0.00703125
2 0.70390625 0.0484375 0.0046875 0.01484375
2 0.35625 0.48671875 0.003125 0.01328125
1 0.36171875 0.48671875 0.00390625 0.01640625
2 0.0625 0.4890625 0.00859375 0.0078125
1 0.3515625 0.49296875 0.0046875 0.015625
1 0.34609375 0.49375 0.00390625 0.01328125
0 0.2734375 0.49453125 0.11875 0.1765625
2 0.34140625 0.49453125 0.00390625 0.01328125
1 0.36796875 0.50234375 0.00546875 0.0171875
2 0.6390625 0.05078125 0.009375 0.009375
2 0.378125 0.503125 0.00625 0.0140625
1 0.36328125 0.503125 0.00546875 0.0171875
2 0.37421875 0.503125 0.0046875 0.0109375
2 0.5078125 0.5046875 0.009375 0.00625
1 0.19296875 0.50546875 0.0046875 0.01484375
1 0.19921875 0.50625 0.0046875 0.015625
2 0.20625 0.50625 0.00546875 0.01484375
2 0.18828125 0.50625 0.003125 0.01328125
0 0.13203125 0.50703125 0.02734375 0.04765625
2 0.50859375 0.51328125 0.00859375 0.00546875
2 0.1015625 0.05234375 0.00859375 0.00625
2 0.57421875 0.5203125 0.009375 0.0078125
1 0.753125 0.05234375 0.009375 0.00703125
2 0.41484375 0.52578125 0.009375 0.00625
2 0.059375 0.52734375 0.009375 0.00546875
2 0.0515625 0.52890625 0.00390625 0.015625
1 0.17890625 0.05390625 0.0109375 0.009375
2 0.06015625 0.54140625 0.01015625 0.00546875
1 0.1921875 0.0546875 0.0109375 0.00859375
2 0.72734375 0.0546875 0.00859375 0.00625
2 0.0953125 0.553125 0.00546875 0.0203125
2 0.20390625 0.05546875 0.01015625 0.00703125
1 0.26015625 0.05546875 0.01015625 0.00703125
1 0.38125 0.5546875 0.01015625 0.00546875
2 0.0421875 0.559375 0.0046875 0.0171875
0 0.05625 0.5640625 0.01640625 0.03828125
