2 0.7296875 0.52265625 0.0125 0.009375
1 0.71015625 0.52578125 0.00546875 0.0109375
1 0.74609375 0.53046875 0.0046875 0.01328125
1 0.62890625 0.54765625 0.00625 0.0125
1 0.5140625 0.5734375 0.0109375 0.00859375
1 0.4328125 0.58125 0.00625 0.01484375
1 0.40546875 0.58828125 0.009375 0.00859375
0 0.0734375 0.6125 0.0140625 0.01796875
1 0.40859375 0.6140625 0.01171875 0.00859375
1 0.51796875 0.6109375 0.0109375 0.01015625
0 0.0296875 0.63203125 0.02265625 0.03515625
2 0.1171875 0.07734375 0.00703125 0.01796875
1 0.51796875 0.6203125 0.009375 0.00859375
0 0.9 0.609375 0.0359375 0.0515625
2 0.365625 0.82890625 0.01015625 0.009375
2 0.40546875 0.828125 0.0109375 0.009375
2 0.50703125 0.825 0.01171875 0.00859375
2 0.4453125 0.82734375 0.01015625 0.0125
2 0.4703125 0.8265625 0.009375 0.01328125
2 0.3828125 0.8296875 0.0109375 0.01015625
2 0.41953125 0.82890625 0.0109375 0.01015625
2 0.5625 0.8234375 0.01015625 0.00859375
2 0.54921875 0.825 0.00703125 0.0078125
2 0.5234375 0.8265625 0.01015625 0.0078125
0 0.0453125 0.85625 0.0296875 0.02890625
2 0.38359375 0.8609375 0.009375 0.0078125
2 0.40625 0.86015625 0.0109375 0.009375
2 0.42421875 0.86015625 0.0125 0.009375
2 0.47109375 0.85859375 0.0125 0.00859375
2 0.36640625 0.86328125 0.0109375 0.01015625
2 0.44765625 0.859375 0.01328125 0.009375
2 0.5640625 0.8546875 0.0078125 0.009375
2 0.509375 0.85703125 0.009375 0.0078125
2 0.5234375 0.85703125 0.0109375 0.00859375
2 0.55078125 0.85703125 0.0125 0.00703125
0 0.75625 0.91484375 0.02421875 0.03359375
2 0.365625 0.9671875 0.00859375 0.00703125
2 0.5109375 0.96171875 0.0078125 0.0078125
2 0.38125 0.96796875 0.00859375 0.00859375
2 0.3953125 0.96796875 0.009375 0.00625
2 0.409375 0.9671875 0.00703125 0.00625
2 0.52578125 0.9625 0.0109375 0.00703125
2 0.4375 0.965625 0.009375 0.00859375
2 0.47421875 0.96484375 0.0125 0.00703125
2 0.4546875 0.965625 0.00859375 0.00625
2 0.46484375 0.965625 0.00703125 0.0078125
2 0.41875 0.9671875 0.00703125 0.00703125
2 0.446875 0.96640625 0.00703125 0.00625
0 0.81015625 0.953125 0.01640625 0.0203125
0 0.01875 0.1296875 0.0265625 0.01953125
1 0.17109375 0.21328125 0.01171875 0.0171875
1 0.18515625 0.2125 0.0125 0.02109375
0 0.14140625 0.215625 0.01484375 0.01796875
1 0.23203125 0.22265625 0.01328125 0.01796875
1 0.246875 0.2234375 0.01171875 0.01796875
1 0.87890625 0.203125 0.00703125 0.0140625
1 0.18515625 0.24609375 0.00390625 0.0109375
1 0.17421875 0.246875 0.0046875 0.01171875
1 0.1671875 0.24765625 0.00546875 0.01328125
0 0.3140625 0.24296875 0.02890625 0.05078125
1 0.159375 0.25078125 0.0046875 0.01015625
1 0.15703125 0.2671875 0.0046875 0.0125
0 0.87109375 0.2390625 0.03671875 0.04453125
0 0.18125 0.27578125 0.03828125 0.03515625
1 0.8421875 0.25078125 0.0109375 0.0078125
1 0.903125 0.25 0.009375 0.00625
0 0.234375 0.284375 0.0453125 0.05703125
1 0.31484375 0.29375 0.00859375 0.01875
1 0.73671875 0.28359375 0.003125 0.0078125
1 0.7359375 0.30390625 0.00625 0.01328125
1 0.1390625 0.340625 0.01171875 0.00859375
1 0.2328125 0.3390625 0.0140625 0.00859375
1 0.25703125 0.3375 0.0171875 0.0109375
1 0.903125 0.321875 0.003125 0.003125
1 0.234375 0.3515625 0.01484375 0.01015625
1 0.8671875 0.32578125 0.00625 0.00390625
1 0.259375 0.35234375 0.01640625 0.01015625
1 0.903125 0.3265625 0.0046875 0.003125
1 0.6953125 0.3390625 0.009375 0.0171875
1 0.68125 0.34140625 0.00703125 0.0125
1 0.84296875 0.3359375 0.00390625 0.00859375
1 0.234375 0.36484375 0.01484375 0.00859375
1 0.25859375 0.36484375 0.01640625 0.00859375
0 0.8703125 0.353125 0.03046875 0.0328125
1 0.84375 0.35390625 0.0046875 0.0078125
1 0.171875 0.38515625 0.00625 0.0109375
1 0.25546875 0.3828125 0.00703125 0.009375
1 0.240625 0.38359375 0.00859375 0.01328125
1 0.1796875 0.3859375 0.00390625 0.00859375
1 0.19375 0.3859375 0.00625 0.0109375
1 0.2703125 0.38203125 0.00859375 0.0109375
1 0.225 0.384375 0.00625 0.01015625
1 0.2171875 0.384375 0.00703125 0.0109375
1 0.2484375 0.38359375 0.00703125 0.01328125
1 0.26328125 0.3828125 0.009375 0.01171875
1 0.278125 0.3828125 0.009375 0.01171875
1 0.1875 0.38671875 0.00546875 0.0109375
1 0.2015625 0.3859375 0.00546875 0.0125
1 0.2328125 0.38515625 0.00625 0.01328125
1 0.209375 0.3859375 0.00625 0.01171875
1 0.85 0.3640625 0.00390625 0.00234375
1 0.89296875 0.3640625 0.00625 0.0109375
1 0.85 0.3703125 0.003125 0.003125
1 0.8625 0.37421875 0.00546875 0.0015625
1 0.87890625 0.37421875 0.0046875 0.003125
1 0.89453125 0.378125 0.00390625 0.0078125
1 0.884375 0.38203125 0.00625 0.003125
1 0.63125 0.403125 0.01015625 0.00625
1 0.603125 0.45625 0.0125 0.00859375
1 0.24296875 0.47578125 0.0046875 0.01328125
1 0.2125 0.4765625 0.00703125 0.0125
1 0.2265625 0.4765625 0.00859375 0.01328125
1 0.19609375 0.478125 0.00703125 0.0125
1 0.25703125 0.47578125 0.0078125 0.01328125
1 0.20390625 0.478125 0.00703125 0.0109375
1 0.25078125 0.4765625 0.0078125 0.0140625
1 0.23359375 0.47734375 0.009375 0.015625
1 0.21875 0.478125 0.00625 0.0109375
0 0.0390625 0.06640625 0.02109375 0.0171875
0 0.56328125 0.46640625 0.0109375 0.015625
0 0.57734375 0.4671875 0.0109375 0.01328125
1 0.10234375 0.515625 0.0125 0.00859375
1 0.63203125 0.4953125 0.009375 0.00859375
1 0.24375 0.5359375 0.00703125 0.0140625
1 0.20625 0.5375 0.00625 0.01328125
1 0.1984375 0.53828125 0.00625 0.01328125
1 0.2515625 0.5359375 0.01015625 0.0171875
1 0.22109375 0.5375 0.00859375 0.01484375
1 0.22890625 0.5375 0.00859375 0.0109375
1 0.21328125 0.53828125 0.00625 0.0109375
1 0.2359375 0.5375 0.00625 0.01484375
1 0.26015625 0.53671875 0.009375 0.01328125
