1 0.3890625 0.75859375 0.05546875 0.05546875
1 0.203125 0.83046875 0.0734375 0.034375
1 0.20625 0.88515625 0.07578125 0.05546875
1 0.175 0.1328125 0.06875 0.05859375
1 0.2828125 0.1375 0.06015625 0.053125
1 0.48515625 0.2046875 0.046875 0.0359375
1 0.6984375 0.21875 0.08359375 0.06328125
2 0.81015625 0.21953125 0.05625 0.02578125
2 0.88671875 0.265625 0.06953125 0.02265625
1 0.69375 0.284375 0.0875 0.0671875
1 0.49609375 0.29140625 0.08359375 0.06171875
1 0.89609375 0.3078125 0.08828125 0.0625
2 0.890625 0.3578125 0.0703125 0.03046875
2 0.4078125 0.40703125 0.06640625 0.03125
1 0.57890625 0.4265625 0.053125 0.075
2 0.3515625 0.428125 0.0546875 0.01796875
2 0.1328125 0.490625 0.0421875 0.028125
1 0.8640625 0.53359375 0.04765625 0.0359375
1 0.74453125 0.53984375 0.04140625 0.028125
2 0.753125 0.54921875 0.0734375 0.021875
2 0.2921875 0.55234375 0.05625 0.02890625
2 0.23125 0.571875 0.05703125 0.0296875
2 0.653125 0.58203125 0.071875 0.0609375
1 0.8140625 0.6140625 0.240625 0.109375
1 0.39140625 0.64453125 0.06953125 0.05703125
