2 0.26015625 0.95390625 0.009375 0.01171875
2 0.609375 0.10625 0.02421875 0.03359375
2 0.659375 0.1078125 0.00859375 0.015625
2 0.778125 0.1109375 0.021875 0.03046875
2 0.2328125 0.1234375 0.02421875 0.0328125
2 0.66015625 0.1234375 0.009375 0.01015625
2 0.65859375 0.1390625 0.00859375 0.0140625
2 0.41484375 0.140625 0.00625 0.02890625
2 0.43203125 0.140625 0.00546875 0.02890625
2 0.40703125 0.14140625 0.00546875 0.0296875
2 0.42265625 0.14140625 0.00546875 0.0296875
2 0.71484375 0.1421875 0.009375 0.01328125
2 0.60859375 0.14609375 0.0234375 0.034375
2 0.765625 0.1484375 0.0234375 0.03515625
1 0.34609375 0.15234375 0.03203125 0.103125
1 0.38203125 0.15625 0.0328125 0.1
2 0.659375 0.15703125 0.009375 0.0125
0 0.68828125 0.15703125 0.028125 0.06796875
2 0.7140625 0.16484375 0.00859375 0.01328125
2 0.66015625 0.175 0.009375 0.01171875
1 0.85703125 0.18046875 0.00703125 0.034375
2 0.60859375 0.1828125 0.0234375 0.03515625
2 0.76640625 0.18359375 0.02421875 0.0328125
1 0.83671875 0.184375 0.02265625 0.07421875
1 0.9453125 0.18671875 0.00625 0.03125
2 0.66015625 0.18984375 0.009375 0.01171875
1 0.46328125 0.18984375 0.00703125 0.0359375
1 0.55078125 0.1953125 0.0046875 0.03359375
1 0.56953125 0.196875 0.0234375 0.07421875
1 0.0703125 0.19765625 0.00703125 0.0328125
2 0.71796875 0.203125 0.00546875 0.02734375
2 0.72421875 0.203125 0.0046875 0.02421875
1 0.1796875 0.20546875 0.021875 0.08046875
1 0.16015625 0.20703125 0.00546875 0.02890625
2 0.7109375 0.3421875 0.0046875 0.02265625
0 0.509375 0.3609375 0.0234375 0.06796875
0 0.48203125 0.3625 0.021875 0.0703125
0 0.61640625 0.3625 0.02421875 0.0703125
0 0.5640625 0.36328125 0.02109375 0.06484375
0 0.64375 0.36328125 0.02421875 0.0734375
0 0.375 0.365625 0.0234375 0.06640625
0 0.590625 0.365625 0.025 0.06640625
0 0.4546875 0.36640625 0.0234375 0.07265625
0 0.53671875 0.365625 0.0203125 0.059375
0 0.4015625 0.36640625 0.0234375 0.06875
0 0.42734375 0.36640625 0.0234375 0.06875
2 0.315625 0.3671875 0.00625 0.03125
2 0.26015625 0.3671875 0.00546875 0.02890625
0 0.6828125 0.371875 0.02578125 0.06328125
2 0.18671875 0.3734375 0.0046875 0.025
2 0.175 0.3734375 0.00390625 0.02734375
2 0.1921875 0.3734375 0.00390625 0.02734375
2 0.18125 0.3734375 0.0046875 0.0265625
0 0.1328125 0.39375 0.02265625 0.065625
0 0.2125 0.4109375 0.02890625 0.06640625
0 0.740625 0.41171875 0.0234375 0.06796875
2 0.175 0.43671875 0.00390625 0.03046875
2 0.19296875 0.4375 0.0046875 0.02734375
2 0.18671875 0.43828125 0.0046875 0.0265625
2 0.18046875 0.43828125 0.0046875 0.0265625
2 0.92265625 0.4390625 0.00625 0.02578125
2 0.8890625 0.440625 0.00625 0.03046875
2 0.81171875 0.44140625 0.00625 0.03046875
2 0.85703125 0.44296875 0.00546875 0.02890625
1 0.534375 0.49296875 0.00390625 0.0203125
1 0.5171875 0.49296875 0.003125 0.0125
1 0.509375 0.49296875 0.003125 0.01328125
1 0.5296875 0.49296875 0.0046875 0.0171875
1 0.52109375 0.49296875 0.003125 0.009375
1 0.50625 0.49453125 0.00390625 0.01328125
1 0.496875 0.49453125 0.00390625 0.015625
1 0.49375 0.49609375 0.0046875 0.0140625
1 0.8859375 0.49609375 0.02734375 0.059375
1 0.9421875 0.5 0.02578125 0.06484375
1 0.984375 0.50078125 0.0234375 0.06328125
1 0.58828125 0.5015625 0.02578125 0.059375
1 0.80546875 0.5015625 0.0234375 0.05546875
1 0.77265625 0.50390625 0.028125 0.0609375
2 0.6234375 0.509375 0.009375 0.0125
0 0.13359375 0.51015625 0.0234375 0.06484375
2 0.67578125 0.52421875 0.0046875 0.03046875
0 0.6234375 0.55078125 0.02421875 0.06171875
2 0.6 0.553125 0.01015625 0.01875
0 0.70859375 0.55546875 0.0265625 0.05
2 0.68828125 0.58125 0.0046875 0.03046875
1 0.94375 0.58515625 0.021875 0.05703125
2 0.15859375 0.5921875 0.00703125 0.02890625
1 0.559375 0.596875 0.00546875 0.00859375
1 0.98359375 0.5984375 0.025 0.05703125
2 0.0859375 0.5984375 0.00625 0.02734375
2 0.04375 0.6 0.0078125 0.03359375
2 0.59921875 0.60234375 0.009375 0.015625
0 0.709375 0.61640625 0.0234375 0.05
1 0.559375 0.61875 0.00703125 0.00859375
0 0.65859375 0.6203125 0.021875 0.04765625
0 0.6234375 0.625 0.0234375 0.06640625
2 0.40546875 0.62734375 0.009375 0.0125
0 0.38203125 0.62890625 0.0234375 0.06328125
0 0.88203125 0.63046875 0.0375 0.16640625
0 0.8015625 0.63203125 0.0375 0.16875
1 0.559375 0.63671875 0.00625 0.01171875
2 0.59921875 0.6453125 0.009375 0.0125
1 0.559375 0.65234375 0.00703125 0.01171875
0 0.50390625 0.6609375 0.103125 0.2921875
2 0.59921875 0.6625 0.00859375 0.0125
1 0.446875 0.66328125 0.00703125 0.0078125
1 0.94375 0.66796875 0.02421875 0.05703125
2 0.38203125 0.67109375 0.01015625 0.01328125
1 0.56015625 0.6734375 0.00703125 0.0125
1 0.446875 0.6734375 0.00625 0.0078125
1 0.17890625 0.675 0.00390625 0.0171875
1 0.20703125 0.675 0.0046875 0.015625
1 0.1875 0.675 0.0046875 0.01640625
1 0.1671875 0.67578125 0.00390625 0.0171875
2 0.16015625 0.6765625 0.0046875 0.03046875
1 0.6953125 0.684375 0.02734375 0.06640625
2 0.60859375 0.06953125 0.02421875 0.034375
0 0.72109375 0.6921875 0.015625 0.04296875
0 0.66328125 0.6953125 0.01640625 0.04765625
2 0.675 0.6953125 0.00390625 0.02734375
1 0.446875 0.7015625 0.00625 0.00859375
1 0.56953125 0.7078125 0.0046875 0.00859375
1 0.446875 0.71171875 0.00546875 0.00859375
1 0.8234375 0.071875 0.00859375 0.0328125
0 0.6234375 0.71875 0.02578125 0.06953125
1 0.14140625 0.721875 0.02734375 0.0390625
1 0.446875 0.72734375 0.00546875 0.01328125
0 0.18828125 0.73203125 0.04453125 0.0828125
2 0.38203125 0.734375 0.01015625 0.0140625
2 0.70546875 0.734375 0.00546875 0.0328125
1 0.446875 0.73671875 0.00625 0.009375
1 0.684375 0.73671875 0.00625 0.0265625
1 0.69765625 0.7375 0.00625 0.0296875
1 0.690625 0.73671875 0.00546875 0.02890625
0 0.3359375 0.74453125 0.0640625 0.11328125
2 0.778125 0.0765625 0.02265625 0.034375
1 0.14765625 0.77890625 0.01171875 0.0171875
1 0.06640625 0.78359375 0.02734375 0.03828125
1 0.18515625 0.784375 0.0046875 0.015625
1 0.2 0.7859375 0.003125 0.01640625
0 0.24296875 0.8046875 0.02421875 0.0609375
1 0.528125 0.8171875 0.00234375 0.0140625
1 0.53203125 0.8171875 0.003125 0.0140625
1 0.51953125 0.81796875 0.003125 0.01328125
1 0.51640625 0.81796875 0.00390625 0.0140625
1 0.53984375 0.81796875 0.00234375 0.0140625
1 0.49375 0.81796875 0.00390625 0.01640625
1 0.509375 0.81796875 0.003125 0.0140625
1 0.50546875 0.81796875 0.00390625 0.01640625
1 0.49765625 0.81875 0.003125 0.015625
1 0.54296875 0.81875 0.00234375 0.015625
2 0.64375 0.825 0.01015625 0.015625
2 0.16953125 0.828125 0.009375 0.0125
2 0.1796875 0.828125 0.01015625 0.01328125
2 0.14921875 0.828125 0.009375 0.015625
2 0.19921875 0.828125 0.01015625 0.01328125
2 0.18984375 0.82890625 0.01015625 0.0125
2 0.159375 0.8296875 0.009375 0.0125
2 0.703125 0.8375 0.009375 0.0125
2 0.01875 0.8390625 0.00546875 0.02890625
1 0.4359375 0.83984375 0.02578125 0.05546875
1 0.56953125 0.08515625 0.0109375 0.04375
2 0.96875 0.85234375 0.00625 0.0265625
2 0.703125 0.85390625 0.00859375 0.01328125
2 0.70390625 0.87109375 0.009375 0.015625
0 0.6734375 0.87578125 0.0359375 0.12109375
1 0.18046875 0.0875 0.01015625 0.03984375
0 0.24296875 0.878125 0.02265625 0.065625
2 0.703125 0.8859375 0.01015625 0.0140625
1 0.07421875 0.8984375 0.0109375 0.0125
0 0.071875 0.93828125 0.0234375 0.04765625
2 0.26015625 0.9390625 0.009375 0.01171875
