1 0.7734375 0.23515625 0.003125 0.05859375
1 0.69453125 0.24140625 0.003125 0.05625
1 0.87890625 0.24140625 0.003125 0.046875
1 0.53203125 0.24140625 0.003125 0.0515625
1 0.76171875 0.24375 0.003125 0.05625
2 0.87421875 0.24140625 0.003125 0.0515625
2 0.8703125 0.2421875 0.003125 0.05390625
2 0.88359375 0.24375 0.003125 0.0515625
1 0.58515625 0.24375 0.00234375 0.05625
1 0.74609375 0.24453125 0.003125 0.05390625
1 0.1015625 0.24609375 0.003125 0.05625
1 0.7546875 0.24609375 0.003125 0.05625
1 0.09609375 0.24609375 0.00234375 0.0515625
1 0.3640625 0.246875 0.003125 0.04921875
1 0.5453125 0.2484375 0.003125 0.0515625
1 0.7109375 0.24609375 0.003125 0.046875
2 0.20546875 0.246875 0.00234375 0.04921875
2 0.209375 0.2484375 0.003125 0.0515625
2 0.2015625 0.2484375 0.00234375 0.0515625
1 0.42578125 0.24921875 0.003125 0.05859375
1 0.19765625 0.24921875 0.003125 0.05390625
1 0.7984375 0.25078125 0.003125 0.046875
1 0.25859375 0.25078125 0.003125 0.0515625
1 0.24453125 0.25078125 0.003125 0.05625
1 0.253125 0.2515625 0.00234375 0.05390625
1 0.7859375 0.2515625 0.003125 0.05390625
2 0.80234375 0.2515625 0.003125 0.04921875
1 0.79375 0.25078125 0.003125 0.046875
1 0.38046875 0.253125 0.003125 0.0515625
2 0.21875 0.253125 0.003125 0.0515625
1 0.2140625 0.25390625 0.00234375 0.04921875
1 0.48671875 0.2796875 0.003125 0.05390625
1 0.48125 0.28203125 0.003125 0.05859375
1 0.49921875 0.3 0.0078125 0.0234375
1 0.03046875 0.31171875 0.0078125 0.0234375
2 0.2484375 0.39609375 0.00859375 0.028125
2 0.2140625 0.39609375 0.00390625 0.0515625
1 0.7953125 0.43671875 0.00703125 0.02578125
2 0.80234375 0.43671875 0.00234375 0.05859375
1 0.70390625 0.44375 0.003125 0.05859375
1 0.69609375 0.44375 0.003125 0.05390625
1 0.7 0.44375 0.00234375 0.05859375
2 0.77578125 0.44609375 0.00703125 0.02109375
2 0.78515625 0.4484375 0.0078125 0.02109375
1 0.7765625 0.471875 0.00625 0.02109375
2 0.98671875 0.48359375 0.003125 0.05390625
2 0.4515625 0.48359375 0.0078125 0.01640625
1 0.44140625 0.48359375 0.00703125 0.02109375
2 0.79140625 0.48359375 0.003125 0.05390625
1 0.7953125 0.4828125 0.003125 0.0515625
2 0.89453125 0.4875 0.003125 0.0515625
2 0.8984375 0.4875 0.00234375 0.0515625
2 0.90234375 0.48984375 0.00234375 0.046875
1 0.52734375 0.4953125 0.0078125 0.02109375
2 0.80078125 0.5 0.00234375 0.04453125
0 0.49296875 0.51171875 0.0484375 0.34453125
1 0.9921875 0.51484375 0.00546875 0.0890625
2 0.76953125 0.51640625 0.003125 0.04921875
1 0.765625 0.5171875 0.003125 0.0515625
2 0.78125 0.5171875 0.003125 0.0515625
1 0.7765625 0.51875 0.003125 0.05390625
2 0.7734375 0.51875 0.00234375 0.04921875
1 0.7609375 0.521875 0.003125 0.0515625
2 0.78671875 0.521875 0.00234375 0.0515625
1 0.528125 0.521875 0.0078125 0.0234375
2 0.83046875 0.5234375 0.00234375 0.04921875
2 0.90546875 0.5234375 0.00234375 0.04921875
2 0.434375 0.52421875 0.003125 0.05625
1 0.46015625 0.52421875 0.003125 0.05625
2 0.43828125 0.52578125 0.00234375 0.05390625
2 0.44609375 0.5265625 0.00234375 0.05625
2 0.45390625 0.5265625 0.00234375 0.05625
2 0.44296875 0.53046875 0.003125 0.05390625
2 0.675 0.540625 0.003125 0.0515625
1 0.9828125 0.540625 0.003125 0.0515625
2 0.98671875 0.54453125 0.003125 0.05390625
2 0.821875 0.54921875 0.003125 0.05390625
2 0.82578125 0.5546875 0.003125 0.0515625
2 0.7734375 0.57734375 0.00703125 0.01640625
2 0.89453125 0.5890625 0.003125 0.05390625
2 0.8984375 0.59140625 0.003125 0.05859375
1 0.52421875 0.60078125 0.0078125 0.02109375
1 0.546875 0.60859375 0.00546875 0.0890625
0 0.796875 0.61015625 0.0140625 0.09609375
1 0.825 0.61328125 0.0125 0.0375
1 0.83515625 0.61484375 0.00625 0.08203125
1 0.81640625 0.6171875 0.003125 0.05390625
1 0.8421875 0.61484375 0.00546875 0.08203125
1 0.8484375 0.61484375 0.00546875 0.08203125
2 0.7796875 0.625 0.003125 0.046875
2 0.77578125 0.6296875 0.00234375 0.0515625
1 0.52421875 0.62890625 0.0078125 0.02109375
1 0.76484375 0.63828125 0.00546875 0.08203125
1 0.77109375 0.63828125 0.00546875 0.08203125
1 0.52421875 0.6578125 0.0078125 0.0234375
2 0.8171875 0.6578125 0.0078125 0.0140625
1 0.459375 0.66640625 0.00703125 0.02109375
1 0.8640625 0.67578125 0.00625 0.08671875
1 0.87109375 0.67578125 0.00625 0.08671875
2 0.44609375 0.68828125 0.003125 0.0515625
2 0.4421875 0.68828125 0.003125 0.05625
2 0.9515625 0.70390625 0.003125 0.05390625
2 0.9546875 0.7046875 0.00234375 0.0515625
1 0.85 0.70859375 0.00625 0.08203125
1 0.825 0.7296875 0.00703125 0.02109375
1 0.81640625 0.73203125 0.0078125 0.02109375
2 0.4703125 0.7328125 0.00703125 0.01875
2 0.490625 0.7328125 0.0078125 0.01875
2 0.5015625 0.734375 0.0078125 0.01640625
2 0.78125 0.7421875 0.003125 0.05625
1 0.76796875 0.746875 0.003125 0.0515625
2 0.7765625 0.746875 0.003125 0.0515625
1 0.77265625 0.7484375 0.003125 0.05390625
2 0.4765625 0.7578125 0.00703125 0.01640625
2 0.49609375 0.7578125 0.00703125 0.01640625
2 0.5109375 0.7578125 0.0078125 0.01640625
2 0.81640625 0.75859375 0.0078125 0.01875
2 0.825 0.76015625 0.00703125 0.01640625
2 0.46484375 0.7609375 0.00703125 0.0234375
2 0.4859375 0.7609375 0.00703125 0.0140625
1 0.57109375 0.7609375 0.00546875 0.0890625
1 0.81640625 0.7859375 0.00703125 0.01640625
2 0.86171875 0.79296875 0.003125 0.05390625
2 0.8703125 0.79296875 0.003125 0.05390625
2 0.86640625 0.79375 0.003125 0.0515625
1 0.82265625 0.80546875 0.003125 0.0515625
1 0.784375 0.821875 0.00625 0.0890625
1 0.77734375 0.82421875 0.0046875 0.0890625
2 0.80625 0.86796875 0.003125 0.04453125
2 0.8109375 0.86796875 0.003125 0.05390625
2 0.87890625 0.87109375 0.003125 0.05625
2 0.875 0.87265625 0.003125 0.05390625
1 0.8828125 0.8734375 0.00390625 0.05625
2 0.67265625 0.87578125 0.003125 0.05625
2 0.67734375 0.87578125 0.003125 0.0515625
2 0.8390625 0.878125 0.003125 0.0515625
2 0.846875 0.8796875 0.00234375 0.05390625
1 0.83515625 0.88203125 0.00234375 0.04921875
2 0.84296875 0.88203125 0.003125 0.05859375
1 0.86953125 0.8890625 0.00546875 0.09140625
1 0.79296875 0.18046875 0.00859375 0.028125
1 0.9125 0.1875 0.0078125 0.01875
1 0.8 0.19296875 0.003125 0.04921875
1 0.78671875 0.19296875 0.003125 0.04921875
1 0.84375 0.1953125 0.003125 0.05390625
1 0.87265625 0.196875 0.00703125 0.0234375
1 0.203125 0.20234375 0.0078125 0.02109375
1 0.79296875 0.20625 0.009375 0.0234375
2 0.828125 0.21328125 0.003125 0.0515625
1 0.9109375 0.21796875 0.00703125 0.01875
2 0.62578125 0.22265625 0.003125 0.05625
2 0.62109375 0.2234375 0.0046875 0.05859375
1 0.03125 0.22734375 0.0078125 0.0234375
1 0.921875 0.23203125 0.00234375 0.0515625
