2 0.38046875 0.43125 0.10625 0.10390625
2 0.27578125 0.49375 0.04375 0.04140625
2 0.415625 0.58671875 0.02265625 0.09375
2 0.415625 0.84609375 0.04765625 0.04375
2 0.415625 0.91171875 0.04375 0.04765625
2 0.76953125 0.51171875 0.02265625 0.09375
2 0.84765625 0.48515625 0.05 0.04609375
2 0.84921875 0.6125 0.05234375 0.04375
2 0.81328125 0.69453125 0.02734375 0.08984375
2 0.853125 0.7125 0.02734375 0.09765625
0 0.271875 0.71328125 0.09765625 0.29765625
0 0.60703125 0.59921875 0.14765625 0.53984375
1 0.72578125 0.51328125 0.02265625 0.09375
1 0.05078125 0.584375 0.03515625 0.10234375
1 0.46953125 0.74375 0.02734375 0.08359375
1 0.84765625 0.55234375 0.04140625 0.05
