0 0.503125 0.38671875 0.42265625 0.16875
2 0.378125 0.93828125 0.09140625 0.02734375
2 0.465625 0.84609375 0.08984375 0.02890625
2 0.50546875 0.66875 0.08984375 0.025
2 0.45703125 0.59921875 0.01875 0.02265625
2 0.55078125 0.6 0.02265625 0.01640625
2 0.61875 0.52734375 0.02109375 0.01640625
2 0.6875 0.52734375 0.02109375 0.01640625
2 0.36015625 0.16015625 0.01875 0.01640625
2 0.396875 0.16171875 0.02265625 0.01875
2 0.603125 0.16015625 0.01875 0.01875
2 0.63828125 0.16015625 0.02265625 0.02109375
2 0.34140625 0.25234375 0.02890625 0.01875
2 0.40625 0.24765625 0.01875 0.01640625
1 0.49296875 0.23984375 0.04765625 0.01640625
1 0.490625 0.25859375 0.04765625 0.0125
1 0.49296875 0.278125 0.04375 0.01015625
1 0.378125 0.27578125 0.04765625 0.01015625
1 0.38515625 0.49921875 0.04140625 0.01015625
1 0.46796875 0.49921875 0.05234375 0.01015625
1 0.3875 0.51796875 0.05 0.01484375
