0 0.4802708328125 0.8103104171875 0.61131875 0.5020208328125 0.4773895828125 0.16677916718750002 0.3398625 0.47843749999999996 0.4802708328125 0.8103104171875
0 0.21171875 0.49296875 0.04765625 0.11484375
1 0.19375 0.37890625 0.01640625 0.03359375
1 0.19375 0.57734375 0.02109375 0.025
2 0.19375 0.61953125 0.02109375 0.02734375
2 0.19375 0.6625 0.02109375 0.025
2 0.19609375 0.70625 0.02109375 0.03125
2 0.73203125 0.46953125 0.01875 0.03515625
2 0.58828125 0.27421875 0.02265625 0.02734375
1 0.73203125 0.39765625 0.0125 0.05390625
1 0.63203125 0.26640625 0.00859375 0.04765625
1 0.63359375 0.33671875 0.00859375 0.03515625
1 0.64765625 0.46328125 0.0125 0.06015625
1 0.64609375 0.52890625 0.00859375 0.03984375
1 0.67734375 0.49609375 0.03359375 0.13359375
1 0.37195625 0.2714666671875 0.38141875000000003 0.2531770828125 0.36660624999999997 0.2242979171875 0.3596125 0.2425875 0.37195625 0.2714666671875
1 0.3464458328125 0.3783208328125 0.3530291671875 0.35714375 0.34233125000000003 0.325375 0.3332791671875 0.3465541671875 0.3464458328125 0.3783208328125
1 0.5575208328125 0.2656916671875 0.56575 0.25221458281250003 0.5562875 0.2175583328125 0.546 0.23584999999999998 0.5575208328125 0.2656916671875
1 0.4332625 0.8259520828125 0.4398458328125 0.8076625 0.4295583328125 0.7787833328125 0.42215208281249994 0.7922604171875001 0.4332625 0.8259520828125
1 0.629525 0.648825 0.6389895828125 0.6257229171875001 0.6254104171875 0.5958791671875 0.6147145828125 0.6170583328125 0.629525 0.648825
2 0.3159979171875 0.2233354171875 0.3262833328125 0.20504375000000002 0.3118833328125 0.1703895828125 0.3036541671875 0.1867541671875 0.3159979171875 0.2233354171875
1 0.58984375 0.30625 0.025 0.025
