1 0.32109375 0.34921875 0.10390625 0.11015625
1 0.434375 0.35 0.11484375 0.125
0 0.3375 0.49609375 0.13359375 0.10390625
1 0.23046875 0.43046875 0.03984375 0.01875
1 0.228125 0.45390625 0.03515625 0.01640625
1 0.22890625 0.478125 0.02890625 0.01875
1 0.19296875 0.54765625 0.01484375 0.02890625
1 0.240625 0.546875 0.01484375 0.02734375
1 0.32734375 0.59296875 0.01640625 0.03125
1 0.36796875 0.60625 0.03125 0.01640625
2 0.43125 0.428125 0.02890625 0.01875
2 0.21875 0.54609375 0.0125 0.025
2 0.30078125 0.59140625 0.01484375 0.02890625
2 0.37109375 0.58046875 0.02734375 0.01875
