1 0.209375 0.32109375 0.16875 0.34140625
1 0.784375 0.33046875 0.16015625 0.33125
0 0.27578125 0.659375 0.06875 0.11484375
0 0.38125 0.21328125 0.14609375 0.38125
2 0.48671875 0.11875 0.02109375 0.1
2 0.25390625 0.7875 0.04609375 0.0375
2 0.30625 0.81015625 0.02109375 0.05859375
2 0.30703125 0.92578125 0.02265625 0.09765625
2 0.25390625 0.940625 0.04609375 0.04375
2 0.17890625 0.93515625 0.04140625 0.05390625
2 0.69375 0.71484375 0.02109375 0.10859375
2 0.77109375 0.70390625 0.01640625 0.0875
2 0.80859375 0.70390625 0.02109375 0.09609375
2 0.16015625 0.571875 0.025 0.09375
2 0.19765625 0.58359375 0.025 0.07890625
1 0.25390625 0.8625 0.04609375 0.04140625
1 0.690625 0.11640625 0.01875 0.10859375
2 0.70234375 0.90703125 0.02890625 0.12734375
