0 0.49921875 0.17578125 0.91484375 0.18984375
1 0.53125 0.86328125 0.1375 0.12265625
1 0.28046875 0.50703125 0.11015625 0.03515625
1 0.546875 0.5125 0.11015625 0.03984375
1 0.74140625 0.51015625 0.11640625 0.04609375
1 0.73828125 0.57421875 0.08984375 0.03515625
1 0.54609375 0.57578125 0.09609375 0.03984375
1 0.7375 0.69453125 0.10859375 0.03984375
1 0.73671875 0.75390625 0.11015625 0.04140625
2 0.73046875 0.81953125 0.11015625 0.02265625
2 0.21875 0.81875 0.13359375 0.02890625
2 0.23828125 0.87734375 0.09375 0.02890625
2 0.27421875 0.56640625 0.13515625 0.03359375
2 0.53125 0.63515625 0.10859375 0.03359375
2 0.725 0.62734375 0.1 0.02890625
2 0.521875 0.69453125 0.125 0.05234375
