0 0.28359375 0.50390625 0.31640625 0.49609375
0 0.61953125 0.58828125 0.15625 0.21875
0 0.7625 0.35625 0.1125 0.22109375
0 0.55 0.19453125 0.11640625 0.14765625
0 0.56640625 0.93984375 0.07109375 0.08359375
0 0.29453125 0.946875 0.06484375 0.08125
1 0.48203125 0.50859375 0.02265625 0.02109375
1 0.48359375 0.64765625 0.025 0.01640625
1 0.27578125 0.18984375 0.01484375 0.0375
1 0.51171875 0.096875 0.04375 0.02734375
1 0.58984375 0.05078125 0.05390625 0.03984375
1 0.590625 0.09609375 0.05234375 0.03359375
1 0.175 0.84765625 0.04609375 0.02890625
1 0.17578125 0.90078125 0.05234375 0.04375
1 0.36328125 0.94375 0.02265625 0.07109375
1 0.39453125 0.93671875 0.02890625 0.07734375
1 0.53359375 0.83984375 0.02890625 0.075
1 0.56796875 0.84375 0.02265625 0.06640625
1 0.61953125 0.93203125 0.02265625 0.06875
1 0.653125 0.92421875 0.03125 0.075
1 0.6625 0.83203125 0.0125 0.03984375
1 0.765625 0.61328125 0.02734375 0.01875
1 0.765625 0.52734375 0.02265625 0.02109375
2 0.3125 0.83671875 0.1 0.12265625
2 0.46328125 0.89453125 0.08125 0.14765625
2 0.21953125 0.96484375 0.01484375 0.03515625
2 0.24375 0.96484375 0.01640625 0.04609375
2 0.61484375 0.87109375 0.02109375 0.01640625
2 0.62265625 0.83203125 0.01640625 0.03515625
2 0.64375 0.83125 0.0125 0.03515625
2 0.76484375 0.56015625 0.025 0.02109375
2 0.76484375 0.58515625 0.02109375 0.02109375
2 0.8125 0.6875 0.02109375 0.02109375
2 0.81640625 0.709375 0.01640625 0.01875
2 0.815625 0.74609375 0.01484375 0.02109375
2 0.82890625 0.32109375 0.0125 0.0375
2 0.85 0.31875 0.0125 0.03359375
2 0.76484375 0.14453125 0.0125 0.03359375
2 0.64765625 0.259375 0.02265625 0.02734375
2 0.29765625 0.18671875 0.0125 0.03515625
2 0.315625 0.1875 0.01484375 0.03359375
2 0.37890625 0.18984375 0.0125 0.02890625
2 0.39921875 0.1875 0.01484375 0.02890625
