2 0.13828125 0.215625 0.08515625 0.02734375
2 0.39375 0.26015625 0.03359375 0.02890625
2 0.45703125 0.26171875 0.03125 0.02734375
2 0.67109375 0.259375 0.03359375 0.02734375
2 0.72890625 0.26171875 0.03359375 0.02734375
2 0.45546875 0.79921875 0.08359375 0.02265625
2 0.68984375 0.940625 0.07890625 0.02265625
2 0.27578125 0.89296875 0.03984375 0.00859375
2 0.40390625 0.89296875 0.04140625 0.00859375
1 0.52890625 0.89140625 0.04375 0.0125
1 0.16640625 0.36875 0.03359375 0.03359375
1 0.22734375 0.36875 0.02890625 0.02890625
1 0.16953125 0.50546875 0.03515625 0.03125
1 0.22890625 0.50390625 0.02890625 0.02890625
1 0.39609375 0.56875 0.04140625 0.0125
2 0.49375 0.56796875 0.03359375 0.01015625
2 0.65 0.56640625 0.04140625 0.0125
2 0.734375 0.56796875 0.03984375 0.0125
0 0.496875 0.43359375 0.41015625 0.175
0 0.49453125 0.92734375 0.11875 0.05390625
