1 0.07109375 0.134375 0.0125 0.01171875
1 0.17421875 0.134375 0.0125 0.01171875
1 0.19296875 0.134375 0.0125 0.01171875
1 0.04609375 0.13359375 0.0125 0.01171875
1 0.0109375 0.134375 0.0125 0.01171875
1 0.028125 0.13359375 0.0125 0.01171875
1 0.1578125 0.134375 0.0125 0.01171875
1 0.1234375 0.1359375 0.0125 0.01171875
1 0.13984375 0.134375 0.0125 0.01171875
1 0.09140625 0.134375 0.0125 0.01171875
2 0.059375 0.1359375 0.00703125 0.00625
2 0.1078125 0.13515625 0.009375 0.00859375
1 0.953125 0.4734375 0.0078125 0.0171875
1 0.20703125 0.48046875 0.0078125 0.0171875
1 0.20703125 0.5078125 0.0078125 0.0171875
1 0.20703125 0.53515625 0.0078125 0.0171875
1 0.94375 0.4734375 0.0078125 0.0171875
1 0.1984375 0.48046875 0.0078125 0.0171875
1 0.1984375 0.5078125 0.0078125 0.0171875
1 0.1984375 0.53515625 0.0078125 0.0171875
1 0.8796875 0.475 0.0078125 0.0171875
1 0.13359375 0.48046875 0.0078125 0.0171875
1 0.13359375 0.50859375 0.0078125 0.0171875
1 0.13359375 0.5359375 0.0078125 0.0171875
1 0.87109375 0.475 0.0078125 0.0171875
1 0.12421875 0.48046875 0.0078125 0.0171875
1 0.12421875 0.5078125 0.0078125 0.0171875
1 0.12421875 0.5359375 0.0078125 0.0171875
1 0.8984375 0.475 0.0078125 0.0171875
1 0.1515625 0.48046875 0.0078125 0.0171875
1 0.1515625 0.5078125 0.0078125 0.0171875
1 0.15234375 0.53515625 0.0078125 0.0171875
1 0.8890625 0.475 0.0078125 0.0171875
1 0.1421875 0.4796875 0.0078125 0.0171875
1 0.1421875 0.5078125 0.0078125 0.0171875
1 0.1421875 0.53515625 0.0078125 0.0171875
1 0.915625 0.4734375 0.0078125 0.0171875
1 0.1703125 0.48046875 0.0078125 0.0171875
1 0.1703125 0.5078125 0.0078125 0.0171875
1 0.17109375 0.5359375 0.0078125 0.0171875
1 0.90703125 0.4734375 0.0078125 0.0171875
1 0.1609375 0.48046875 0.0078125 0.0171875
1 0.1609375 0.5078125 0.0078125 0.0171875
1 0.1609375 0.5359375 0.0078125 0.0171875
1 0.934375 0.475 0.0078125 0.0171875
1 0.18828125 0.48046875 0.0078125 0.0171875
1 0.18828125 0.5078125 0.0078125 0.0171875
1 0.18828125 0.53515625 0.0078125 0.0171875
1 0.92578125 0.4734375 0.0078125 0.0171875
1 0.1796875 0.4796875 0.0078125 0.0171875
1 0.1796875 0.5078125 0.0078125 0.0171875
1 0.1796875 0.53515625 0.0078125 0.0171875
1 0.03984375 0.83671875 0.00703125 0.00703125
1 0.2109375 0.9078125 0.01171875 0.0125
1 0.1765625 0.9078125 0.01171875 0.0125
1 0.0234375 0.909375 0.01171875 0.0125
1 0.00703125 0.909375 0.01171875 0.0125
1 0.0578125 0.909375 0.01171875 0.0125
1 0.040625 0.909375 0.01171875 0.0125
1 0.0921875 0.909375 0.01171875 0.0125
1 0.075 0.90859375 0.01171875 0.0125
1 0.159375 0.90859375 0.01171875 0.0125
1 0.1421875 0.90859375 0.01171875 0.0125
1 0.19375 0.9078125 0.01171875 0.0125
1 0.10859375 0.90859375 0.009375 0.00859375
1 0.425 0.12890625 0.00625 0.00625
1 0.434375 0.12890625 0.00625 0.00625
1 0.4875 0.08515625 0.01171875 0.0125
1 0.4890625 0.2046875 0.0078125 0.0171875
1 0.48125 0.25859375 0.00859375 0.01875
1 0.61875 0.23359375 0.03515625 0.053125
1 0.434375 0.2078125 0.00625 0.00625
1 0.42578125 0.20859375 0.00625 0.0046875
1 0.47421875 0.36328125 0.00703125 0.00625
1 0.47578125 0.4125 0.00625 0.00625
1 0.48984375 0.4265625 0.0046875 0.0140625
1 0.4890625 0.46796875 0.00625 0.00625
1 0.4890625 0.47578125 0.00625 0.00625
1 0.475 0.4578125 0.00625 0.00625
1 0.41953125 0.38203125 0.00703125 0.00625
1 0.4203125 0.43828125 0.00625 0.00625
1 0.4203125 0.4828125 0.00703125 0.00625
1 0.4765625 0.5125 0.00625 0.00625
1 0.490625 0.540625 0.00625 0.00625
1 0.490625 0.5484375 0.00625 0.00625
1 0.490625 0.52265625 0.009375 0.00859375
1 0.4890625 0.4484375 0.00625 0.00625
1 0.4890625 0.45625 0.00625 0.00625
1 0.490625 0.55625 0.00625 0.00625
1 0.4203125 0.528125 0.00625 0.0046875
1 0.40703125 0.5453125 0.00703125 0.00625
1 0.490625 0.5640625 0.00625 0.00625
1 0.446875 0.596875 0.0171875 0.01484375
1 0.446875 0.61796875 0.0171875 0.01484375
1 0.446875 0.634375 0.009375 0.00859375
1 0.425 0.65703125 0.00625 0.00625
1 0.425 0.67578125 0.00625 0.00625
1 0.4625 0.67890625 0.00625 0.00625
1 0.6203125 0.809375 0.034375 0.0515625
1 0.490625 0.8109375 0.00625 0.00625
1 0.49296875 0.721875 0.01171875 0.0109375
1 0.49296875 0.73984375 0.01171875 0.0109375
1 0.63984375 0.13203125 0.01171875 0.0125
1 0.67421875 0.13203125 0.0125 0.0109375
1 0.69921875 0.13203125 0.01171875 0.0109375
1 0.721875 0.13203125 0.01171875 0.0125
1 0.59140625 0.221875 0.00859375 0.0078125
1 0.590625 0.21015625 0.00625 0.00625
1 0.5265625 0.23359375 0.00625 0.0140625
1 0.54375 0.2046875 0.00390625 0.009375
1 0.496875 0.2078125 0.00390625 0.009375
1 0.55 0.24140625 0.00703125 0.01640625
1 0.56171875 0.2421875 0.0078125 0.0171875
1 0.5875 0.3 0.0125 0.0125
1 0.5265625 0.30625 0.00390625 0.009375
1 0.50859375 0.32421875 0.00390625 0.009375
1 0.50859375 0.3375 0.00390625 0.009375
1 0.6109375 0.3546875 0.00625 0.00625
1 0.63671875 0.3640625 0.00625 0.00625
1 0.49296875 0.378125 0.0109375 0.028125
1 0.50859375 0.38515625 0.00390625 0.00859375
1 0.525 0.384375 0.00390625 0.009375
1 0.5328125 0.38984375 0.00625 0.0140625
1 0.54375 0.38984375 0.00625 0.0140625
1 0.51796875 0.39921875 0.00703125 0.00625
1 0.509375 0.39921875 0.00625 0.00625
1 0.6140625 0.403125 0.009375 0.0078125
1 0.63671875 0.38203125 0.00625 0.00625
1 0.6140625 0.42109375 0.0171875 0.015625
1 0.496875 0.4265625 0.00390625 0.009375
1 0.5015625 0.4265625 0.00390625 0.00859375
1 0.53046875 0.4515625 0.00625 0.00625
1 0.53046875 0.459375 0.00703125 0.00625
1 0.6140625 0.44140625 0.01875 0.015625
1 0.515625 0.4921875 0.00390625 0.009375
1 0.5203125 0.49140625 0.00390625 0.00859375
1 0.5 0.51875 0.00390625 0.009375
1 0.5046875 0.51875 0.00390625 0.009375
1 0.5328125 0.53984375 0.00625 0.00625
1 0.53203125 0.54765625 0.00625 0.00625
1 0.5234375 0.584375 0.00390625 0.009375
1 0.5171875 0.584375 0.00390625 0.009375
1 0.571875 0.5921875 0.00390625 0.009375
1 0.6578125 0.565625 0.00703125 0.00625
1 0.59375 0.67109375 0.00390625 0.009375
1 0.5796875 0.6953125 0.009375 0.0078125
1 0.5796875 0.7078125 0.009375 0.0078125
1 0.63046875 0.71875 0.0109375 0.02734375
1 0.628125 0.74921875 0.01171875 0.0109375
1 0.628125 0.7640625 0.01171875 0.01171875
1 0.5859375 0.74765625 0.00390625 0.00859375
1 0.5765625 0.71875 0.00703125 0.00625
1 0.5765625 0.72734375 0.00625 0.00625
1 0.54609375 0.753125 0.00703125 0.00625
1 0.5375 0.75390625 0.00703125 0.00625
1 0.525 0.73046875 0.00703125 0.00625
1 0.5765625 0.75390625 0.00625 0.00625
1 0.51875 0.7953125 0.0078125 0.0171875
1 0.5296875 0.79375 0.0078125 0.0171875
1 0.55078125 0.8015625 0.00625 0.0140625
1 0.5828125 0.83125 0.00390625 0.009375
1 0.590625 0.83359375 0.0078125 0.01640625
1 0.5359375 0.83046875 0.00390625 0.00859375
1 0.5015625 0.8109375 0.009375 0.0078125
1 0.65078125 0.82734375 0.00703125 0.00625
1 0.6609375 0.8265625 0.00703125 0.00625
1 0.64921875 0.896875 0.00703125 0.00625
1 0.64921875 0.90546875 0.00625 0.0046875
1 0.68046875 0.9015625 0.01171875 0.01171875
1 0.709375 0.9015625 0.01171875 0.01171875
1 0.7390625 0.9015625 0.0125 0.0125
1 0.7671875 0.9 0.01171875 0.01171875
1 0.96171875 0.89765625 0.01171875 0.01171875
1 0.94453125 0.89765625 0.01171875 0.01171875
1 0.82734375 0.89921875 0.01171875 0.01171875
1 0.809375 0.89921875 0.01171875 0.01171875
1 0.8609375 0.8984375 0.01171875 0.01171875
1 0.84375 0.89921875 0.01171875 0.01171875
1 0.89453125 0.8984375 0.01171875 0.01171875
1 0.878125 0.8984375 0.01171875 0.01171875
1 0.928125 0.89765625 0.01171875 0.01171875
1 0.9109375 0.89765625 0.01171875 0.01171875
1 0.978125 0.89765625 0.009375 0.009375
1 0.8984375 0.8265625 0.0078125 0.00703125
1 0.20703125 0.5625 0.0078125 0.0171875
1 0.1984375 0.5625 0.0078125 0.0171875
1 0.13359375 0.56328125 0.0078125 0.0171875
1 0.12421875 0.5625 0.0078125 0.0171875
1 0.15234375 0.5625 0.0078125 0.0171875
1 0.1421875 0.5625 0.0078125 0.0171875
1 0.17109375 0.56328125 0.0078125 0.0171875
1 0.1609375 0.56328125 0.0078125 0.0171875
1 0.18828125 0.5625 0.0078125 0.0171875
1 0.1796875 0.5625 0.0078125 0.0171875
1 0.953125 0.55546875 0.0078125 0.0171875
1 0.94375 0.55546875 0.0078125 0.0171875
1 0.8796875 0.55625 0.0078125 0.0171875
1 0.87109375 0.55625 0.0078125 0.0171875
1 0.8984375 0.55625 0.0078125 0.0171875
1 0.88984375 0.55625 0.0078125 0.0171875
1 0.915625 0.55625 0.0078125 0.0171875
1 0.90703125 0.55625 0.0078125 0.0171875
1 0.934375 0.55546875 0.0078125 0.0171875
1 0.92578125 0.55625 0.0078125 0.0171875
1 0.95234375 0.528125 0.0078125 0.0171875
1 0.94375 0.5296875 0.0078125 0.0171875
1 0.8796875 0.5296875 0.0078125 0.0171875
1 0.87109375 0.5296875 0.0078125 0.0171875
1 0.8984375 0.5296875 0.0078125 0.0171875
1 0.8890625 0.5296875 0.0078125 0.0171875
1 0.915625 0.5296875 0.0078125 0.0171875
1 0.90703125 0.5296875 0.0078125 0.0171875
1 0.934375 0.5296875 0.0078125 0.0171875
1 0.925 0.528125 0.0078125 0.0171875
1 0.95234375 0.50078125 0.0078125 0.0171875
1 0.94375 0.50078125 0.0078125 0.0171875
1 0.8796875 0.5015625 0.0078125 0.01640625
1 0.87109375 0.5015625 0.0078125 0.0171875
1 0.8984375 0.5015625 0.0078125 0.0171875
1 0.8890625 0.5015625 0.0078125 0.0171875
1 0.915625 0.50078125 0.0078125 0.0171875
1 0.90703125 0.5015625 0.0078125 0.0171875
1 0.934375 0.50078125 0.0078125 0.0171875
1 0.925 0.5015625 0.0078125 0.0171875
1 0.99375 0.1296875 0.0109375 0.01171875
1 0.96015625 0.1296875 0.01171875 0.01171875
1 0.92578125 0.13046875 0.01171875 0.0125
1 0.9078125 0.13046875 0.01171875 0.0125
1 0.82421875 0.13125 0.01171875 0.0125
1 0.80625 0.13125 0.01171875 0.01171875
1 0.78984375 0.13125 0.01171875 0.01171875
1 0.7734375 0.13125 0.01171875 0.01171875
1 0.89140625 0.13125 0.01171875 0.01171875
1 0.875 0.1296875 0.01171875 0.01171875
1 0.8578125 0.13125 0.01171875 0.0125
1 0.840625 0.13125 0.01171875 0.0125
1 0.97734375 0.13046875 0.01171875 0.0125
2 0.9421875 0.13125 0.009375 0.009375
2 0.4953125 0.125 0.00703125 0.00625
2 0.434375 0.1390625 0.00703125 0.00625
2 0.54140625 0.12890625 0.00703125 0.00625
2 0.425 0.2171875 0.00703125 0.00703125
2 0.41640625 0.2171875 0.00703125 0.00625
2 0.425 0.2265625 0.00703125 0.00625
2 0.53125 0.28828125 0.00390625 0.009375
2 0.5265625 0.28828125 0.00390625 0.009375
2 0.5203125 0.28828125 0.00390625 0.009375
2 0.51484375 0.2875 0.00390625 0.0109375
2 0.51484375 0.3078125 0.00390625 0.009375
2 0.5203125 0.30625 0.00390625 0.009375
2 0.5390625 0.30625 0.00390625 0.009375
2 0.5453125 0.30625 0.00390625 0.009375
2 0.55 0.30625 0.00390625 0.009375
2 0.56875 0.23046875 0.00390625 0.009375
2 0.5578125 0.315625 0.00625 0.00625
2 0.5578125 0.32421875 0.00703125 0.00625
2 0.5578125 0.3328125 0.00625 0.00625
2 0.5578125 0.340625 0.00625 0.00625
2 0.41953125 0.35859375 0.00703125 0.00625
2 0.41953125 0.3734375 0.00703125 0.00625
2 0.5953125 0.36875 0.00625 0.00625
2 0.5953125 0.38359375 0.00625 0.00625
2 0.58671875 0.32890625 0.009375 0.0078125
2 0.55703125 0.35859375 0.00703125 0.00625
2 0.5578125 0.3671875 0.00703125 0.00625
2 0.50859375 0.3484375 0.00703125 0.00625
2 0.50859375 0.3578125 0.00703125 0.00625
2 0.41953125 0.38984375 0.00703125 0.00625
2 0.41953125 0.3984375 0.00703125 0.00625
2 0.40703125 0.46484375 0.00703125 0.00625
2 0.40703125 0.4125 0.00703125 0.00625
2 0.39296875 0.4296875 0.00703125 0.00625
2 0.40703125 0.42890625 0.00703125 0.00625
2 0.5140625 0.384375 0.00390625 0.009375
2 0.51953125 0.384375 0.00390625 0.009375
2 0.5328125 0.4171875 0.00625 0.0140625
2 0.54375 0.41640625 0.00625 0.01484375
2 0.58671875 0.415625 0.00390625 0.009375
2 0.5234375 0.42578125 0.00390625 0.009375
2 0.5125 0.42578125 0.00390625 0.009375
2 0.5078125 0.4265625 0.00390625 0.009375
2 0.39296875 0.37578125 0.00703125 0.00625
2 0.39296875 0.384375 0.00703125 0.00625
2 0.40703125 0.44140625 0.00703125 0.00625
2 0.40703125 0.4828125 0.00703125 0.00625
2 0.39296875 0.4109375 0.00703125 0.00625
2 0.39296875 0.39375 0.00703125 0.00625
2 0.39296875 0.40234375 0.00703125 0.00625
2 0.41953125 0.42890625 0.00703125 0.00625
2 0.41953125 0.4109375 0.00703125 0.00625
2 0.41953125 0.4203125 0.00703125 0.00625
2 0.4203125 0.4640625 0.00703125 0.00625
2 0.4203125 0.44609375 0.00703125 0.00625
2 0.4203125 0.4546875 0.00703125 0.00625
2 0.4203125 0.5140625 0.00703125 0.00625
2 0.40703125 0.49921875 0.00703125 0.00625
2 0.39296875 0.5625 0.00703125 0.00625
2 0.4203125 0.49140625 0.00703125 0.00625
2 0.4203125 0.5 0.00703125 0.00625
2 0.4203125 0.5453125 0.00703125 0.00625
2 0.40703125 0.528125 0.00703125 0.00625
2 0.40703125 0.5171875 0.00703125 0.00625
2 0.39296875 0.528125 0.00703125 0.00625
2 0.39296875 0.5171875 0.00703125 0.00625
2 0.39296875 0.5453125 0.00703125 0.00625
2 0.515625 0.51875 0.00390625 0.009375
2 0.4953125 0.4921875 0.00390625 0.009375
2 0.5109375 0.51875 0.00390625 0.009375
2 0.5109375 0.4921875 0.00390625 0.009375
2 0.5046875 0.4921875 0.00390625 0.009375
2 0.5265625 0.51875 0.00390625 0.009375
2 0.61640625 0.5015625 0.00390625 0.0109375
2 0.39296875 0.48203125 0.00703125 0.00703125
2 0.475 0.4671875 0.00625 0.00625
2 0.409375 0.45234375 0.0046875 0.009375
2 0.40390625 0.453125 0.0046875 0.009375
2 0.496875 0.58515625 0.00390625 0.009375
2 0.55390625 0.571875 0.00390625 0.009375
2 0.58984375 0.57109375 0.00390625 0.009375
2 0.5953125 0.57109375 0.00390625 0.009375
2 0.58984375 0.590625 0.00390625 0.009375
2 0.5953125 0.590625 0.00390625 0.009375
2 0.57890625 0.590625 0.00390625 0.009375
2 0.584375 0.5921875 0.00390625 0.009375
2 0.571875 0.57109375 0.00390625 0.009375
2 0.578125 0.57109375 0.00390625 0.009375
2 0.559375 0.57109375 0.00390625 0.009375
2 0.565625 0.571875 0.00390625 0.009375
2 0.5609375 0.590625 0.00390625 0.009375
2 0.56640625 0.5921875 0.00390625 0.009375
2 0.5484375 0.5921875 0.00390625 0.009375
2 0.5546875 0.5921875 0.00390625 0.009375
2 0.50703125 0.584375 0.00390625 0.009375
2 0.5125 0.584375 0.00390625 0.009375
1 0.17890625 0.2078125 0.0078125 0.00703125
2 0.49375 0.90546875 0.00703125 0.00703125
2 0.46015625 0.9046875 0.00703125 0.00625
2 0.65703125 0.815625 0.00703125 0.00625
2 0.65703125 0.80546875 0.00703125 0.00625
2 0.65703125 0.79765625 0.00703125 0.00703125
2 0.665625 0.796875 0.00703125 0.00625
2 0.56875 0.7546875 0.00625 0.0140625
2 0.559375 0.75625 0.00390625 0.009375
2 0.55390625 0.75625 0.00390625 0.009375
2 0.5765625 0.74609375 0.00625 0.00625
2 0.5765625 0.73515625 0.00625 0.00625
2 0.59375 0.71953125 0.009375 0.00859375
2 0.6203125 0.7140625 0.00390625 0.009375
2 0.5921875 0.7015625 0.00625 0.01484375
2 0.6 0.6984375 0.00390625 0.009375
2 0.5875 0.67109375 0.00390625 0.009375
2 0.57734375 0.684375 0.00625 0.00625
2 0.56328125 0.68125 0.00390625 0.009375
2 0.55625 0.6828125 0.00625 0.00625
2 0.546875 0.68125 0.00390625 0.009375
2 0.5421875 0.68125 0.00390625 0.009375
2 0.5359375 0.68125 0.00390625 0.009375
2 0.5296875 0.68125 0.0046875 0.009375
2 0.52421875 0.69375 0.00625 0.00625
2 0.52421875 0.740625 0.00625 0.00625
2 0.52421875 0.75 0.00625 0.00625
2 0.52421875 0.7015625 0.00625 0.00625
2 0.52421875 0.7109375 0.00625 0.00625
2 0.51171875 0.721875 0.00625 0.00625
2 0.51171875 0.73125 0.00625 0.00625
2 0.51171875 0.74140625 0.00625 0.00625
2 0.51171875 0.75 0.00625 0.00625
2 0.51875 0.6125 0.00390625 0.0109375
2 0.4609375 0.65625 0.00390625 0.009375
2 0.4890625 0.6265625 0.00390625 0.009375
2 0.4953125 0.62578125 0.00390625 0.009375
2 0.65703125 0.61328125 0.00625 0.00625
2 0.6609375 0.63984375 0.00625 0.00625
2 0.6625 0.6484375 0.00625 0.00625
2 0.66875 0.55390625 0.00625 0.00625
2 0.66875 0.5640625 0.00625 0.00625
2 0.66875 0.57421875 0.00625 0.00625
2 0.67109375 0.6046875 0.00625 0.00625
2 0.67109375 0.61328125 0.00625 0.00625
2 0.67109375 0.6296875 0.00625 0.00625
2 0.67109375 0.63984375 0.00625 0.00625
2 0.67109375 0.6484375 0.00625 0.00625
2 0.671875 0.65703125 0.00625 0.00625
2 0.65703125 0.5828125 0.00625 0.00625
2 0.58671875 0.465625 0.0046875 0.00859375
2 0.65703125 0.6046875 0.00625 0.00625
2 0.6578125 0.1328125 0.00703125 0.00625
2 0.63671875 0.3734375 0.00625 0.00625
2 0.6359375 0.39140625 0.00703125 0.00625
2 0.6359375 0.39921875 0.00703125 0.00625
2 0.621875 0.5015625 0.00390625 0.009375
2 0.628125 0.5015625 0.00390625 0.009375
2 0.640625 0.5015625 0.00390625 0.009375
2 0.5578125 0.80390625 0.0046875 0.01171875
0 0.56171875 0.84453125 0.03203125 0.040625
0 0.51640625 0.8453125 0.03203125 0.040625
1 0.46328125 0.81015625 0.034375 0.0515625
1 0.49765625 0.7828125 0.034375 0.0515625
1 0.58125 0.79375 0.034375 0.0515625
0 0.55078125 0.71953125 0.02734375 0.03984375
0 0.44609375 0.66015625 0.0203125 0.03125
0 0.5796875 0.63359375 0.02734375 0.0375
2 0.42578125 0.665625 0.00625 0.00625
2 0.42421875 0.6484375 0.00703125 0.00625
2 0.425 0.63984375 0.00703125 0.00625
2 0.39375 0.64453125 0.00703125 0.00625
2 0.39375 0.6359375 0.00703125 0.00625
2 0.4078125 0.61796875 0.00390625 0.009375
2 0.4140625 0.61796875 0.00390625 0.009375
2 0.49375 0.7078125 0.00859375 0.0078125
0 0.50859375 0.459375 0.0234375 0.034375
0 0.61640625 0.37734375 0.01953125 0.03046875
0 0.53203125 0.3453125 0.02734375 0.0421875
1 0.50625 0.25078125 0.034375 0.05078125
1 0.4609375 0.2296875 0.03515625 0.053125
1 0.5859375 0.2625 0.03515625 0.053125
0 0.56484375 0.190625 0.03203125 0.040625
0 0.51796875 0.19140625 0.03203125 0.040625
