1 0.28984375 0.0796875 0.0125 0.01171875
1 0.3625 0.0859375 0.0078125 0.01953125
1 0.396875 0.04765625 0.0078125 0.01875
1 0.35390625 0.2703125 0.0125 0.01171875
1 0.303125 0.2578125 0.01484375 0.0375
1 0.46015625 0.18828125 0.0125 0.01171875
1 0.5328125 0.14921875 0.00703125 0.01875
1 0.53203125 0.0921875 0.0078125 0.01875
1 0.51484375 0.0484375 0.0078125 0.01875
1 0.62578125 0.040625 0.0125 0.01171875
1 0.57890625 0.1234375 0.00703125 0.01875
1 0.63046875 0.2 0.0125 0.01171875
1 0.63046875 0.21953125 0.0125 0.0109375
1 0.53203125 0.19375 0.0078125 0.01875
1 0.53203125 0.25859375 0.0078125 0.01875
1 0.38359375 0.315625 0.0140625 0.01171875
1 0.409375 0.315625 0.0140625 0.01171875
1 0.4734375 0.315625 0.0125 0.01171875
1 0.5109375 0.3140625 0.0125 0.01171875
1 0.490625 0.359375 0.0078125 0.01953125
1 0.45234375 0.3984375 0.0078125 0.01953125
1 0.4359375 0.39765625 0.0078125 0.01875
1 0.3328125 0.43671875 0.0125 0.01171875
1 0.44375 0.46796875 0.0078125 0.01953125
1 0.4859375 0.46875 0.0078125 0.01953125
1 0.528125 0.46875 0.0078125 0.01953125
1 0.528125 0.53203125 0.0078125 0.01875
1 0.4859375 0.53203125 0.0078125 0.01875
1 0.3453125 0.53203125 0.0078125 0.01953125
1 0.30703125 0.5328125 0.0125 0.0125
1 0.27734375 0.4875 0.0078125 0.01953125
1 0.2859375 0.53203125 0.0078125 0.01953125
1 0.12421875 0.69375 0.0140625 0.01171875
1 0.0890625 0.7578125 0.0234375 0.01953125
1 0.1234375 0.7625 0.0125 0.01171875
1 0.24375 0.75625 0.0125 0.034375
1 0.303125 0.75 0.015625 0.015625
1 0.42265625 0.8140625 0.0125 0.0125
1 0.4953125 0.79453125 0.0140625 0.0125
1 0.47734375 0.8328125 0.0140625 0.0125
1 0.45234375 0.8328125 0.0125 0.01171875
1 0.5078125 0.8328125 0.0234375 0.0203125
1 0.5375 0.83203125 0.0125 0.01171875
1 0.60546875 0.8203125 0.01953125 0.0375
1 0.60625 0.76171875 0.01953125 0.03515625
1 0.6046875 0.665625 0.0125 0.01171875
1 0.6015625 0.5703125 0.0078125 0.01953125
1 0.61796875 0.56953125 0.0078125 0.01875
1 0.503125 0.603125 0.0125 0.0125
1 0.396875 0.8453125 0.02421875 0.01875
1 0.303125 0.84609375 0.0234375 0.01875
1 0.246875 0.903125 0.0078125 0.01953125
0 0.25546875 0.8421875 0.01640625 0.0171875
1 0.56328125 0.878125 0.0234375 0.01875
1 0.61796875 0.85859375 0.0125 0.01171875
1 0.6859375 0.11796875 0.0078125 0.01875
1 0.7703125 0.2 0.0125 0.01171875
1 0.80859375 0.14296875 0.0078125 0.01875
1 0.8078125 0.0796875 0.0078125 0.01875
1 0.85703125 0.2421875 0.0125 0.01171875
1 0.66875 0.2578125 0.0125 0.01171875
1 0.95625 0.0796875 0.0078125 0.01953125
1 0.715625 0.315625 0.0125 0.01171875
1 0.6984375 0.32109375 0.0078125 0.01875
1 0.715625 0.334375 0.0125 0.01171875
1 0.66875 0.32734375 0.0125 0.0109375
1 0.66875 0.36640625 0.0125 0.01171875
1 0.71640625 0.38359375 0.0125 0.01171875
1 0.73671875 0.4109375 0.0125 0.0125
1 0.66875 0.43671875 0.0125 0.01171875
1 0.67734375 0.4875 0.0125 0.01171875
1 0.74140625 0.48125 0.0234375 0.01875
1 0.79609375 0.46796875 0.0125 0.01171875
1 0.82578125 0.4671875 0.0125 0.0125
1 0.85078125 0.4671875 0.0125 0.01171875
1 0.846875 0.41015625 0.0078125 0.01953125
1 0.86015625 0.41015625 0.0078125 0.01953125
1 0.871875 0.41015625 0.0078125 0.01953125
1 0.884375 0.409375 0.0078125 0.01875
1 0.75390625 0.5765625 0.0078125 0.01953125
1 0.76640625 0.57578125 0.0078125 0.01875
1 0.66953125 0.646875 0.0125 0.01171875
1 0.8265625 0.67109375 0.0125 0.0125
1 0.85078125 0.67109375 0.0125 0.0109375
1 0.8984375 0.678125 0.01171875 0.01171875
1 0.93046875 0.67265625 0.0125 0.01171875
1 0.9421875 0.60078125 0.0125 0.0125
1 0.79609375 0.67109375 0.0125 0.0109375
1 0.75859375 0.7359375 0.0234375 0.01875
1 0.7578125 0.7609375 0.0234375 0.01875
1 0.68671875 0.8265625 0.0125 0.01171875
2 0.31484375 0.0796875 0.0125 0.01171875
2 0.32890625 0.18203125 0.0140625 0.0125
2 0.353125 0.14375 0.0140625 0.0125
2 0.353125 0.1625 0.0140625 0.0125
2 0.353125 0.1828125 0.0140625 0.01171875
2 0.41328125 0.0484375 0.0078125 0.01953125
2 0.4640625 0.04765625 0.02421875 0.01953125
2 0.43828125 0.04765625 0.02421875 0.01953125
2 0.4984375 0.04765625 0.0078125 0.01953125
2 0.55390625 0.2203125 0.0140625 0.0359375
2 0.55390625 0.08671875 0.0140625 0.0359375
2 0.55390625 0.13125 0.0140625 0.0359375
2 0.55390625 0.175 0.0140625 0.0359375
2 0.26484375 0.315625 0.0140625 0.0125
2 0.4796875 0.36875 0.0078125 0.01953125
2 0.41015625 0.584375 0.0140625 0.0359375
2 0.24375 0.3609375 0.0140625 0.0359375
2 0.24296875 0.3234375 0.0078125 0.01953125
2 0.24296875 0.40546875 0.0078125 0.01953125
2 0.55390625 0.365625 0.0234375 0.0203125
2 0.44375 0.321875 0.0234375 0.0203125
2 0.51953125 0.36015625 0.0234375 0.0203125
2 0.55390625 0.32109375 0.0125 0.01171875
2 0.38359375 0.33515625 0.0125 0.01171875
2 0.415625 0.34765625 0.0125 0.01171875
2 0.41015625 0.3796875 0.0140625 0.01171875
2 0.26875 0.3609375 0.0140625 0.0359375
2 0.384375 0.365625 0.0140625 0.0359375
2 0.409375 0.41171875 0.0125 0.0125
2 0.32890625 0.4625 0.0125 0.0125
2 0.38828125 0.45703125 0.00859375 0.01953125
2 0.315625 0.49375 0.02421875 0.01953125
2 0.41015625 0.45 0.0140625 0.0359375
2 0.41015625 0.51328125 0.0140625 0.0359375
2 0.2953125 0.61015625 0.0078125 0.01875
2 0.24296875 0.58359375 0.0078125 0.01875
2 0.24296875 0.50703125 0.0078125 0.01953125
2 0.24296875 0.5453125 0.0078125 0.01953125
2 0.0890625 0.8203125 0.02265625 0.01953125
2 0.0890625 0.7890625 0.02265625 0.01953125
2 0.10234375 0.8453125 0.0140625 0.01171875
2 0.15390625 0.865625 0.0125 0.01171875
2 0.10234375 0.86640625 0.0125 0.01171875
2 0.128125 0.865625 0.0125 0.01171875
2 0.1875 0.846875 0.0078125 0.01953125
2 0.20078125 0.846875 0.00859375 0.01953125
2 0.15390625 0.83984375 0.0125 0.01171875
2 0.2265625 0.83984375 0.0078125 0.01953125
2 0.26875 0.775 0.0125 0.0375
2 0.303125 0.7953125 0.00859375 0.01953125
2 0.35390625 0.7890625 0.00859375 0.01953125
2 0.36796875 0.8453125 0.0125 0.01171875
2 0.44375 0.7953125 0.0140625 0.01171875
2 0.52109375 0.79375 0.0125 0.0125
2 0.56796875 0.79375 0.0125 0.01171875
2 0.5296875 0.8765625 0.0140625 0.01171875
2 0.6125 0.0921875 0.02421875 0.0203125
2 0.65546875 0.0421875 0.0140625 0.01171875
2 0.79609375 0.20625 0.025 0.0203125
2 0.89765625 0.2328125 0.0140625 0.03515625
2 0.95625 0.125 0.0078125 0.021875
2 0.7875 0.2453125 0.0140625 0.01171875
2 0.80859375 0.28984375 0.025 0.01953125
2 0.59140625 0.2015625 0.0125 0.0125
2 0.63359375 0.484375 0.0078125 0.01953125
2 0.5984375 0.509375 0.0078125 0.01953125
2 0.65625 0.60859375 0.0140625 0.0359375
2 0.7921875 0.4171875 0.02421875 0.0203125
2 0.93515625 0.4171875 0.0125 0.01171875
2 0.9421875 0.4546875 0.0125 0.01171875
2 0.94140625 0.525 0.0140625 0.0109375
0 0.89140625 0.46171875 0.01171875 0.0234375
2 0.76640625 0.61484375 0.0078125 0.01875
2 0.76640625 0.49921875 0.0078125 0.01875
2 0.753125 0.53828125 0.0078125 0.01875
2 0.7203125 0.56328125 0.0140625 0.0125
2 0.76640625 0.5375 0.0078125 0.01875
2 0.65625 0.53203125 0.0140625 0.0359375
2 0.65625 0.57109375 0.0140625 0.0359375
2 0.64375 0.64765625 0.015625 0.015625
2 0.690625 0.646875 0.0140625 0.0125
2 0.60625 0.6921875 0.0125 0.0125
2 0.6046875 0.71015625 0.0125 0.01171875
2 0.94296875 0.6453125 0.0125 0.01171875
2 0.9421875 0.77421875 0.0125 0.0109375
2 0.9421875 0.7984375 0.0140625 0.01171875
2 0.61015625 0.94140625 0.0390625 0.0296875
2 0.68359375 0.771875 0.01953125 0.0546875
2 0.61015625 0.88984375 0.0390625 0.0296875
2 0.7109375 0.74921875 0.01171875 0.02265625
2 0.71171875 0.8015625 0.01171875 0.02265625
0 0.2125 0.19453125 0.1015625 0.1453125
0 0.3265625 0.33671875 0.040625 0.06640625
0 0.3515625 0.6828125 0.0328125 0.07109375
0 0.271875 0.68203125 0.0328125 0.07109375
0 0.54140625 0.7 0.04375 0.1296875
0 0.44765625 0.6984375 0.04375 0.1296875
0 0.1390625 0.9078125 0.034375 0.059375
0 0.2078125 0.915625 0.0296875 0.0515625
0 0.5359375 0.928125 0.03046875 0.05078125
0 0.4640625 0.92890625 0.03046875 0.05078125
0 0.6796875 0.91171875 0.071875 0.05546875
0 0.85234375 0.57109375 0.12578125 0.1078125
0 0.7609375 0.346875 0.03125 0.053125
0 0.86640625 0.325 0.05 0.0578125
0 0.6125 0.4015625 0.03125 0.08125
0 0.6125 0.29375 0.03125 0.08125
0 0.86640625 0.1 0.04375 0.1296875
0 0.75625 0.0984375 0.04375 0.1296875
0 0.6484375 0.7859375 0.03515625 0.04296875
