1 0.2984375 0.3328125 0.0078125 0.02109375
1 0.28984375 0.33515625 0.0078125 0.021875
1 0.28125 0.33515625 0.0078125 0.0203125
2 0.3921875 0.35703125 0.01484375 0.0125
2 0.24296875 0.3609375 0.01328125 0.0109375
1 0.2578125 0.36328125 0.0140625 0.0109375
2 0.39296875 0.36953125 0.01484375 0.0109375
2 0.24296875 0.371875 0.0140625 0.009375
0 0.28828125 0.3796875 0.04296875 0.06328125
1 0.31875 0.38046875 0.0078125 0.0203125
2 0.24296875 0.3828125 0.0140625 0.0109375
1 0.2578125 0.3921875 0.0140625 0.01015625
2 0.24296875 0.39375 0.0140625 0.01015625
2 0.32109375 0.39609375 0.01484375 0.01171875
1 0.55078125 0.40390625 0.0140625 0.01015625
2 0.24296875 0.4046875 0.01484375 0.01171875
1 0.4203125 0.40390625 0.015625 0.0109375
1 0.31484375 0.4125 0.00703125 0.0203125
1 0.36328125 0.41328125 0.009375 0.0265625
1 0.3296875 0.41484375 0.009375 0.02734375
1 0.35234375 0.415625 0.00859375 0.02109375
1 0.55 0.41875 0.01484375 0.009375
1 0.4015625 0.41953125 0.0171875 0.0375
1 0.56796875 0.41953125 0.0171875 0.040625
1 0.4203125 0.41953125 0.01484375 0.009375
1 0.28203125 0.42578125 0.0078125 0.0203125
1 0.303125 0.425 0.00859375 0.02109375
2 0.23203125 0.43515625 0.00703125 0.01953125
1 0.4203125 0.43515625 0.015625 0.009375
1 0.55 0.43515625 0.01484375 0.0109375
2 0.2734375 0.44140625 0.0140625 0.01015625
2 0.13046875 0.45390625 0.00703125 0.0203125
2 0.13125 0.47578125 0.00859375 0.02265625
1 0.553125 0.48125 0.0078125 0.0203125
1 0.57578125 0.48203125 0.01484375 0.01015625
1 0.4171875 0.4828125 0.00703125 0.0203125
1 0.40703125 0.48203125 0.00703125 0.01953125
1 0.5625 0.48203125 0.00703125 0.01953125
1 0.39453125 0.4828125 0.015625 0.0109375
2 0.31015625 0.49609375 0.00703125 0.01953125
2 0.28984375 0.49765625 0.0078125 0.0203125
1 0.57578125 0.496875 0.01640625 0.009375
1 0.3953125 0.49765625 0.01484375 0.0109375
1 0.553125 0.5015625 0.00703125 0.01875
1 0.5625 0.5015625 0.00703125 0.0203125
1 0.4078125 0.503125 0.00546875 0.01796875
1 0.4171875 0.503125 0.00625 0.0203125
1 0.57578125 0.51171875 0.01484375 0.00859375
1 0.3953125 0.5125 0.01484375 0.0109375
0 0.48515625 0.5125 0.11484375 0.17109375
2 0.31015625 0.5171875 0.00859375 0.02109375
2 0.28984375 0.51875 0.0078125 0.021875
1 0.553125 0.52265625 0.00703125 0.0203125
1 0.5625 0.521875 0.00703125 0.01796875
1 0.4078125 0.52265625 0.00625 0.0203125
1 0.4171875 0.52265625 0.00703125 0.01953125
1 0.57578125 0.5265625 0.01484375 0.00859375
1 0.3953125 0.528125 0.01484375 0.01015625
1 0.56328125 0.54140625 0.00703125 0.01953125
1 0.57578125 0.54140625 0.01484375 0.0109375
1 0.3953125 0.5421875 0.015625 0.0109375
1 0.40703125 0.54296875 0.00703125 0.0203125
1 0.41640625 0.5421875 0.00703125 0.01953125
1 0.553125 0.5421875 0.00703125 0.01953125
2 0.41328125 0.56484375 0.01484375 0.0125
2 0.4109375 0.58203125 0.01484375 0.01171875
2 0.42421875 0.5828125 0.00703125 0.02109375
2 0.39609375 0.5828125 0.0140625 0.0109375
2 0.6703125 0.58515625 0.00859375 0.02109375
2 0.4109375 0.59375 0.01484375 0.0109375
1 0.4359375 0.60546875 0.01328125 0.01015625
1 0.534375 0.6046875 0.01484375 0.009375
2 0.50625 0.615625 0.0046875 0.01328125
2 0.5140625 0.615625 0.00625 0.0140625
2 0.49296875 0.61640625 0.01484375 0.01171875
2 0.21171875 0.615625 0.00703125 0.02265625
2 0.1953125 0.6171875 0.0078125 0.021875
1 0.20390625 0.6171875 0.0078125 0.0234375
2 0.4703125 0.61640625 0.00625 0.015625
2 0.46484375 0.6171875 0.0046875 0.01328125
1 0.534375 0.6171875 0.0140625 0.01171875
1 0.4359375 0.61796875 0.0140625 0.01171875
2 0.4796875 0.61796875 0.0046875 0.0140625
1 0.534375 0.628125 0.01484375 0.0109375
1 0.4359375 0.6296875 0.0140625 0.01328125
1 0.521875 0.65 0.0078125 0.0203125
1 0.44921875 0.65 0.00859375 0.0203125
1 0.44921875 0.6703125 0.0078125 0.02109375
1 0.521875 0.6703125 0.00703125 0.01953125
1 0.521875 0.6921875 0.0078125 0.0203125
1 0.44921875 0.6921875 0.0078125 0.0203125
1 0.4203125 0.70546875 0.0140625 0.01328125
2 0.6046875 0.7109375 0.01484375 0.01015625
2 0.7375 0.7109375 0.0140625 0.01171875
1 0.44140625 0.7125 0.0078125 0.01953125
1 0.53046875 0.7125 0.0078125 0.021875
1 0.45 0.7125 0.00703125 0.0203125
0 0.4859375 0.71328125 0.06328125 0.14453125
1 0.521875 0.71328125 0.00703125 0.0203125
1 0.4203125 0.71796875 0.0140625 0.0109375
2 0.6046875 0.721875 0.0140625 0.0125
2 0.7375 0.721875 0.01484375 0.0109375
1 0.521875 0.73359375 0.0078125 0.01953125
1 0.45 0.73359375 0.00703125 0.01953125
2 0.7375 0.734375 0.01484375 0.0109375
2 0.6046875 0.73515625 0.0140625 0.01015625
2 0.6046875 0.7453125 0.0140625 0.0109375
2 0.7375 0.746875 0.01484375 0.01171875
1 0.5296875 0.75390625 0.00703125 0.021875
1 0.44140625 0.75390625 0.00859375 0.02109375
1 0.45078125 0.7546875 0.00703125 0.0203125
1 0.521875 0.7546875 0.0078125 0.021875
1 0.521875 0.7765625 0.00859375 0.02109375
1 0.45 0.7765625 0.00703125 0.021875
1 0.49375 0.7921875 0.01484375 0.0109375
1 0.478125 0.79296875 0.01484375 0.01171875
1 0.496875 0.16640625 0.0078125 0.02109375
0 0.5390625 0.18203125 0.07265625 0.103125
2 0.49765625 0.19921875 0.00859375 0.0234375
2 0.49765625 0.2328125 0.00859375 0.02265625
