0.0 0.67578125 0.10234375 0.17734375 0.13046875
0.0 0.5054687499999999 0.8125 0.21328125 0.253125
1.0 0.525 0.18515625 0.02734375 0.046875
2.0 0.93046875 0.0890625 0.028125 0.04375
2.0 0.8875 0.0890625 0.028125 0.04375
1.0 0.846875 0.08828125 0.028125 0.0453125
1.0 0.915625 0.5078125000000001 0.04375 0.02421875
2.0 0.4351562499999999 0.60546875 0.02734375 0.04140625
1.0 0.3999999999999999 0.609375 0.0296875 0.03984375
1.0 0.14843749999999994 0.46953125 0.24296875 0.23984375
1.0 0.4195312499999999 0.39140625 0.23984375 0.21171875
1.0 0.7499999999999999 0.3281250000000001 0.3296875 0.2953125
2.0 0.51953125 0.12421875 0.03125 0.046875
2.0 0.51875 0.05234375 0.02578125 0.04296875
2.0 0.8203125 0.5367187500000001 0.0296875 0.0484375
2.0 0.7999999999999999 0.0875 0.02578125 0.03828125
2.0 0.8890625 0.0171875 0.028125 0.034375
2.0 0.83984375 0.01953125 0.0328125 0.0390625
2.0 0.5999999999999999 0.5734375 0.0296875 0.05
2.0 0.5585937499999999 0.57421875 0.028125 0.03671875
2.0 0.5234374999999999 0.57421875 0.0296875 0.03828125
2.0 0.1320312499999999 0.83359375 0.03125 0.0484375
2.0 0.61875 0.25234375 0.0328125 0.03515625
2.0 0.57578125 0.2515625 0.02734375 0.0453125
