2.0 0.50859375 0.61953125 0.028125 0.05390625
2.0 0.46015624999999993 0.621875 0.02578125 0.05078125
2.0 0.41328124999999993 0.62421875 0.02578125 0.05
2.0 0.37109374999999994 0.625 0.02578125 0.0484375
2.0 0.37421874999999993 0.76484375 0.02734375 0.05546875
2.0 0.37578124999999996 0.1671875 0.02734375 0.05546875
1.0 0.5109374999999999 0.76953125 0.02734375 0.05390625
2.0 0.4703124999999999 0.76328125 0.02578125 0.046875
2.0 0.023437499999999927 0.725 0.02421875 0.05234375
1.0 0.09140624999999995 0.29609375 0.02734375 0.04375
2.0 0.055468749999999956 0.29453125 0.02265625 0.05
2.0 0.565625 0.25703125 0.028125 0.05390625
2.0 0.471875 0.25546875 0.028125 0.0484375
2.0 0.37499999999999994 0.26015625 0.02578125 0.05078125
1.0 0.5796874999999999 0.47578125 0.03125 0.059375
1.0 0.06718749999999993 0.81484375 0.0296875 0.0640625
0.0 0.2117187499999999 0.75625 0.190625 0.16328125
0.0 0.21406249999999996 0.50625 0.19140625 0.1578125
0.0 0.21484374999999994 0.1765625 0.1875 0.24609375
