1.0 0.66796875 0.5453125 0.234375 0.27265625
1.0 0.4234375 0.55 0.253125 0.278125
1.0 0.17421875 0.54921875 0.24609375 0.2796875
2.0 0.31640625 0.69453125 0.04375 0.02265625
2.0 0.31328125 0.7265625 0.05234375 0.02421875
2.0 0.3171875 0.76015625 0.046875 0.02265625
1.0 0.2515625 0.765625 0.03984375 0.02578125
1.0 0.31640625 0.80078125 0.03984375 0.02265625
0.0 0.3171875 0.21015625 0.29375 0.30703125
0.0 0.46015625 0.82109375 0.13359375 0.16171875
2.0 0.23828125 0.9125 0.04375 0.0296875
2.0 0.3203125 0.83203125 0.04375 0.02421875
2.0 0.32421875 0.875 0.0453125 0.02265625
2.0 0.32734375 0.90546875 0.04140625 0.02109375
