2.0 0.81640625 0.82578125 0.125 0.06640625
2.0 0.58203125 0.821875 0.11640625 0.05859375
2.0 0.35 0.82265625 0.1125 0.065625
2.0 0.11875 0.8203125 0.10625 0.0609375
2.0 0.11328125 0.60703125 0.10078125 0.0609375
2.0 0.34921875 0.6484375 0.096875 0.0609375
2.0 0.58203125 0.66171875 0.10390625 0.065625
2.0 0.81640625 0.66484375 0.10625 0.0625
2.0 0.6625 0.13203125 0.109375 0.059375
2.0 0.2625 0.06875 0.1109375 0.0609375
2.0 0.5109375 0.1296875 0.109375 0.0609375
2.0 0.90703125 0.0703125 0.10390625 0.05546875
