1 0.4125 0.94140625 0.078125 0.04375
2 0.409375 0.88046875 0.07109375 0.03671875
2 0.41171875 0.82734375 0.065625 0.04140625
2 0.4078125 0.77578125 0.06796875 0.034375
2 0.40234375 0.7265625 0.07421875 0.03515625
2 0.40546875 0.67578125 0.07265625 0.03984375
2 0.29765625 0.73203125 0.06953125 0.03515625
2 0.9125 0.62421875 0.08984375 0.04375
1 0.2953125 0.68203125 0.08515625 0.03984375
1 0.06015625 0.1265625 0.03515625 0.06796875
1 0.73828125 0.46015625 0.403125 0.3578125
1 0.4140625 0.07421875 0.05859375 0.03671875