2.0 0.64140625 0.75546875 0.08125 0.0453125
2.0 0.34453125 0.83828125 0.075 0.0453125
2.0 0.1796875 0.84296875 0.075 0.03828125
2.0 0.17890625 0.76171875 0.07421875 0.04375
2.0 0.075 0.609375 0.065625 0.04296875
2.0 0.340625 0.60703125 0.07109375 0.04140625
2.0 0.34140625 0.52109375 0.075 0.04296875
2.0 0.3421875 0.4421875 0.07421875 0.046875
2.0 0.34296875 0.3625 0.06640625 0.0453125
2.0 0.34296875 0.2796875 0.06953125 0.03984375
2.0 0.61875 0.25625 0.075 0.04140625
2.0 0.63984375 0.66796875 0.07265625 0.04375
2.0 0.85546875 0.746875 0.0765625 0.0453125
2.0 0.85390625 0.66875 0.06796875 0.03671875
2.0 0.07109375 0.36328125 0.08203125 0.04375
2.0 0.34375 0.92265625 0.0796875 0.04375
1.0 0.8578125 0.83125 0.08828125 0.04296875
1.0 0.34296875 0.75859375 0.08671875 0.0453125
1.0 0.8546875 0.25625 0.08359375 0.046875
1.0 0.06875 0.27734375 0.075 0.0484375
1.0 0.06875 0.44140625 0.08125 0.05078125
0.0 0.734375 0.44375 0.38671875 0.27421875
