2.0 0.47265625 0.07656249999999999 0.05 0.09921875
2.0 0.44453124999999993 0.26953125 0.0453125 0.08515625
2.0 0.4156249999999999 0.4671875 0.046875 0.0796875
2.0 0.4046874999999999 0.66015625 0.0484375 0.07421875
2.0 0.40703124999999984 0.85546875 0.04375 0.08359375
2.0 0.90703125 0.39140625000000007 0.04375 0.08125
2.0 0.8570312499999998 0.6078125000000001 0.046875 0.08203125
2.0 0.8585937499999998 0.7312500000000001 0.05 0.08515625
2.0 0.9140624999999998 0.93359375 0.05 0.08671875
2.0 0.26171875 0.07265624999999995 0.05390625 0.0796875
2.0 0.2617187499999999 0.27109374999999997 0.04375 0.0796875
2.0 0.2624999999999999 0.4664062499999999 0.0484375 0.075
2.0 0.2671874999999999 0.6617187499999999 0.05078125 0.08515625
2.0 0.27031249999999984 0.859375 0.046875 0.090625
