1.0 0.5875 0.05859375 0.078125 0.04375
2.0 0.590625 0.11953125 0.07109375 0.03671875
2.0 0.58828125 0.17265625 0.065625 0.04140625
2.0 0.5921875 0.22421875 0.06796875 0.034375
2.0 0.59765625 0.2734375 0.07421875 0.03515625
2.0 0.59453125 0.32421875 0.07265625 0.03984375
2.0 0.70234375 0.26796875 0.06953125 0.03515625
2.0 0.0875 0.37578125 0.08984375 0.04375
1.0 0.7046875 0.31796875 0.08515625 0.03984375
1.0 0.93984375 0.8734375 0.03515625 0.06796875
1.0 0.26171875 0.53984375 0.403125 0.3578125
1.0 0.5859375 0.92578125 0.05859375 0.03671875
