1.0 0.2617187499999999 0.8609375 0.08125 0.08515625
1.0 0.4789062499999999 0.6984375 0.0796875 0.075
1.0 0.5429687499999999 0.625 0.08828125 0.08203125
1.0 0.36406249999999996 0.596875 0.07265625 0.07421875
1.0 0.4265624999999999 0.5234375 0.08125 0.07265625
1.0 0.93125 0.4179687500000001 0.08984375 0.08359375
1.0 0.26171874999999994 0.19921875 0.03125 0.059375
1.0 0.21328124999999995 0.2046875 0.03671875 0.0765625
1.0 0.61015625 0.53359375 0.06953125 0.06953125
1.0 0.53203125 0.30078125 0.3 0.36796875
2.0 0.28984374999999996 0.28359375 0.08515625 0.04140625
2.0 0.8625 0.178125 0.090625 0.046875
2.0 0.37031249999999993 0.26171875 0.05859375 0.04296875
2.0 0.5156249999999999 0.55703125 0.07109375 0.07421875
2.0 0.4124999999999999 0.65625 0.078125 0.065625
2.0 0.4781249999999999 0.5890625 0.075 0.075
2.0 0.44453124999999993 0.6265625 0.0765625 0.0765625
2.0 0.2953125 0.5640625 0.07421875 0.06796875
2.0 0.9375 0.5218750000000001 0.0796875 0.08125
2.0 0.39296875 0.4609375 0.075 0.075
2.0 0.36328124999999994 0.496875 0.078125 0.08203125
2.0 0.33046875 0.52734375 0.075 0.07265625
