1.0 0.4937499999999999 0.584375 0.0921875 0.08671875
1.0 0.18437499999999982 0.6078124999999999 0.2640625 0.25859375
1.0 0.8875 0.2718750000000001 0.2015625 0.22265625
0.0 0.6890625 0.15703125 0.19296875 0.14609375
0.0 0.81953125 0.15859375000000006 0.065625 0.046875
1.0 0.4804687499999999 0.32421875 0.265625 0.26875
2.0 0.21015624999999982 0.7906249999999999 0.0625 0.02734375
1.0 0.2093749999999998 0.8234375 0.046875 0.01875
1.0 0.4007812499999998 0.81875 0.05078125 0.02421875
1.0 0.4804687499999999 0.71796875 0.04375 0.02109375
2.0 0.4781249999999998 0.7484375 0.046875 0.02578125
1.0 0.46484374999999983 0.7984375 0.02109375 0.03671875
1.0 0.4914062499999998 0.79609375 0.028125 0.03828125
1.0 0.5265624999999998 0.74140625 0.02421875 0.034375
2.0 0.5656249999999999 0.61484375 0.04296875 0.02578125
1.0 0.6132812499999998 0.66953125 0.0296875 0.03515625
1.0 0.5249999999999998 0.81015625 0.02734375 0.03515625
1.0 0.7679687499999999 0.7289062500000001 0.03515625 0.02578125
1.0 0.5554687499999998 0.74453125 0.02265625 0.0453125
1.0 0.5890624999999998 0.7390625 0.0296875 0.04375
1.0 0.5539062499999998 0.80625 0.02265625 0.03828125
1.0 0.5812499999999998 0.80859375 0.02265625 0.0453125
1.0 0.033593749999999825 0.6851562499999999 0.02109375 0.046875
1.0 0.04218749999999982 0.7406249999999999 0.05 0.02421875
1.0 0.03906249999999982 0.7765624999999999 0.05 0.02109375
1.0 0.03828124999999982 0.8046875 0.0484375 0.02421875
1.0 0.031249999999999823 0.6124999999999999 0.028125 0.05078125
1.0 0.09921874999999983 0.5203125 0.0484375 0.02421875
1.0 0.8468749999999998 0.9765625 0.05078125 0.02109375
2.0 0.6406249999999998 0.6703125 0.028125 0.05703125
2.0 0.6742187499999999 0.67265625 0.02734375 0.05546875
