2.0 0.18749999999999983 0.4960937499999999 0.09375 0.17890625
2.0 0.20468749999999983 0.81171875 0.09375 0.16875
2.0 0.77578125 0.21328125000000003 0.05078125 0.10234375
1.0 0.859375 0.21406250000000004 0.028125 0.04375
2.0 0.90390625 0.2179687500000001 0.02734375 0.04140625
1.0 0.85859375 0.34140625 0.02421875 0.05546875
1.0 0.09531249999999983 0.84453125 0.05390625 0.02734375
1.0 0.09687499999999982 0.88359375 0.05078125 0.02578125
2.0 0.3656249999999999 0.69296875 0.08671875 0.05078125
2.0 0.3617187499999998 0.75234375 0.0953125 0.05
2.0 0.3609374999999998 0.91953125 0.09375 0.05234375
2.0 0.35624999999999984 0.97734375 0.090625 0.0453125
2.0 0.36328124999999983 0.8078125 0.0953125 0.05
2.0 0.3617187499999998 0.86328125 0.0953125 0.05
2.0 0.8015624999999998 0.81640625 0.08671875 0.153125
