1 0.228125 0.2921875 0.2203125 0.21171875
1 0.86875 0.28828125 0.21484375 0.21875
1 0.653125 0.29140625 0.21015625 0.221875
1 0.44140625 0.29140625 0.20859375 0.21015625
1 0.28984375 0.04609375 0.02578125 0.04140625
1 0.04453125 0.06640625 0.01953125 0.05390625
1 0.04453125 0.15 0.02578125 0.05625
1 0.32734375 0.88671875 0.04375 0.025
1 0.328125 0.846875 0.03359375 0.02109375
1 0.328125 0.8171875 0.03359375 0.021875
1 0.15859375 0.77734375 0.021875 0.04140625
1 0.8921875 0.08515625 0.03671875 0.02109375
2 0.37265625 0.8234375 0.02265625 0.03203125
2 0.40234375 0.825 0.01875 0.0375
2 0.43046875 0.825 0.021875 0.03984375
2 0.465625 0.8234375 0.01875 0.04296875
1 0.4890625 0.775 0.03828125 0.025
1 0.41796875 0.7734375 0.03671875 0.01953125
1 0.58046875 0.840625 0.03984375 0.02265625
2 0.49609375 0.821875 0.01953125 0.03984375
2 0.52421875 0.82421875 0.01796875 0.04140625
1 0.5796875 0.8015625 0.03671875 0.01953125
1 0.6390625 0.79375 0.03046875 0.04375
1 0.72109375 0.9703125 0.05078125 0.02421875
1 0.72421875 0.9328125 0.05 0.021875
1 0.65234375 0.97421875 0.0375 0.02265625
2 0.65625 0.9390625 0.04375 0.021875
2 0.65 0.91015625 0.04140625 0.02421875
2 0.65 0.85078125 0.04375 0.02421875
1 0.84609375 0.85078125 0.021875 0.05078125