1.0 0.32734374999999993 0.39453125 0.35390625 0.40078125
1.0 0.6812499999999999 0.3765625 0.35625 0.409375
1.0 0.5695312499999999 0.88515625 0.0484375 0.096875
1.0 0.6367187499999999 0.87734375 0.046875 0.075
1.0 0.5460937499999999 0.66171875 0.04375 0.0765625
1.0 0.4968749999999999 0.6625 0.03984375 0.078125
1.0 0.4468749999999999 0.66640625 0.04375 0.07421875
1.0 0.08593749999999992 0.78984375 0.046875 0.10546875
1.0 0.029687499999999922 0.78515625 0.0453125 0.08984375
2.0 0.3789062499999999 0.76796875 0.0453125 0.08125
2.0 0.3249999999999999 0.76953125 0.04296875 0.08828125
1.0 0.2281249999999999 0.76953125 0.1265625 0.1265625
