1.0 0.8554687499999998 0.95625 0.0796875 0.03671875
1.0 0.49531249999999993 0.68671875 0.07265625 0.03515625
1.0 0.48828124999999983 0.7359375 0.08359375 0.03984375
1.0 0.17968749999999983 0.48749999999999993 0.078125 0.034375
1.0 0.17890624999999982 0.5335937499999999 0.0765625 0.04375
1.0 0.07890624999999982 0.4882812499999999 0.07265625 0.04375
1.0 0.07968749999999983 0.5382812499999999 0.0765625 0.03984375
1.0 0.7617187499999999 0.4484375000000001 0.078125 0.03828125
1.0 0.7617187499999999 0.4992187500000001 0.075 0.04140625
1.0 0.7593749999999999 0.55390625 0.075 0.034375
1.0 0.7664062499999998 0.6078125000000001 0.06640625 0.03984375
1.0 0.7749999999999998 0.80859375 0.0640625 0.04375
1.0 0.6023437499999998 0.81484375 0.2015625 0.19453125
1.0 0.6593749999999999 0.453125 0.0796875 0.04296875
1.0 0.6601562499999998 0.61328125 0.07265625 0.03515625
1.0 0.6624999999999999 0.6609375 0.06953125 0.0328125
1.0 0.6593749999999999 0.503125 0.07421875 0.03671875
1.0 0.6632812499999999 0.55859375 0.06796875 0.04140625
1.0 0.7585937499999998 0.6625000000000001 0.05390625 0.03828125
1.0 0.7609374999999998 0.7187500000000001 0.07265625 0.03671875
1.0 0.24999999999999992 0.34296874999999993 0.23046875 0.20625
