1.0 0.8609375 0.73828125 0.08515625 0.08125
1.0 0.6984375 0.52109375 0.075 0.0796875
1.0 0.625 0.45703125 0.08203125 0.08828125
1.0 0.596875 0.6359375 0.07421875 0.07265625
1.0 0.5234375 0.5734375 0.07265625 0.08125
1.0 0.41796875 0.06875 0.08359375 0.08984375
1.0 0.19921875 0.73828125 0.059375 0.03125
1.0 0.2046875 0.78671875 0.0765625 0.03671875
1.0 0.53359375 0.38984375 0.06953125 0.06953125
1.0 0.30078125 0.46796875 0.36796875 0.3
2.0 0.28359375 0.71015625 0.04140625 0.08515625
2.0 0.178125 0.1375 0.046875 0.090625
2.0 0.26171875 0.6296875 0.04296875 0.05859375
2.0 0.55703125 0.484375 0.07421875 0.07109375
2.0 0.65625 0.5875 0.065625 0.078125
2.0 0.5890625 0.521875 0.075 0.075
2.0 0.6265625 0.55546875 0.0765625 0.0765625
2.0 0.5640625 0.7046875 0.06796875 0.07421875
2.0 0.521875 0.0625 0.08125 0.0796875
2.0 0.4609375 0.60703125 0.075 0.075
2.0 0.496875 0.63671875 0.08203125 0.078125
2.0 0.52734375 0.66953125 0.07265625 0.075
