1 0.27578125 0.5671875 0.03125 0.07265625
1 0.72578125 0.2515625 0.02578125 0.065625
1 0.18046875 0.5734375 0.03671875 0.0640625
1 0.64921875 0.56640625 0.253125 0.2671875
2 0.86171875 0.2078125 0.03515625 0.06640625
2 0.72421875 0.1703125 0.03125 0.06796875
2 0.86640625 0.29375 0.034375 0.07109375
2 0.47734375 0.37734375 0.03125 0.0640625
1 0.08828125 0.584375 0.05390625 0.0296875
2 0.08984375 0.54453125 0.05 0.02734375
2 0.08984375 0.51015625 0.05546875 0.02578125
0 0.20703125 0.76328125 0.22578125 0.2625