2.0 0.83515625 0.22109375 0.05703125 0.03828125
2.0 0.83828125 0.28203125 0.05390625 0.03515625
2.0 0.8390625 0.33984375 0.05 0.03515625
2.0 0.83984375 0.15703125 0.05 0.03828125
2.0 0.75234375 0.046875 0.03828125 0.0625
2.0 0.08203125 0.24609375 0.05546875 0.03515625
2.0 0.08515625 0.18203125 0.059375 0.034375
2.0 0.025 0.42578125 0.02734375 0.046875
2.0 0.12890625 0.93359375 0.03671875 0.059375
2.0 0.22578125 0.9375 0.059375 0.0625
2.0 0.515625 0.6390625 0.05078125 0.034375
1.0 0.41015625 0.975 0.05703125 0.05
1.0 0.61328125 0.78359375 0.05390625 0.05546875
1.0 0.19296875 0.34296875 0.05390625 0.0328125
1.0 0.265625 0.22890625 0.028125 0.05078125
1.0 0.615625 0.41796875 0.29375 0.3140625
