2 0.10859375 0.33984375 0.028125 0.015625
2 0.109375 0.30546875 0.0328125 0.0171875
2 0.1078125 0.271875 0.0296875 0.015625
2 0.10625 0.23828125 0.03046875 0.0171875
2 0.1078125 0.20546875 0.034375 0.01875
2 0.196875 0.18828125 0.01875 0.0296875
2 0.23125 0.1875 0.01640625 0.03125
2 0.26484375 0.1859375 0.0171875 0.03125
2 0.3 0.18671875 0.01953125 0.03125
2 0.33359375 0.1859375 0.01875 0.0296875
2 0.36875 0.1875 0.01640625 0.03671875
2 0.40234375 0.1859375 0.01640625 0.028125
2 0.43671875 0.1875 0.0171875 0.03125
2 0.471875 0.1859375 0.02109375 0.0296875
2 0.50546875 0.18671875 0.0203125 0.02578125
2 0.53984375 0.18671875 0.0203125 0.02734375
2 0.5734375 0.1875 0.01953125 0.0296875
2 0.60859375 0.18671875 0.01875 0.03125
2 0.66171875 0.7859375 0.03125 0.01875
2 0.66484375 0.75078125 0.03125 0.01875
2 0.6640625 0.71796875 0.03046875 0.01875
2 0.66328125 0.684375 0.0328125 0.02109375
2 0.665625 0.64921875 0.03046875 0.01875
2 0.6640625 0.61328125 0.03203125 0.01875
2 0.66484375 0.58125 0.0328125 0.01875
2 0.6640625 0.54765625 0.03046875 0.0171875
2 0.66484375 0.5109375 0.03125 0.01875
2 0.665625 0.47734375 0.028125 0.01640625
2 0.665625 0.44296875 0.028125 0.01640625
2 0.66484375 0.409375 0.03125 0.0171875
2 0.66484375 0.3765625 0.03125 0.015625
2 0.6671875 0.340625 0.03203125 0.01875
2 0.665625 0.30703125 0.03046875 0.01875
2 0.6671875 0.27421875 0.03046875 0.01640625
2 0.66875 0.2390625 0.03203125 0.015625
2 0.66796875 0.20625 0.034375 0.01640625
2 0.87578125 0.5953125 0.028125 0.0171875
2 0.87578125 0.44375 0.03203125 0.0140625
2 0.1046875 0.78515625 0.03046875 0.01953125
2 0.10625 0.75078125 0.03125 0.01953125
2 0.10625 0.71640625 0.03125 0.0171875
2 0.10625 0.68125 0.028125 0.0171875
2 0.1078125 0.646875 0.0296875 0.01953125
2 0.10625 0.61328125 0.028125 0.0171875
2 0.10703125 0.58046875 0.03203125 0.01953125
2 0.1078125 0.5453125 0.0296875 0.0171875
2 0.1078125 0.51015625 0.0296875 0.01640625
2 0.10703125 0.4765625 0.028125 0.0171875
2 0.10625 0.4421875 0.03046875 0.01484375
2 0.11015625 0.40859375 0.0296875 0.015625
2 0.109375 0.375 0.03125 0.01640625
2 0.14296875 0.86328125 0.0140625 0.03125
2 0.17734375 0.8625 0.01875 0.034375
2 0.21015625 0.86328125 0.0203125 0.03203125
2 0.24609375 0.8640625 0.01953125 0.0328125
2 0.27890625 0.8625 0.0171875 0.03046875
2 0.315625 0.86484375 0.01875 0.03125
2 0.35 0.8640625 0.0171875 0.03125
2 0.38359375 0.8640625 0.0203125 0.03046875
2 0.4171875 0.86328125 0.01875 0.0296875
2 0.45 0.8640625 0.0171875 0.0265625
2 0.4859375 0.86328125 0.0171875 0.03046875
2 0.51953125 0.8625 0.0171875 0.03125
2 0.55234375 0.8625 0.01875 0.028125
2 0.5875 0.86328125 0.01953125 0.028125
2 0.62421875 0.8671875 0.01640625 0.028125
1 0.96171875 0.59375 0.03828125 0.02421875
