2 0.45 0.34453125 0.00390625 0.01015625
2 0.4390625 0.34453125 0.003125 0.0109375
2 0.4609375 0.34453125 0.00390625 0.01015625
2 0.46640625 0.34453125 0.003125 0.0109375
2 0.40703125 0.34453125 0.003125 0.01171875
2 0.4234375 0.34453125 0.003125 0.01171875
2 0.42890625 0.34453125 0.003125 0.01171875
2 0.44453125 0.34453125 0.003125 0.0109375
2 0.45546875 0.34453125 0.003125 0.009375
2 0.4125 0.34453125 0.00390625 0.0109375
2 0.41796875 0.34453125 0.00390625 0.01171875
2 0.434375 0.34453125 0.003125 0.0109375
2 0.47109375 0.34453125 0.00390625 0.0109375
2 0.4765625 0.34453125 0.003125 0.0109375
2 0.4875 0.34453125 0.003125 0.0109375
2 0.06484375 0.34453125 0.00390625 0.01015625
2 0.49296875 0.3453125 0.003125 0.0109375
2 0.4984375 0.3453125 0.003125 0.0109375
2 0.059375 0.3453125 0.003125 0.0109375
2 0.1078125 0.3453125 0.00390625 0.0109375
2 0.075 0.3453125 0.003125 0.0109375
2 0.096875 0.3453125 0.00390625 0.0109375
2 0.08046875 0.3453125 0.003125 0.0109375
2 0.0859375 0.3453125 0.00390625 0.0109375
2 0.09140625 0.3453125 0.003125 0.0109375
2 0.10234375 0.3453125 0.00390625 0.0109375
2 0.1125 0.3453125 0.00390625 0.0109375
2 0.12890625 0.3453125 0.00390625 0.01171875
2 0.0703125 0.3453125 0.003125 0.0109375
2 0.11796875 0.3453125 0.003125 0.0109375
2 0.1234375 0.3453125 0.00390625 0.0109375
2 0.134375 0.3453125 0.00390625 0.0125
2 0.4828125 0.34609375 0.003125 0.0109375
2 0.1390625 0.34609375 0.003125 0.01171875
2 0.15 0.34609375 0.003125 0.01171875
2 0.14453125 0.34609375 0.00390625 0.0109375
2 0.15859375 0.35078125 0.00859375 0.0046875
2 0.39765625 0.35234375 0.00859375 0.0046875
2 0.159375 0.3578125 0.00859375 0.0046875
2 0.05546875 0.3578125 0.0078125 0.0046875
2 0.3984375 0.359375 0.00859375 0.0046875
2 0.5015625 0.36015625 0.0078125 0.0046875
2 0.05546875 0.36484375 0.00859375 0.0046875
2 0.15859375 0.36484375 0.0078125 0.0046875
2 0.39765625 0.3671875 0.0078125 0.0046875
2 0.50234375 0.3671875 0.0078125 0.0046875
2 0.05546875 0.371875 0.0078125 0.0046875
2 0.15859375 0.37265625 0.0078125 0.00390625
2 0.39765625 0.37421875 0.00859375 0.0046875
2 0.5015625 0.37421875 0.0078125 0.0046875
2 0.05546875 0.37890625 0.0078125 0.0046875
2 0.159375 0.3796875 0.0078125 0.0046875
2 0.39765625 0.38125 0.00859375 0.0046875
2 0.5015625 0.38203125 0.0078125 0.0046875
2 0.05546875 0.38671875 0.0078125 0.0046875
2 0.15859375 0.38671875 0.0078125 0.0046875
1 0.02890625 0.3875 0.0125 0.00546875
2 0.0171875 0.3875 0.0078125 0.0046875
2 0.03984375 0.38828125 0.0078125 0.00546875
2 0.39765625 0.38828125 0.00859375 0.0046875
2 0.52421875 0.38828125 0.00703125 0.0046875
2 0.50234375 0.3890625 0.0078125 0.0046875
2 0.05546875 0.39375 0.0078125 0.0046875
2 0.15859375 0.39375 0.0078125 0.0046875
2 0.3984375 0.39609375 0.0078125 0.0046875
2 0.5015625 0.39609375 0.00703125 0.0046875
0 0.275 0.39921875 0.15625 0.21328125
2 0.05546875 0.40078125 0.0078125 0.0046875
2 0.15859375 0.4015625 0.0078125 0.0046875
0 0.45078125 0.40234375 0.075 0.09140625
2 0.39765625 0.403125 0.0078125 0.00546875
2 0.5015625 0.40390625 0.00703125 0.0046875
0 0.103125 0.40390625 0.07578125 0.09140625
2 0.05546875 0.40859375 0.0078125 0.0046875
2 0.15859375 0.40859375 0.00859375 0.0046875
2 0.39765625 0.41015625 0.0078125 0.0046875
2 0.5015625 0.4109375 0.00703125 0.0046875
2 0.0546875 0.415625 0.0078125 0.0046875
2 0.15859375 0.415625 0.0078125 0.0046875
1 0.5390625 0.41640625 0.01171875 0.00625
2 0.55078125 0.4171875 0.0078125 0.0046875
2 0.39765625 0.41796875 0.0078125 0.0046875
2 0.01796875 0.41796875 0.0078125 0.00390625
2 0.040625 0.41796875 0.0078125 0.0046875
2 0.5015625 0.41875 0.0078125 0.0046875
2 0.05546875 0.42265625 0.0078125 0.0046875
2 0.15859375 0.4234375 0.0078125 0.0046875
2 0.39765625 0.425 0.0078125 0.0046875
2 0.5015625 0.42578125 0.00703125 0.0046875
2 0.05546875 0.43046875 0.0078125 0.00546875
2 0.15859375 0.43046875 0.0078125 0.0046875
2 0.39765625 0.4328125 0.0078125 0.0046875
2 0.5015625 0.4328125 0.0078125 0.0046875
2 0.05546875 0.4375 0.0078125 0.0046875
2 0.15859375 0.43828125 0.0078125 0.0046875
2 0.39765625 0.43984375 0.00859375 0.0046875
2 0.5015625 0.43984375 0.0078125 0.0046875
2 0.05546875 0.4453125 0.0078125 0.00546875
2 0.15859375 0.4453125 0.0078125 0.0046875
2 0.39765625 0.446875 0.00859375 0.0046875
2 0.50234375 0.44765625 0.0078125 0.0046875
2 0.15859375 0.45234375 0.00859375 0.0046875
2 0.39765625 0.4546875 0.00859375 0.0046875
2 0.0640625 0.459375 0.003125 0.0109375
2 0.06953125 0.459375 0.003125 0.0109375
2 0.075 0.459375 0.003125 0.0109375
2 0.1234375 0.459375 0.003125 0.0109375
2 0.1390625 0.459375 0.003125 0.0109375
2 0.14453125 0.459375 0.003125 0.01171875
2 0.059375 0.46015625 0.003125 0.0109375
2 0.096875 0.46015625 0.003125 0.0109375
2 0.1015625 0.46015625 0.003125 0.0109375
2 0.10703125 0.46015625 0.003125 0.01171875
2 0.1125 0.46015625 0.003125 0.0109375
2 0.43359375 0.46015625 0.00390625 0.0109375
2 0.48203125 0.46015625 0.003125 0.0109375
2 0.11796875 0.46015625 0.00390625 0.01171875
2 0.12890625 0.46015625 0.00390625 0.0109375
2 0.13359375 0.46015625 0.003125 0.0109375
2 0.15 0.46015625 0.003125 0.01171875
2 0.4125 0.46015625 0.003125 0.01015625
2 0.4390625 0.46015625 0.003125 0.0109375
2 0.465625 0.46015625 0.003125 0.0109375
2 0.08046875 0.46015625 0.003125 0.0109375
2 0.0859375 0.46015625 0.003125 0.01171875
2 0.09140625 0.46015625 0.00390625 0.0109375
2 0.40703125 0.46015625 0.003125 0.01015625
2 0.41796875 0.46015625 0.00390625 0.0109375
2 0.46015625 0.46015625 0.003125 0.0109375
2 0.4765625 0.46015625 0.003125 0.0109375
2 0.4234375 0.46015625 0.003125 0.01171875
2 0.42890625 0.46015625 0.00390625 0.01171875
2 0.45 0.46015625 0.003125 0.0109375
2 0.47109375 0.46015625 0.00390625 0.0109375
2 0.4875 0.46015625 0.00390625 0.01171875
2 0.4921875 0.46015625 0.003125 0.0109375
2 0.44453125 0.4609375 0.003125 0.01171875
2 0.45546875 0.4609375 0.00390625 0.01171875
2 0.4984375 0.4609375 0.003125 0.0109375
2 0.584375 0.48984375 0.02734375 0.015625
2 0.6546875 0.48984375 0.025 0.015625
0 0.8 0.5 0.034375 0.040625
2 0.66171875 0.53203125 0.0078125 0.0046875
2 0.06875 0.5546875 0.0078125 0.0046875
2 0.1296875 0.55703125 0.0078125 0.0046875
1 0.6921875 0.5578125 0.01484375 0.01015625
1 0.1296875 0.5640625 0.0125 0.00703125
2 0.60625 0.565625 0.0125 0.00703125
1 0.61796875 0.56640625 0.0078125 0.0046875
0 0.09921875 0.571875 0.0359375 0.04140625
2 0.61796875 0.571875 0.00859375 0.0046875
1 0.1296875 0.57265625 0.0125 0.00625
1 0.6796875 0.57578125 0.01484375 0.009375
1 0.621875 0.57890625 0.0109375 0.00625
0 0.8 0.5796875 0.034375 0.04140625
1 0.1296875 0.5828125 0.0125 0.00703125
2 0.61796875 0.5859375 0.00703125 0.00546875
1 0.06640625 0.590625 0.0125 0.00703125
1 0.6796875 0.59140625 0.0125 0.00703125
1 0.1296875 0.59140625 0.0125 0.00703125
1 0.62109375 0.59296875 0.01171875 0.00625
2 0.61796875 0.6 0.0078125 0.00546875
1 0.69765625 0.60390625 0.00703125 0.0203125
1 0.62109375 0.60625 0.0125 0.00625
0 0.64609375 0.6171875 0.034375 0.06015625
1 0.28125 0.63046875 0.003125 0.0109375
1 0.29921875 0.63203125 0.00390625 0.01796875
1 0.6984375 0.6328125 0.00703125 0.0203125
1 0.246875 0.6328125 0.00546875 0.01796875
1 0.23046875 0.63359375 0.003125 0.0109375
2 0.334375 0.6578125 0.00859375 0.0046875
2 0.28046875 0.659375 0.0078125 0.0046875
1 0.61796875 0.6765625 0.0125 0.00703125
2 0.57421875 0.68359375 0.03203125 0.02578125
2 0.575 0.70546875 0.02734375 0.015625
2 0.12109375 0.71171875 0.0078125 0.00546875
1 0.5765625 0.71953125 0.0125 0.0078125
1 0.61484375 0.7578125 0.0125 0.00703125
1 0.57578125 0.76015625 0.0125 0.0078125
1 0.1515625 0.903125 0.01484375 0.009375
1 0.371875 0.90390625 0.01484375 0.01015625
1 0.59765625 0.90546875 0.01484375 0.01015625
2 0.26796875 0.0921875 0.00390625 0.0109375
2 0.31015625 0.0921875 0.00390625 0.01171875
2 0.24609375 0.09296875 0.00390625 0.0109375
2 0.25703125 0.09296875 0.00390625 0.0109375
2 0.2625 0.09296875 0.00390625 0.0109375
2 0.278125 0.09296875 0.00390625 0.0109375
2 0.2890625 0.09296875 0.00390625 0.0125
2 0.29453125 0.09296875 0.00390625 0.01171875
2 0.30546875 0.09296875 0.003125 0.01171875
2 0.67421875 0.9296875 0.0078125 0.0046875
2 0.22890625 0.93046875 0.0078125 0.00546875
2 0.2515625 0.09296875 0.00390625 0.01171875
2 0.2734375 0.09296875 0.00390625 0.0109375
2 0.28515625 0.09296875 0.003125 0.01015625
2 0.3 0.09296875 0.00390625 0.0125
2 0.44609375 0.93203125 0.00859375 0.00546875
2 0.67421875 0.9359375 0.00703125 0.0046875
2 0.22890625 0.9359375 0.0078125 0.0046875
2 0.44609375 0.9375 0.0078125 0.0046875
2 0.31953125 0.09609375 0.0078125 0.0046875
2 0.2328125 0.09609375 0.0078125 0.0046875
2 0.31953125 0.103125 0.0078125 0.0046875
2 0.2328125 0.10390625 0.0078125 0.0046875
2 0.2328125 0.11015625 0.00703125 0.0046875
2 0.31953125 0.1109375 0.00859375 0.0046875
2 0.31953125 0.11796875 0.0078125 0.00546875
2 0.2328125 0.11796875 0.0078125 0.0046875
2 0.2328125 0.125 0.0078125 0.0046875
2 0.31953125 0.125 0.0078125 0.00546875
2 0.2328125 0.1328125 0.0078125 0.0046875
2 0.31953125 0.1328125 0.00859375 0.00546875
2 0.2328125 0.13984375 0.0078125 0.0046875
2 0.31953125 0.13984375 0.0078125 0.00546875
2 0.2328125 0.146875 0.0078125 0.0046875
2 0.31953125 0.146875 0.0078125 0.00546875
2 0.35234375 0.14765625 0.00859375 0.0046875
2 0.37734375 0.14765625 0.00859375 0.0046875
2 0.31953125 0.1546875 0.0078125 0.00546875
2 0.2328125 0.1546875 0.0078125 0.0046875
0 0.2734375 0.15703125 0.06640625 0.10234375
2 0.23203125 0.16171875 0.0078125 0.0046875
2 0.31953125 0.16171875 0.0078125 0.00546875
2 0.528125 0.165625 0.0078125 0.0046875
2 0.2328125 0.16875 0.0078125 0.0046875
2 0.31953125 0.16875 0.0078125 0.0046875
2 0.528125 0.1703125 0.0078125 0.0046875
2 0.2328125 0.17578125 0.00859375 0.00546875
2 0.31953125 0.1765625 0.0078125 0.0046875
2 0.35234375 0.17890625 0.0078125 0.0046875
1 0.365625 0.1796875 0.0125 0.00625
2 0.37890625 0.1796875 0.00703125 0.00625
2 0.23203125 0.1828125 0.0078125 0.0046875
2 0.31953125 0.18359375 0.0078125 0.0046875
2 0.23203125 0.190625 0.0078125 0.0046875
2 0.31953125 0.190625 0.0078125 0.00546875
2 0.23203125 0.19765625 0.0078125 0.0046875
2 0.31953125 0.1984375 0.00859375 0.00546875
2 0.31953125 0.20546875 0.0078125 0.00546875
2 0.2328125 0.20546875 0.0078125 0.0046875
2 0.23203125 0.2125 0.0078125 0.0046875
2 0.31953125 0.2125 0.00859375 0.0046875
2 0.2328125 0.21953125 0.00703125 0.0046875
2 0.31953125 0.2203125 0.0078125 0.00546875
2 0.24375 0.2359375 0.003125 0.01171875
2 0.26484375 0.2359375 0.00390625 0.0109375
2 0.259375 0.23671875 0.003125 0.0109375
2 0.27578125 0.23671875 0.00390625 0.0109375
2 0.25390625 0.23671875 0.003125 0.01171875
2 0.2703125 0.23671875 0.00390625 0.01171875
2 0.24921875 0.23671875 0.00390625 0.0109375
2 0.28046875 0.23671875 0.00390625 0.01171875
2 0.2859375 0.23671875 0.00390625 0.01171875
2 0.29140625 0.23671875 0.003125 0.01171875
2 0.296875 0.23671875 0.003125 0.01171875
2 0.3125 0.23671875 0.00390625 0.01171875
2 0.23828125 0.23671875 0.00390625 0.01171875
2 0.30234375 0.23671875 0.003125 0.01171875
2 0.3078125 0.23671875 0.00390625 0.01171875
2 0.52734375 0.24140625 0.00859375 0.0046875
2 0.52734375 0.24609375 0.00859375 0.0046875
2 0.0546875 0.28046875 0.0078125 0.0046875
2 0.11640625 0.28046875 0.0078125 0.0046875
2 0.0546875 0.28515625 0.00859375 0.0046875
2 0.11640625 0.28515625 0.0078125 0.0046875
2 0.83046875 0.29375 0.00859375 0.00546875
2 0.83046875 0.3171875 0.0078125 0.00546875
