1 0.35078125 0.43515625 0.21328125 0.1265625
1 0.625 0.4609375 0.05703125 0.03515625
1 0.54375 0.54453125 0.05390625 0.03515625
1 0.5453125 0.61484375 0.03984375 0.01953125
1 0.6671875 0.678125 0.03828125 0.0640625
1 0.66796875 0.81328125 0.034375 0.05859375
1 0.54609375 0.80078125 0.13203125 0.21328125
2 0.14453125 0.5265625 0.03515625 0.02109375
1 0.14609375 0.5 0.028125 0.0171875
2 0.1484375 0.5921875 0.0328125 0.02265625
1 0.16796875 0.55859375 0.04296875 0.01953125
2 0.146875 0.659375 0.0328125 0.01953125
1 0.16796875 0.6234375 0.03984375 0.02265625
1 0.16796875 0.690625 0.03984375 0.02265625
2 0.38046875 0.13984375 0.08828125 0.05
2 0.16640625 0.08984375 0.29296875 0.1421875
2 0.07265625 0.496875 0.0484375 0.02578125
0 0.32734375 0.7421875 0.22265625 0.2796875
2 0.2625 0.55859375 0.028125 0.01875
2 0.4296875 0.3375 0.0328125 0.015625