0.0 0.778125 0.78046875 0.3296875 0.32265625
1.0 0.6359374999999999 0.93671875 0.03828125 0.05859375
1.0 0.39765624999999993 0.67578125 0.18203125 0.09921875
1.0 0.25234375 0.328125 0.18046875 0.11328125
1.0 0.16015624999999994 0.4265625 0.05703125 0.03515625
1.0 0.25468749999999996 0.42734375 0.02109375 0.03984375
1.0 0.4023437499999999 0.5484375 0.05703125 0.03125
1.0 0.31562499999999993 0.19140625 0.0453125 0.02421875
1.0 0.6390625 0.2125 0.02578125 0.05234375
1.0 0.58984375 0.2140625 0.02265625 0.05
1.0 0.6375 0.29921875 0.02265625 0.04375
1.0 0.79375 0.3859375000000001 0.0484375 0.02421875
1.0 0.7812499999999999 0.60234375 0.034375 0.0140625
1.0 0.7906249999999999 0.5593750000000001 0.046875 0.01953125
1.0 0.87890625 0.5593750000000001 0.0453125 0.02265625
1.0 0.4664062499999999 0.79375 0.1125 0.090625
1.0 0.5781249999999999 0.84140625 0.04296875 0.02421875
1.0 0.5859374999999999 0.79921875 0.0328125 0.01875
1.0 0.6210937499999999 0.50234375 0.02265625 0.04375
1.0 0.4929687499999999 0.3640625 0.0484375 0.02421875
2.0 0.5757812499999999 0.5 0.02734375 0.0484375
2.0 0.5273437499999999 0.4984375 0.02578125 0.05078125
1.0 0.47578124999999993 0.496875 0.02265625 0.0484375
1.0 0.85 0.603125 0.0328125 0.015625
1.0 0.6828124999999999 0.38671875 0.046875 0.02578125
2.0 0.409375 0.08828125 0.0625 0.03671875
2.0 0.4039062499999999 0.48359375 0.05859375 0.03828125
2.0 0.4031249999999999 0.359375 0.059375 0.034375
2.0 0.6195312499999999 0.6546875 0.0625 0.03671875
