1.0 0.75 0.84375 0.221875 0.18203125
1.0 0.96484375 0.82109375 0.015625 0.034375
1.0 0.77109375 0.678125 0.03984375 0.02421875
1.0 0.52421875 0.54609375 0.22421875 0.17734375
1.0 0.240625 0.78828125 0.2203125 0.18203125
1.0 0.3 0.52734375 0.05390625 0.03671875
1.0 0.303125 0.46796875 0.04140625 0.02109375
1.0 0.42109375 0.31875 0.05234375 0.04140625
1.0 0.62890625 0.2796875 0.02734375 0.0171875
1.0 0.53515625 0.1796875 0.05859375 0.03515625
1.0 0.53515625 0.11015625 0.05390625 0.03828125
1.0 0.40546875 0.03984375 0.046875 0.02265625
1.0 0.7796875 0.61328125 0.028125 0.0171875
1.0 0.7046875 0.20390625 0.028125 0.01875
