0.0 0.78046875 0.221875 0.32265625 0.3296875
1.0 0.93671875 0.3640625 0.05859375 0.03828125
1.0 0.67578125 0.60234375 0.09921875 0.18203125
1.0 0.328125 0.74765625 0.11328125 0.18046875
1.0 0.4265625 0.83984375 0.03515625 0.05703125
1.0 0.42734375 0.7453125 0.03984375 0.02109375
1.0 0.5484375 0.59765625 0.03125 0.05703125
1.0 0.19140625 0.684375 0.02421875 0.0453125
1.0 0.2125 0.3609375 0.05234375 0.02578125
1.0 0.2140625 0.41015625 0.05 0.02265625
1.0 0.29921875 0.3625 0.04375 0.02265625
1.0 0.3859375 0.20625 0.02421875 0.0484375
1.0 0.60234375 0.21875 0.0140625 0.034375
1.0 0.559375 0.209375 0.01953125 0.046875
1.0 0.559375 0.12109375 0.02265625 0.0453125
1.0 0.79375 0.53359375 0.090625 0.1125
1.0 0.84140625 0.421875 0.02421875 0.04296875
1.0 0.79921875 0.4140625 0.01875 0.0328125
1.0 0.50234375 0.37890625 0.04375 0.02265625
1.0 0.3640625 0.50703125 0.02421875 0.0484375
2.0 0.5 0.42421875 0.0484375 0.02734375
2.0 0.4984375 0.47265625 0.05078125 0.02578125
1.0 0.496875 0.52421875 0.0484375 0.02265625
1.0 0.603125 0.15 0.015625 0.0328125
1.0 0.38671875 0.3171875 0.02578125 0.046875
2.0 0.08828125 0.590625 0.03671875 0.0625
2.0 0.48359375 0.59609375 0.03828125 0.05859375
2.0 0.359375 0.596875 0.034375 0.059375
2.0 0.6546875 0.38046875 0.03671875 0.0625
