1 0.25 0.15625 0.221875 0.18203125
1 0.03515625 0.17890625 0.015625 0.034375
1 0.22890625 0.321875 0.03984375 0.02421875
1 0.47578125 0.45390625 0.22421875 0.17734375
1 0.759375 0.21171875 0.2203125 0.18203125
1 0.7 0.47265625 0.05390625 0.03671875
1 0.696875 0.53203125 0.04140625 0.02109375
1 0.57890625 0.68125 0.05234375 0.04140625
1 0.37109375 0.7203125 0.02734375 0.0171875
1 0.46484375 0.8203125 0.05859375 0.03515625
1 0.46484375 0.88984375 0.05390625 0.03828125
1 0.59453125 0.96015625 0.046875 0.02265625
1 0.2203125 0.38671875 0.028125 0.0171875
1 0.2953125 0.79609375 0.028125 0.01875