1.0 0.61015625 0.88359375 0.02421875 0.05078125
1.0 0.53515625 0.88515625 0.034375 0.05390625
1.0 0.490625 0.86328125 0.015625 0.03515625
1.0 0.459375 0.8625 0.015625 0.028125
1.0 0.41875 0.875 0.02578125 0.0484375
1.0 0.20390625 0.87109375 0.015625 0.028125
1.0 0.1640625 0.8796875 0.02734375 0.046875
1.0 0.8453125 0.73984375 0.03125 0.01953125
1.0 0.8859375 0.62890625 0.05546875 0.03671875
1.0 0.8453125 0.58515625 0.02578125 0.0171875
2.0 0.86328125 0.41328125 0.03125 0.01953125
2.0 0.8625 0.440625 0.03125 0.0171875
1.0 0.8625 0.46796875 0.03125 0.015625
1.0 0.8625 0.35234375 0.028125 0.0171875
1.0 0.86328125 0.38671875 0.02265625 0.015625
1.0 0.80859375 0.88671875 0.05234375 0.096875
1.0 0.87265625 0.26171875 0.04140625 0.02734375
1.0 0.51171875 0.0625 0.03515625 0.059375
1.0 0.70078125 0.0921875 0.015625 0.034375
1.0 0.215625 0.04453125 0.034375 0.05859375
1.0 0.07109375 0.228125 0.028125 0.02109375
1.0 0.05859375 0.42734375 0.02578125 0.0140625
1.0 0.05625 0.4546875 0.02734375 0.0171875
1.0 0.06484375 0.3578125 0.0328125 0.01953125
1.0 0.4578125 0.07109375 0.01875 0.03125
1.0 0.43046875 0.08203125 0.01953125 0.034375
2.0 0.86796875 0.678125 0.03125 0.01875
2.0 0.0546875 0.68046875 0.0328125 0.01953125
2.0 0.3640625 0.06640625 0.015625 0.03984375
2.0 0.86328125 0.49765625 0.03125 0.01875
0.0 0.45390625 0.478125 0.66640625 0.66328125
1.0 0.04296875 0.5859375 0.0328125 0.01875
