1.0 0.35390625 0.23984375 0.215625 0.17890625
1.0 0.35546874999999994 0.4546875 0.04375 0.02265625
1.0 0.34296874999999993 0.38046875 0.0609375 0.03671875
1.0 0.19531249999999994 0.81796875 0.05546875 0.034375
1.0 0.3164062499999999 0.7046875 0.0296875 0.0171875
1.0 0.32109374999999996 0.603125 0.034375 0.0125
1.0 0.21406249999999996 0.609375 0.046875 0.02265625
1.0 0.35390625 0.55 0.03984375 0.01953125
1.0 0.21484374999999994 0.578125 0.03125 0.0140625
1.0 0.21562499999999996 0.5515625 0.03125 0.0125
2.0 0.14374999999999993 0.5328125 0.03671875 0.0171875
2.0 0.14140624999999993 0.50234375 0.0328125 0.02109375
2.0 0.14687499999999995 0.4453125 0.03828125 0.01875
1.0 0.09609374999999995 0.3640625 0.046875 0.02734375
1.0 0.21249999999999997 0.471875 0.0328125 0.0140625
2.0 0.07968749999999997 0.178125 0.0171875 0.03828125
2.0 0.04999999999999997 0.17734375 0.0171875 0.03671875
2.0 0.08203124999999997 0.11640625 0.0171875 0.04296875
2.0 0.049218749999999964 0.1140625 0.01875 0.0328125
2.0 0.04374999999999993 0.7015625 0.03125 0.0171875
2.0 0.04296874999999993 0.6734375 0.0328125 0.0171875
2.0 0.041406249999999936 0.64296875 0.028125 0.01875
2.0 0.12968749999999993 0.70078125 0.0328125 0.015625
2.0 0.12734374999999992 0.67421875 0.0328125 0.01875
2.0 0.12890624999999994 0.64453125 0.0296875 0.0171875
2.0 0.04296874999999994 0.53125 0.03828125 0.0140625
2.0 0.04062499999999994 0.503125 0.0296875 0.0171875
2.0 0.04531249999999994 0.4453125 0.03125 0.01875
