1.0 0.384375 0.65234375 0.21171875 0.184375
1.0 0.78515625 0.15703125 0.17734375 0.21484375
1.0 0.9078125 0.41640625 0.02421875 0.040625
1.0 0.90625 0.72734375 0.03359375 0.046875
1.0 0.92421875 0.16953125 0.034375 0.05859375
1.0 0.9109375 0.5171875 0.02578125 0.015625
1.0 0.446875 0.9171875 0.21875 0.165625
1.0 0.95390625 0.64609375 0.01328125 0.02890625
2.0 0.91171875 0.54609375 0.03046875 0.01640625
2.0 0.91328125 0.57421875 0.02890625 0.01484375
2.0 0.72109375 0.43515625 0.03125 0.015625
2.0 0.71953125 0.46328125 0.034375 0.01484375
2.0 0.6609375 0.43203125 0.03671875 0.01640625
2.0 0.65859375 0.4640625 0.02890625 0.01796875
2.0 0.98671875 0.365625 0.01328125 0.02890625
