2 0.328125 0.42421875 0.0078125 0.00703125
2 0.5484375 0.4265625 0.00703125 0.00546875
2 0.84140625 0.4265625 0.003125 0.01328125
2 0.4546875 0.4328125 0.003125 0.01328125
2 0.65 0.43359375 0.00703125 0.00546875
1 0.4609375 0.43359375 0.003125 0.01484375
2 0.57109375 0.4390625 0.003125 0.0125
1 0.578125 0.4390625 0.003125 0.0140625
2 0.33984375 0.44140625 0.003125 0.01171875
2 0.3484375 0.44140625 0.00234375 0.01171875
1 0.44375 0.44140625 0.003125 0.01328125
1 0.35390625 0.44140625 0.003125 0.01328125
1 0.4375 0.4421875 0.003125 0.0125
1 0.66171875 0.44453125 0.003125 0.01328125
1 0.325 0.44609375 0.003125 0.01328125
1 0.33046875 0.44609375 0.003125 0.01328125
1 0.103125 0.44609375 0.003125 0.01328125
2 0.10703125 0.44609375 0.003125 0.01484375
2 0.559375 0.44609375 0.00234375 0.01328125
2 0.675 0.44765625 0.003125 0.01328125
1 0.55390625 0.44765625 0.003125 0.01328125
2 0.44609375 0.0453125 0.003125 0.0140625
2 0.4515625 0.0453125 0.003125 0.0140625
1 0.5484375 0.44765625 0.003125 0.01328125
2 0.42890625 0.45234375 0.00703125 0.00546875
2 0.66953125 0.45234375 0.003125 0.0125
2 0.45546875 0.45859375 0.003125 0.01171875
2 0.12578125 0.46015625 0.003125 0.01328125
1 0.134375 0.4609375 0.003125 0.01328125
2 0.096875 0.47265625 0.00625 0.02421875
2 0.64921875 0.47265625 0.00625 0.025
2 0.42890625 0.475 0.00625 0.02421875
2 0.3171875 0.4765625 0.00625 0.02421875
2 0.540625 0.4765625 0.00625 0.02421875
2 0.78203125 0.4765625 0.00703125 0.0046875
0 0.4453125 0.48203125 0.0140625 0.046875
2 0.46015625 0.4828125 0.00703125 0.02421875
0 0.33359375 0.48515625 0.01484375 0.046875
2 0.346875 0.4859375 0.00703125 0.0234375
0 0.66328125 0.4859375 0.01484375 0.04453125
0 0.11171875 0.4875 0.0140625 0.0453125
2 0.67578125 0.48671875 0.00625 0.0234375
2 0.56953125 0.4890625 0.00625 0.025
2 0.125 0.4890625 0.00625 0.025
0 0.55625 0.49140625 0.0140625 0.0453125
2 0.096875 0.50546875 0.00625 0.02421875
2 0.64921875 0.50625 0.00625 0.02421875
2 0.31875 0.50703125 0.00625 0.02421875
2 0.540625 0.5078125 0.00546875 0.02421875
2 0.42890625 0.5078125 0.00625 0.025
2 0.4546875 0.509375 0.003125 0.0125
2 0.3421875 0.51171875 0.003125 0.01328125
2 0.67265625 0.5140625 0.003125 0.0125
2 0.13203125 0.5140625 0.003125 0.0140625
2 0.56484375 0.51484375 0.003125 0.0125
2 0.840625 0.5171875 0.00390625 0.01328125
1 0.63203125 0.56953125 0.00859375 0.034375
1 0.675 0.5703125 0.009375 0.03515625
1 0.5171875 0.5703125 0.0078125 0.03515625
1 0.5609375 0.57109375 0.00859375 0.0359375
1 0.45703125 0.571875 0.009375 0.034375
1 0.4140625 0.57109375 0.00859375 0.03515625
1 0.07578125 0.571875 0.00859375 0.03515625
1 0.11796875 0.571875 0.00859375 0.03515625
1 0.29765625 0.5734375 0.00859375 0.03359375
1 0.340625 0.5734375 0.00859375 0.03515625
2 0.70078125 0.58828125 0.00703125 0.00546875
2 0.70859375 0.59140625 0.00234375 0.01171875
2 0.365625 0.59140625 0.00703125 0.00546875
2 0.69296875 0.59140625 0.003125 0.01484375
2 0.92265625 0.59453125 0.003125 0.01328125
2 0.9109375 0.59609375 0.003125 0.0125
2 0.9 0.5953125 0.003125 0.01328125
2 0.37421875 0.59609375 0.00390625 0.02109375
1 0.70078125 0.5953125 0.00703125 0.00703125
2 0.359375 0.59609375 0.003125 0.021875
2 0.58515625 0.596875 0.00625 0.00546875
2 0.57890625 0.6 0.003125 0.0125
2 0.5921875 0.6 0.003125 0.01171875
1 0.365625 0.6 0.00703125 0.0046875
2 0.484375 0.6015625 0.00859375 0.0046875
1 0.58515625 0.6046875 0.00703125 0.00546875
2 0.47578125 0.6046875 0.003125 0.0125
2 0.49375 0.60625 0.003125 0.0125
1 0.484375 0.609375 0.00703125 0.00546875
0 0.64921875 0.61640625 0.04296875 0.0546875
0 0.5359375 0.6171875 0.04375 0.05390625
1 0.6765625 0.6171875 0.00546875 0.021875
1 0.5625 0.61796875 0.0046875 0.02109375
1 0.45859375 0.61796875 0.00546875 0.02109375
0 0.09296875 0.61796875 0.04375 0.0546875
0 0.43125 0.61875 0.04375 0.0546875
1 0.1203125 0.61875 0.0046875 0.021875
1 0.3421875 0.61953125 0.00546875 0.0203125
0 0.315625 0.61953125 0.04375 0.0546875
2 0.83203125 0.64296875 0.00703125 0.00546875
2 0.8234375 0.646875 0.003125 0.0125
2 0.8390625 0.64765625 0.003125 0.01328125
1 0.64453125 0.65 0.0109375 0.01015625
1 0.53125 0.65 0.01171875 0.01015625
1 0.08828125 0.6515625 0.0125 0.0109375
1 0.4265625 0.65234375 0.0125 0.01015625
1 0.83125 0.653125 0.0078125 0.0046875
1 0.3109375 0.653125 0.01171875 0.01015625
2 0.8078125 0.70546875 0.00625 0.025
0 0.821875 0.70625 0.01484375 0.0453125
1 0.840625 0.7078125 0.003125 0.01328125
2 0.834375 0.7078125 0.003125 0.0140625
2 0.2046875 0.71640625 0.00625 0.02421875
2 0.24375 0.71640625 0.00625 0.02421875
2 0.2578125 0.71796875 0.00625 0.025
2 0.23125 0.7171875 0.00625 0.02421875
1 0.10546875 0.73203125 0.0078125 0.00703125
1 0.7828125 0.74453125 0.003125 0.01328125
1 0.796875 0.7609375 0.0046875 0.021875
2 0.83671875 0.7828125 0.06171875 0.06875
2 0.35 0.81640625 0.00390625 0.01328125
1 0.34140625 0.81640625 0.003125 0.0125
2 0.33515625 0.8171875 0.003125 0.0125
2 0.421875 0.8171875 0.003125 0.0125
1 0.41640625 0.81796875 0.003125 0.0125
2 0.4046875 0.81875 0.003125 0.0125
2 0.2828125 0.81875 0.003125 0.0140625
1 0.44140625 0.0828125 0.00625 0.02421875
2 0.4921875 0.821875 0.003125 0.01328125
1 0.4875 0.821875 0.00234375 0.0140625
2 0.47734375 0.8234375 0.003125 0.01328125
2 0.56328125 0.8234375 0.003125 0.01484375
1 0.5578125 0.82421875 0.003125 0.01328125
2 0.546875 0.8234375 0.003125 0.0140625
2 0.61953125 0.825 0.003125 0.01328125
1 0.63125 0.82578125 0.003125 0.01328125
2 0.63671875 0.82578125 0.003125 0.01328125
2 0.27578125 0.82890625 0.00234375 0.01328125
1 0.78984375 0.8390625 0.00703125 0.00703125
0 0.50546875 0.08671875 0.01171875 0.0234375
1 0.51640625 0.090625 0.003125 0.0125
1 0.52265625 0.090625 0.00390625 0.01328125
1 0.48671875 0.10078125 0.00703125 0.00546875
1 0.50859375 0.11484375 0.003125 0.0140625
1 0.503125 0.11484375 0.003125 0.01328125
1 0.528125 0.11484375 0.003125 0.0125
1 0.52265625 0.11484375 0.003125 0.01484375
1 0.540625 0.11953125 0.0125 0.01015625
1 0.6859375 0.134375 0.003125 0.01328125
1 0.353125 0.13671875 0.003125 0.01328125
2 0.4640625 0.1375 0.003125 0.01328125
1 0.5015625 0.14921875 0.003125 0.0140625
1 0.1765625 0.15859375 0.00859375 0.02421875
1 0.41953125 0.159375 0.0046875 0.02109375
1 0.40078125 0.159375 0.00390625 0.02109375
1 0.43515625 0.1609375 0.0046875 0.02109375
1 0.42734375 0.1625 0.003125 0.01328125
1 0.4109375 0.1625 0.003125 0.01328125
0 0.365625 0.1625 0.0125 0.0609375
1 0.45390625 0.165625 0.003125 0.01171875
1 0.46484375 0.17890625 0.00703125 0.02421875
2 0.4171875 0.1828125 0.003125 0.0125
2 0.425 0.1828125 0.003125 0.0140625
2 0.40390625 0.18359375 0.003125 0.01171875
2 0.42109375 0.1828125 0.003125 0.0125
2 0.4078125 0.1828125 0.003125 0.0140625
2 0.4125 0.18359375 0.003125 0.01328125
2 0.434375 0.1828125 0.003125 0.0140625
2 0.4296875 0.184375 0.003125 0.01484375
2 0.45390625 0.1859375 0.00234375 0.0140625
2 0.45859375 0.1859375 0.003125 0.0125
1 0.1765625 0.18671875 0.009375 0.0109375
2 0.5578125 0.1984375 0.0078125 0.00546875
1 0.21328125 0.20078125 0.00703125 0.0171875
1 0.8375 0.2015625 0.00703125 0.01796875
2 0.55 0.20234375 0.003125 0.01328125
2 0.565625 0.20234375 0.003125 0.0125
1 0.55859375 0.20625 0.00859375 0.0046875
1 0.015625 0.21171875 0.00546875 0.01796875
1 0.8046875 0.2125 0.01015625 0.01171875
1 0.81875 0.21328125 0.009375 0.0109375
2 0.4671875 0.21640625 0.0078125 0.0046875
2 0.50546875 0.021875 0.00703125 0.00546875
1 0.54375 0.021875 0.00703125 0.00546875
2 0.38984375 0.21796875 0.00703125 0.00546875
1 0.3765625 0.21796875 0.00703125 0.00546875
1 0.53515625 0.021875 0.00703125 0.00546875
2 0.4671875 0.22265625 0.00703125 0.0046875
1 0.48203125 0.2234375 0.00703125 0.0046875
2 0.8375 0.22421875 0.00859375 0.0234375
1 0.1578125 0.225 0.00859375 0.02421875
2 0.16796875 0.225 0.00859375 0.02421875
2 0.1765625 0.225 0.0078125 0.0234375
1 0.80546875 0.225 0.0109375 0.0109375
2 0.18671875 0.225 0.00859375 0.02421875
2 0.2203125 0.22578125 0.0078125 0.02421875
2 0.2296875 0.22578125 0.00859375 0.025
2 0.390625 0.22578125 0.00703125 0.00546875
1 0.52421875 0.02265625 0.00625 0.00546875
0 0.5515625 0.23125 0.01640625 0.028125
0 0.43203125 0.23984375 0.0578125 0.0796875
2 0.90390625 0.240625 0.00859375 0.02421875
2 0.38984375 0.2421875 0.00703125 0.00546875
0 0.80703125 0.2453125 0.015625 0.0265625
1 0.165625 0.24609375 0.009375 0.01015625
2 0.8375 0.24765625 0.00859375 0.02421875
1 0.1875 0.24765625 0.00625 0.0171875
2 0.340625 0.24921875 0.003125 0.01484375
1 0.89453125 0.24921875 0.00703125 0.00703125
2 0.9171875 0.24921875 0.0140625 0.01328125
2 0.38984375 0.24921875 0.00703125 0.00546875
1 0.5515625 0.25078125 0.00703125 0.00546875
1 0.49765625 0.025 0.003125 0.0109375
2 0.4671875 0.2515625 0.00703125 0.00703125
1 0.828125 0.2515625 0.00625 0.0171875
1 0.378125 0.25390625 0.00703125 0.00703125
0 0.20625 0.2546875 0.01640625 0.0265625
1 0.5140625 0.025 0.003125 0.01171875
2 0.165625 0.25703125 0.01015625 0.0109375
2 0.38984375 0.25859375 0.0078125 0.0046875
2 0.46796875 0.2578125 0.0078125 0.00546875
1 0.4828125 0.26328125 0.01171875 0.00859375
2 0.390625 0.265625 0.00703125 0.00546875
2 0.340625 0.2671875 0.003125 0.0125
2 0.165625 0.2703125 0.01015625 0.0109375
1 0.11171875 0.27265625 0.00546875 0.01796875
1 0.11875 0.2734375 0.0046875 0.0125
2 0.7953125 0.275 0.00859375 0.0234375
2 0.78515625 0.27421875 0.00859375 0.02421875
1 0.21015625 0.275 0.0109375 0.0125
2 0.140625 0.28125 0.0078125 0.02421875
1 0.165625 0.2828125 0.01015625 0.0109375
1 0.08125 0.28671875 0.01328125 0.0140625
1 0.09609375 0.2875 0.01328125 0.01328125
1 0.19609375 0.28828125 0.009375 0.01171875
1 0.21015625 0.2875 0.01015625 0.0109375
2 0.52890625 0.02890625 0.00703125 0.00703125
1 0.85 0.29453125 0.0109375 0.01015625
1 0.1828125 0.29921875 0.0046875 0.01796875
2 0.421875 0.29921875 0.003125 0.0140625
2 0.4375 0.29921875 0.003125 0.0125
2 0.45703125 0.29921875 0.003125 0.0125
1 0.8015625 0.3 0.00703125 0.01796875
2 0.4015625 0.3 0.00390625 0.01328125
2 0.41328125 0.29921875 0.003125 0.0125
2 0.44140625 0.3 0.003125 0.01328125
2 0.45 0.29921875 0.003125 0.0140625
2 0.43359375 0.3 0.003125 0.01171875
2 0.4609375 0.3 0.00234375 0.01328125
2 0.83828125 0.3 0.00859375 0.0234375
2 0.4171875 0.29921875 0.003125 0.0125
2 0.42578125 0.3 0.00234375 0.01328125
2 0.42890625 0.3 0.003125 0.01328125
2 0.44609375 0.29921875 0.00234375 0.0140625
2 0.453125 0.3 0.00234375 0.01328125
2 0.409375 0.3 0.003125 0.0125
2 0.40546875 0.30078125 0.003125 0.01484375
1 0.015625 0.31015625 0.00625 0.01796875
2 0.54921875 0.03125 0.00703125 0.00546875
0 0.85234375 0.315625 0.0171875 0.0234375
2 0.515625 0.31875 0.01171875 0.046875
2 0.5390625 0.03125 0.003125 0.01171875
2 0.5359375 0.03203125 0.003125 0.01171875
1 0.40703125 0.32265625 0.003125 0.0125
1 0.4234375 0.3234375 0.003125 0.0125
1 0.45234375 0.3234375 0.003125 0.0125
1 0.4359375 0.32421875 0.00390625 0.0125
1 0.446875 0.325 0.003125 0.01328125
1 0.4609375 0.32421875 0.003125 0.0125
0 0.12109375 0.325 0.04921875 0.0859375
1 0.46953125 0.32578125 0.00390625 0.02109375
1 0.15 0.32578125 0.0046875 0.0125
1 0.15625 0.33046875 0.00546875 0.01796875
1 0.18359375 0.33046875 0.00546875 0.0171875
1 0.41484375 0.3328125 0.00625 0.025
1 0.8421875 0.34296875 0.00859375 0.02421875
1 0.85234375 0.34296875 0.00859375 0.0234375
1 0.14921875 0.34453125 0.0046875 0.0125
1 0.15625 0.35234375 0.00625 0.0171875
2 0.52890625 0.0359375 0.00703125 0.0046875
2 0.55 0.03828125 0.00703125 0.0046875
1 0.4359375 0.41171875 0.003125 0.0125
