1 0.3453125 0.4015625 0.0109375 0.05
1 0.38671875 0.4015625 0.01015625 0.04921875
1 0.3671875 0.4015625 0.0109375 0.04921875
2 0.1828125 0.43125 0.01171875 0.04921875
2 0.2078125 0.43125 0.0109375 0.05078125
2 0.12734375 0.59921875 0.028125 0.06015625
1 0.4875 0.60078125 0.0109375 0.05
0 0.36953125 0.61328125 0.11484375 0.18046875
2 0.1390625 0.6671875 0.01328125 0.0515625
2 0.16171875 0.74375 0.01015625 0.05
2 0.18203125 0.74453125 0.01015625 0.04921875
0 0.2375 0.746875 0.07265625 0.14921875
2 0.5875 0.79140625 0.0125 0.046875
2 0.6140625 0.7921875 0.01171875 0.04921875
2 0.2234375 0.8484375 0.01796875 0.0140625
1 0.15546875 0.865625 0.009375 0.04765625
2 0.33671875 0.8671875 0.01171875 0.05078125
2 0.3 0.88828125 0.03203125 0.01796875
2 0.209375 0.909375 0.01015625 0.0484375
2 0.1890625 0.909375 0.01171875 0.0484375
1 0.23046875 0.909375 0.01015625 0.0515625
2 0.1828125 0.278125 0.0109375 0.0515625
2 0.2109375 0.27890625 0.0125 0.0515625
2 0.23828125 0.27890625 0.0109375 0.0515625
2 0.26640625 0.28046875 0.01171875 0.04921875
2 0.54375 0.28046875 0.01171875 0.04921875
2 0.48828125 0.28046875 0.01171875 0.0484375
2 0.51640625 0.28046875 0.0125 0.04921875
2 0.12890625 0.378125 0.0296875 0.05703125
