1.0 0.6992187499999999 0.63671875 0.0171875 0.03984375
2.0 0.6710937499999999 0.6375 0.02109375 0.03984375
2.0 0.6429687499999999 0.6375 0.01875 0.034375
2.0 0.91328125 0.82890625 0.03984375 0.02109375
2.0 0.9140625 0.725 0.03828125 0.02109375
2.0 0.41796875 0.20859375 0.02109375 0.04296875
2.0 0.41875 0.15234375 0.01953125 0.03828125
2.0 0.3789062499999999 0.69921875 0.08203125 0.08671875
1.0 0.22109374999999992 0.76484375 0.02109375 0.04140625
1.0 0.2617187499999999 0.71640625 0.0171875 0.03515625
1.0 0.018749999999999926 0.76953125 0.01953125 0.03984375
1.0 0.23281249999999995 0.42421875 0.03671875 0.015625
1.0 0.031249999999999962 0.21484375 0.01953125 0.0328125
1.0 0.22187499999999996 0.16640625 0.0765625 0.08828125
1.0 0.77109375 0.015625 0.02265625 0.03125
1.0 0.890625 0.2257812500000001 0.03671875 0.0171875
1.0 0.88984375 0.06015625 0.03828125 0.015625
2.0 0.16796874999999994 0.2140625 0.01875 0.0296875
0.0 0.6937499999999999 0.83359375 0.3421875 0.26171875
0.0 0.83671875 0.34062500000000007 0.15625 0.184375
