2 0.728125 0.12734375 0.0140625 0.009375
0 0.45390625 0.1296875 0.0140625 0.02578125
1 0.46640625 0.13203125 0.0078125 0.02109375
2 0.42109375 0.146875 0.00625 0.02265625
2 0.44140625 0.1578125 0.00859375 0.01640625
0 0.084375 0.19453125 0.04453125 0.04375
2 0.29375 0.2375 0.0140625 0.00859375
2 0.1234375 0.24609375 0.0046875 0.01640625
2 0.1296875 0.24609375 0.0046875 0.01875
2 0.13515625 0.24609375 0.00390625 0.02109375
2 0.1421875 0.24765625 0.0046875 0.02109375
2 0.37265625 0.25 0.009375 0.00859375
2 0.1234375 0.26796875 0.0046875 0.0203125
2 0.1296875 0.2703125 0.00625 0.0203125
2 0.1359375 0.2703125 0.00390625 0.01796875
2 0.1421875 0.27109375 0.0046875 0.01875
2 0.371875 0.28203125 0.009375 0.009375
1 0.0640625 0.3046875 0.0453125 0.07265625
2 0.37265625 0.31015625 0.0109375 0.009375
0 0.41875 0.3125 0.07734375 0.2203125
2 0.290625 0.32421875 0.00546875 0.015625
1 0.22734375 0.32734375 0.00625 0.02109375
1 0.2078125 0.3296875 0.00703125 0.01875
2 0.37265625 0.3375 0.00859375 0.00703125
1 0.22734375 0.35703125 0.009375 0.0109375
2 0.29609375 0.35703125 0.01171875 0.01328125
2 0.2390625 0.35703125 0.009375 0.00859375
1 0.0640625 0.35703125 0.0109375 0.015625
1 0.0359375 0.3625 0.0109375 0.0140625
1 0.04765625 0.3640625 0.00703125 0.01875
1 0.2921875 0.3734375 0.00390625 0.0140625
1 0.3046875 0.37421875 0.00546875 0.01640625
2 0.29765625 0.37421875 0.0046875 0.015625
2 0.2421875 0.37578125 0.0046875 0.01875
1 0.24921875 0.37734375 0.00546875 0.0203125
2 0.23125 0.3859375 0.0078125 0.0203125
2 0.31015625 0.39453125 0.0046875 0.0203125
2 0.2921875 0.39609375 0.0046875 0.02109375
2 0.2984375 0.39609375 0.00390625 0.01640625
2 0.3046875 0.396875 0.00390625 0.01875
2 0.21015625 0.3984375 0.0078125 0.01875
2 0.24140625 0.39765625 0.0046875 0.015625
1 0.16484375 0.3984375 0.025 0.05234375
2 0.2484375 0.39765625 0.00390625 0.015625
2 0.05859375 0.403125 0.0046875 0.01875
1 0.06484375 0.40390625 0.003125 0.0203125
2 0.23203125 0.40390625 0.01171875 0.0109375
0 0.04296875 0.40703125 0.01875 0.03671875
2 0.2421875 0.415625 0.00390625 0.015625
2 0.2484375 0.4171875 0.00390625 0.01640625
2 0.3109375 0.41875 0.00390625 0.01640625
2 0.3046875 0.41953125 0.00390625 0.0203125
2 0.29140625 0.4203125 0.0046875 0.015625
2 0.2984375 0.41953125 0.00390625 0.01640625
2 0.18515625 0.42109375 0.0046875 0.01875
2 0.20546875 0.42109375 0.00703125 0.01875
2 0.31796875 0.42109375 0.00625 0.01640625
1 0.225 0.421875 0.015625 0.01328125
2 0.2125 0.421875 0.00546875 0.01640625
2 0.05859375 0.43046875 0.0078125 0.009375
2 0.44921875 0.44375 0.01015625 0.00859375
1 0.41171875 0.4453125 0.00703125 0.02265625
2 0.45234375 0.46015625 0.00703125 0.02109375
2 0.41171875 0.4671875 0.00859375 0.01640625
1 0.4421875 0.4921875 0.0140625 0.01171875
0 0.4265625 0.53828125 0.04453125 0.0734375
2 0.11328125 0.54140625 0.01015625 0.009375
2 0.13671875 0.55 0.009375 0.00859375
2 0.1140625 0.553125 0.0140625 0.009375
2 0.13828125 0.565625 0.00859375 0.00703125
0 0.24453125 0.60234375 0.146875 0.234375
1 0.41953125 0.62578125 0.015625 0.00859375
2 0.07578125 0.6328125 0.0046875 0.015625
2 0.06875 0.634375 0.0046875 0.01796875
2 0.09140625 0.6359375 0.0046875 0.0203125
2 0.084375 0.6359375 0.0046875 0.02109375
1 0.41875 0.6375 0.01328125 0.009375
2 0.10625 0.6515625 0.00390625 0.01875
2 0.10078125 0.653125 0.0046875 0.0203125
2 0.09453125 0.65546875 0.00546875 0.01640625
2 0.0875 0.65625 0.0046875 0.0140625
1 0.12578125 0.6765625 0.028125 0.05703125
1 0.10078125 0.6765625 0.015625 0.01875
0 0.41015625 0.68515625 0.05234375 0.08203125
1 0.08046875 0.69140625 0.0125 0.01328125
1 0.10078125 0.7 0.0171875 0.01640625
2 0.13984375 0.07109375 0.0046875 0.01796875
2 0.0796875 0.70546875 0.0125 0.0109375
1 0.0796875 0.71953125 0.01171875 0.0140625
2 0.08046875 0.73359375 0.015625 0.009375
2 0.55078125 0.77109375 0.00546875 0.02265625
2 0.55859375 0.77265625 0.00546875 0.025
2 0.24296875 0.77265625 0.00859375 0.02265625
2 0.24921875 0.078125 0.01015625 0.009375
2 0.2515625 0.7734375 0.00625 0.02265625
2 0.265625 0.7734375 0.0078125 0.02734375
2 0.25859375 0.775 0.003125 0.02578125
2 0.23203125 0.775 0.00703125 0.01875
0 0.83203125 0.78203125 0.0359375 0.0453125
1 0.15390625 0.78203125 0.015625 0.01640625
2 0.1265625 0.784375 0.00390625 0.015625
2 0.1265625 0.07890625 0.0046875 0.01796875
1 0.1203125 0.78515625 0.00390625 0.015625
2 0.57265625 0.7921875 0.0046875 0.01875
1 0.1859375 0.7921875 0.00703125 0.03125
2 0.59375 0.7921875 0.0046875 0.01875
2 0.58671875 0.79296875 0.00625 0.01875
2 0.51171875 0.79375 0.00546875 0.01796875
2 0.56484375 0.79453125 0.0046875 0.02109375
2 0.58046875 0.79453125 0.003125 0.02109375
2 0.603125 0.79375 0.0078125 0.01796875
2 0.1328125 0.08046875 0.0046875 0.01796875
2 0.50234375 0.796875 0.01015625 0.0109375
0 0.09140625 0.79921875 0.04296875 0.05234375
0 0.09140625 0.8 0.04609375 0.05234375
1 0.46015625 0.80390625 0.01015625 0.00703125
2 0.38125 0.08125 0.0046875 0.01796875
1 0.24375 0.8109375 0.00625 0.02109375
2 0.50234375 0.81484375 0.0125 0.01328125
2 0.8703125 0.8171875 0.003125 0.0203125
1 0.528125 0.81875 0.02734375 0.0296875
1 0.234375 0.82109375 0.0078125 0.02265625
2 0.496875 0.83203125 0.0046875 0.02109375
2 0.4078125 0.08359375 0.0078125 0.01875
2 0.43046875 0.08359375 0.00546875 0.01875
2 0.490625 0.83203125 0.00390625 0.01875
2 0.50390625 0.83359375 0.00390625 0.01640625
2 0.4828125 0.83359375 0.0078125 0.01640625
2 0.4578125 0.834375 0.00390625 0.0140625
2 0.46484375 0.8359375 0.0046875 0.01875
2 0.47578125 0.83671875 0.00546875 0.01328125
1 0.12265625 0.840625 0.00546875 0.01875
2 0.23828125 0.84609375 0.00625 0.0203125
1 0.16328125 0.846875 0.0421875 0.0734375
2 0.23046875 0.84765625 0.00546875 0.02109375
1 0.24921875 0.85 0.0125 0.03359375
2 0.41640625 0.0859375 0.0046875 0.0234375
2 0.24921875 0.08828125 0.01328125 0.00859375
1 0.378125 0.8890625 0.0171875 0.025
2 0.2484375 0.0984375 0.01640625 0.00859375
1 0.4640625 0.10078125 0.0109375 0.03203125
2 0.25 0.10703125 0.01640625 0.00703125
2 0.4234375 0.1078125 0.0046875 0.0203125
2 0.13984375 0.1078125 0.00625 0.01796875
2 0.1265625 0.1078125 0.003125 0.0203125
2 0.390625 0.1078125 0.00546875 0.0203125
2 0.1328125 0.109375 0.0046875 0.01640625
2 0.43671875 0.109375 0.00390625 0.01875
2 0.40078125 0.1109375 0.0046875 0.01796875
2 0.72734375 0.1140625 0.01171875 0.01171875
