0.0 0.81015625 0.48906250000000007 0.16328125 0.18359375
0.0 0.81484375 0.7734375 0.16640625 0.17734375
1.0 0.6757812499999999 0.6484375 0.08125 0.078125
1.0 0.66484375 0.36171875 0.08515625 0.08125
1.0 0.73046875 0.08203125 0.01953125 0.03984375
2.0 0.44843749999999993 0.81171875 0.01875 0.03828125
2.0 0.4109374999999999 0.809375 0.02109375 0.03671875
1.0 0.3765624999999999 0.8109375 0.0171875 0.03671875
1.0 0.5453124999999999 0.90390625 0.08828125 0.08984375
2.0 0.6460937499999999 0.76953125 0.01953125 0.034375
2.0 0.7015624999999999 0.71640625 0.0171875 0.0328125
2.0 0.6742187499999999 0.71796875 0.01875 0.0328125
2.0 0.6460937499999999 0.71640625 0.0171875 0.04140625
2.0 0.6437499999999999 0.48359375 0.01953125 0.0328125
2.0 0.6992187499999999 0.42578125 0.01875 0.03984375
2.0 0.6710937499999999 0.4265625 0.015625 0.03515625
2.0 0.6437499999999999 0.42734375 0.0171875 0.03125
2.0 0.5640625 0.08203125 0.02265625 0.03984375
2.0 0.4828124999999999 0.740625 0.01953125 0.03515625
2.0 0.4492187499999999 0.7421875 0.01953125 0.03515625
2.0 0.41328124999999993 0.7421875 0.0171875 0.03828125
2.0 0.3749999999999999 0.74296875 0.0171875 0.03671875
1.0 0.87890625 0.64453125 0.02265625 0.03984375
1.0 0.878125 0.3554687500000001 0.01953125 0.04375
