2 0.8203125 0.5234375 0.009375 0.01796875
2 0.78203125 0.52421875 0.0078125 0.015625
2 0.83359375 0.52421875 0.0078125 0.0171875
2 0.753125 0.52421875 0.0078125 0.01953125
2 0.77265625 0.525 0.00546875 0.01796875
1 0.7921875 0.525 0.009375 0.01796875
2 0.8015625 0.52421875 0.00859375 0.0171875
1 0.72421875 0.525 0.00859375 0.01875
2 0.734375 0.525 0.00859375 0.01640625
2 0.76328125 0.525 0.00859375 0.01953125
2 0.8109375 0.525 0.0078125 0.01796875
2 0.74453125 0.525 0.0078125 0.01875
2 0.6453125 0.52578125 0.015625 0.0109375
1 0.659375 0.5328125 0.00859375 0.01875
0 0.565625 0.55 0.125 0.14375
0 0.39609375 0.603125 0.1640625 0.08125
1 0.26953125 0.60703125 0.009375 0.0171875
0 0.19296875 0.6078125 0.1234375 0.075
2 0.259375 0.6078125 0.0078125 0.0171875
2 0.11328125 0.6109375 0.0078125 0.01875
1 0.121875 0.6109375 0.009375 0.01875
2 0.10234375 0.61171875 0.00625 0.01796875
2 0.04765625 0.61640625 0.00859375 0.01875
2 0.05859375 0.6171875 0.00859375 0.0203125
2 0.06796875 0.61796875 0.00859375 0.01875
2 0.10390625 0.63359375 0.0078125 0.01796875
2 0.11328125 0.634375 0.00703125 0.01875
2 0.12265625 0.63515625 0.009375 0.0203125
2 0.05703125 0.6359375 0.00859375 0.01875
2 0.07890625 0.63671875 0.00859375 0.015625
2 0.046875 0.63671875 0.01015625 0.01796875
2 0.06640625 0.6375 0.00859375 0.01875
2 0.1046875 0.65546875 0.00703125 0.01875
0 0.8015625 0.67421875 0.265625 0.2796875
2 0.7640625 0.06875 0.00625 0.015625
2 0.6421875 0.6859375 0.0078125 0.01796875
2 0.51015625 0.72421875 0.00625 0.0234375
2 0.5671875 0.725 0.00859375 0.0203125
2 0.590625 0.72421875 0.00859375 0.01953125
2 0.55625 0.725 0.0078125 0.01953125
2 0.52265625 0.72578125 0.0078125 0.01953125
2 0.60234375 0.72578125 0.00859375 0.01875
2 0.54453125 0.72578125 0.0078125 0.01953125
1 0.32890625 0.72578125 0.00859375 0.02265625
2 0.46171875 0.7265625 0.0078125 0.01953125
2 0.57890625 0.7265625 0.0078125 0.01796875
2 0.43046875 0.7265625 0.00859375 0.01875
1 0.3421875 0.7265625 0.0078125 0.0234375
2 0.4421875 0.72734375 0.0078125 0.01953125
2 0.3515625 0.72734375 0.00625 0.01875
2 0.37421875 0.728125 0.00859375 0.01875
2 0.3625 0.728125 0.00859375 0.01953125
0 0.271875 0.7359375 0.10234375 0.034375
2 0.64140625 0.75234375 0.009375 0.01953125
0 0.04921875 0.77421875 0.065625 0.2484375
2 0.1 0.81484375 0.00859375 0.0171875
1 0.3203125 0.8234375 0.00859375 0.01796875
0 0.46171875 0.825 0.07421875 0.028125
0 0.13984375 0.825 0.078125 0.03671875
0 0.23515625 0.82578125 0.1015625 0.03359375
0 0.3671875 0.82734375 0.06796875 0.028125
2 0.58828125 0.83125 0.0078125 0.0171875
2 0.84609375 0.8453125 0.0078125 0.01640625
2 0.86484375 0.8453125 0.0078125 0.01796875
2 0.85625 0.8453125 0.009375 0.0171875
2 0.90703125 0.8453125 0.00859375 0.01875
2 0.9265625 0.84609375 0.009375 0.01796875
2 0.91640625 0.84609375 0.00859375 0.01953125
2 0.746875 0.846875 0.0078125 0.01796875
2 0.75625 0.84765625 0.0078125 0.01953125
1 0.76640625 0.846875 0.009375 0.01875
2 0.671875 0.875 0.00859375 0.01953125
2 0.96953125 0.87890625 0.009375 0.01875
2 0.959375 0.8796875 0.00859375 0.0171875
1 0.94765625 0.8796875 0.00703125 0.0171875
2 0.5953125 0.08828125 0.0078125 0.01796875
2 0.58359375 0.0890625 0.00625 0.01796875
0 0.81953125 0.0890625 0.084375 0.1234375
2 0.2515625 0.92421875 0.00625 0.01875
2 0.19296875 0.925 0.009375 0.021875
2 0.2234375 0.925 0.00859375 0.01875
2 0.2375 0.925 0.00859375 0.01875
2 0.20390625 0.92578125 0.00703125 0.01875
2 0.2796875 0.92578125 0.0078125 0.0171875
2 0.9578125 0.9453125 0.0078125 0.01875
2 0.96796875 0.9453125 0.00859375 0.01875
2 0.94609375 0.94609375 0.00859375 0.01875
2 0.63828125 0.94765625 0.00859375 0.01953125
0 0.9203125 0.096875 0.08359375 0.1234375
0 0.696875 0.10390625 0.0515625 0.04921875
0 0.63984375 0.10546875 0.0515625 0.0515625
2 0.921875 0.015625 0.009375 0.0171875
2 0.88828125 0.01640625 0.0078125 0.01875
2 0.9125 0.17421875 0.01015625 0.0203125
2 0.92265625 0.1734375 0.00859375 0.01796875
2 0.93125 0.17421875 0.0078125 0.0203125
2 0.940625 0.175 0.00859375 0.0171875
0 0.65078125 0.23046875 0.1296875 0.14921875
0 0.8140625 0.25703125 0.0796875 0.11953125
0 0.93125 0.2578125 0.0796875 0.12578125
2 0.1375 0.26875 0.0078125 0.01796875
1 0.12890625 0.26953125 0.0078125 0.01640625
2 0.146875 0.26953125 0.00703125 0.0171875
1 0.02890625 0.29375 0.00859375 0.01796875
1 0.14609375 0.29453125 0.0078125 0.01875
2 0.13828125 0.2953125 0.00625 0.01796875
2 0.12734375 0.2953125 0.00703125 0.01953125
1 0.55703125 0.29921875 0.00859375 0.0171875
2 0.50703125 0.3 0.00703125 0.01875
2 0.44375 0.3 0.0078125 0.01953125
2 0.478125 0.3 0.00703125 0.01796875
2 0.496875 0.3 0.00859375 0.01875
2 0.45234375 0.30078125 0.00703125 0.01953125
2 0.46328125 0.30078125 0.00859375 0.01875
2 0.43359375 0.30078125 0.00859375 0.01796875
2 0.5171875 0.3015625 0.00859375 0.01796875
2 0.34921875 0.30078125 0.00859375 0.01875
2 0.48828125 0.3015625 0.00859375 0.01796875
1 0.29375 0.3015625 0.00625 0.0171875
1 0.3125 0.30234375 0.0078125 0.015625
1 0.303125 0.30234375 0.00703125 0.0171875
2 0.3578125 0.30234375 0.0078125 0.01875
1 0.3234375 0.30234375 0.009375 0.01796875
1 0.27421875 0.303125 0.00859375 0.0171875
1 0.284375 0.303125 0.0078125 0.01640625
1 0.19765625 0.303125 0.00859375 0.01875
2 0.1765625 0.30390625 0.00703125 0.01640625
1 0.26484375 0.303125 0.01015625 0.01796875
1 0.1875 0.30390625 0.0078125 0.01796875
1 0.22578125 0.30390625 0.00859375 0.01953125
1 0.21640625 0.30390625 0.00859375 0.01875
1 0.2453125 0.30390625 0.00859375 0.01875
1 0.25546875 0.30390625 0.0078125 0.0171875
1 0.20703125 0.30390625 0.009375 0.01953125
1 0.2359375 0.30390625 0.00859375 0.01875
2 0.4984375 0.32265625 0.0078125 0.01875
2 0.52109375 0.32265625 0.0078125 0.01875
2 0.6265625 0.3234375 0.0078125 0.01875
2 0.02890625 0.32421875 0.0078125 0.01796875
2 0.93359375 0.33203125 0.00859375 0.02109375
2 0.51015625 0.3328125 0.0078125 0.01953125
2 0.61484375 0.33515625 0.0078125 0.01796875
2 0.49375 0.34765625 0.00703125 0.01796875
2 0.61484375 0.35546875 0.00859375 0.01875
2 0.49375 0.371875 0.00859375 0.01875
2 0.50234375 0.37265625 0.00703125 0.01953125
2 0.5109375 0.37265625 0.00625 0.02109375
0 0.10234375 0.38515625 0.06328125 0.0546875
2 0.5265625 0.38671875 0.0078125 0.01953125
0 0.42734375 0.3921875 0.0765625 0.03828125
2 0.040625 0.3953125 0.00859375 0.02109375
2 0.49375 0.3984375 0.00703125 0.01796875
2 0.503125 0.3984375 0.00859375 0.01796875
2 0.65 0.4203125 0.0078125 0.01796875
2 0.640625 0.42109375 0.00859375 0.01796875
2 0.4921875 0.4234375 0.00859375 0.01875
2 0.5015625 0.4234375 0.009375 0.01796875
2 0.73125 0.43515625 0.0078125 0.01796875
2 0.75234375 0.4359375 0.0078125 0.01796875
2 0.7421875 0.4359375 0.00703125 0.0171875
2 0.778125 0.4375 0.00859375 0.015625
2 0.7875 0.4375 0.0078125 0.01796875
2 0.7609375 0.4375 0.0078125 0.01796875
2 0.7703125 0.43828125 0.00625 0.0171875
2 0.71796875 0.4390625 0.015625 0.00859375
2 0.9765625 0.440625 0.00859375 0.01796875
1 0.965625 0.440625 0.00859375 0.01875
2 0.55546875 0.44296875 0.0078125 0.01953125
2 0.71171875 0.45390625 0.0078125 0.01796875
2 0.6984375 0.45859375 0.0078125 0.01875
2 0.6625 0.46171875 0.00859375 0.01875
2 0.37109375 0.4703125 0.00703125 0.01796875
2 0.40234375 0.471875 0.00859375 0.0203125
2 0.8328125 0.4734375 0.00859375 0.01875
1 0.8140625 0.47421875 0.00859375 0.0171875
1 0.8234375 0.47421875 0.00625 0.01796875
2 0.31484375 0.475 0.0078125 0.01796875
2 0.453125 0.478125 0.0078125 0.01796875
2 0.69921875 0.478125 0.009375 0.0171875
2 0.4421875 0.478125 0.009375 0.01875
0 0.08125 0.47890625 0.1046875 0.1
0 0.75703125 0.4796875 0.07578125 0.0609375
2 0.27578125 0.48046875 0.00859375 0.01875
2 0.66015625 0.4828125 0.00859375 0.0203125
2 0.6390625 0.4890625 0.009375 0.01875
2 0.24453125 0.4921875 0.0078125 0.01875
2 0.20078125 0.4921875 0.00859375 0.01796875
2 0.21171875 0.4921875 0.00859375 0.01875
2 0.25546875 0.49296875 0.00859375 0.01796875
2 0.23515625 0.49296875 0.0078125 0.01796875
2 0.16796875 0.49375 0.0078125 0.01875
2 0.17578125 0.49375 0.00859375 0.01875
2 0.190625 0.49375 0.0078125 0.01953125
2 0.96640625 0.5015625 0.01015625 0.02109375
2 0.95625 0.50234375 0.0078125 0.01875
2 0.6953125 0.503125 0.0078125 0.0171875
2 0.7046875 0.503125 0.0078125 0.01640625
1 0.71484375 0.503125 0.00859375 0.0171875
2 0.63828125 0.509375 0.0078125 0.01875
2 0.64921875 0.5109375 0.0078125 0.01953125
