1.0 0.64140625 0.17734375000000002 0.02734375 0.05078125
1.0 0.640625 0.353125 0.02265625 0.046875
1.0 0.6015624999999999 0.5265625 0.02421875 0.046875
1.0 0.6007812499999998 0.7015625 0.02265625 0.0484375
1.0 0.6007812499999998 0.8765625 0.02578125 0.0484375
1.0 0.2875 0.17968749999999994 0.02734375 0.05
1.0 0.28437499999999993 0.33359374999999997 0.028125 0.0453125
1.0 0.2718749999999999 0.5234374999999999 0.02421875 0.046875
1.0 0.2703124999999999 0.6968749999999999 0.02109375 0.05
1.0 0.2687499999999998 0.871875 0.02265625 0.05078125
1.0 0.09609375 0.2851562499999999 0.1921875 0.3671875
0.0 0.8296875 0.18437500000000007 0.2671875 0.128125
0.0 0.8296875 0.35781250000000003 0.26953125 0.128125
0.0 0.8125 0.5335937500000001 0.30390625 0.13203125
0.0 0.8078124999999998 0.7070312500000001 0.3 0.125
0.0 0.8062499999999998 0.88046875 0.3 0.128125
2.0 0.12265624999999983 0.7335937499999999 0.02109375 0.05
