1.0 0.16015624999999992 0.825 0.05234375 0.028125
1.0 0.12343749999999995 0.4109375 0.02578125 0.05234375
2.0 0.14062499999999994 0.5375 0.0453125 0.02421875
1.0 0.14374999999999993 0.5 0.0484375 0.028125
1.0 0.04843749999999994 0.5015625 0.0796875 0.09921875
1.0 0.23515624999999996 0.4078125 0.1234375 0.096875
1.0 0.96484375 0.63984375 0.028125 0.05234375
1.0 0.6765625 0.79765625 0.046875 0.02734375
1.0 0.96875 0.4492187500000001 0.028125 0.059375
1.0 0.6046874999999999 0.32578125 0.02734375 0.05
1.0 0.88046875 0.24765625000000008 0.0484375 0.02421875
1.0 0.91328125 0.4914062500000001 0.028125 0.0484375
2.0 0.88046875 0.4906250000000001 0.02578125 0.04375
2.0 0.8453125 0.4906250000000001 0.02265625 0.05
2.0 0.80859375 0.4898437500000001 0.02421875 0.05078125
2.0 0.7749999999999999 0.4898437500000001 0.02734375 0.05390625
2.0 0.6734374999999999 0.3265625 0.02578125 0.04296875
2.0 0.7515624999999999 0.2773437500000001 0.02578125 0.05078125
2.0 0.7148437499999999 0.27734375 0.02109375 0.04375
2.0 0.809375 0.2484375000000001 0.03671875 0.02265625
2.0 0.5703124999999999 0.328125 0.02421875 0.05078125
2.0 0.5351562499999999 0.3265625 0.02421875 0.0453125
2.0 0.5015624999999999 0.3265625 0.02265625 0.05078125
2.0 0.46406249999999993 0.32421875 0.02734375 0.0484375
0.0 0.62578125 0.44609375 0.265625 0.121875
2.0 0.4632812499999999 0.4765625 0.02578125 0.046875
2.0 0.26953124999999994 0.47890625 0.02109375 0.0453125
2.0 0.3007812499999999 0.890625 0.03828125 0.01953125
2.0 0.3007812499999999 0.8578125 0.04140625 0.01953125
2.0 0.29999999999999993 0.821875 0.04296875 0.02421875
2.0 0.2992187499999999 0.9625 0.04140625 0.02421875
2.0 0.2976562499999999 0.92578125 0.04140625 0.02265625
2.0 0.965625 0.2773437500000001 0.02578125 0.04140625
2.0 0.934375 0.2578125000000001 0.02265625 0.046875
0.0 0.67265625 0.653125 0.515625 0.2359375
