1 0.1515625 0.6890625 0.03125 0.04296875
1 0.3203125 0.7046875 0.0203125 0.03671875
1 0.321875 0.70625 0.02265625 0.03515625
1 0.21796875 0.70703125 0.01171875 0.0125
1 0.38515625 0.7078125 0.02890625 0.0421875
1 0.24375 0.70859375 0.015625 0.03203125
1 0.3859375 0.71015625 0.025 0.03671875
1 0.35390625 0.721875 0.01328125 0.0234375
1 0.3546875 0.72265625 0.0234375 0.028125
1 0.28984375 0.74765625 0.00625 0.0140625
1 0.23671875 0.75 0.0078125 0.01875
1 0.10625 0.77109375 0.0296875 0.04765625
1 0.103125 0.7734375 0.02109375 0.03671875
1 0.390625 0.78046875 0.0234375 0.03671875
1 0.390625 0.84140625 0.0234375 0.0359375
1 0.715625 0.14609375 0.00390625 0.01171875
0 0.65859375 0.1671875 0.02890625 0.06640625
1 0.9140625 0.18203125 0.009375 0.0078125
1 0.63515625 0.1859375 0.00390625 0.0140625
1 0.70546875 0.18671875 0.0109375 0.00625
1 0.56796875 0.2453125 0.00390625 0.01640625
1 0.51875 0.25 0.00625 0.0171875
1 0.525 0.25 0.00625 0.0171875
1 0.578125 0.25 0.00703125 0.0140625
1 0.521875 0.2671875 0.009375 0.00703125
1 0.64765625 0.2671875 0.009375 0.00859375
0 0.5453125 0.27265625 0.02734375 0.0328125
1 0.69140625 0.27734375 0.040625 0.0484375
1 0.5109375 0.2796875 0.00703125 0.0140625
1 0.5765625 0.28671875 0.00703125 0.01484375
0 0.6109375 0.29140625 0.04375 0.1140625
1 0.5421875 0.29453125 0.0109375 0.01015625
1 0.528125 0.315625 0.00625 0.0140625
1 0.66328125 0.3171875 0.02109375 0.0328125
0 0.55390625 0.32421875 0.02265625 0.028125
1 0.72265625 0.32734375 0.025 0.05234375
1 0.5703125 0.3296875 0.00625 0.01328125
1 0.75625 0.33671875 0.02890625 0.06484375
1 0.69453125 0.3359375 0.0203125 0.0546875
1 0.5265625 0.33671875 0.00625 0.01328125
1 0.57265625 0.38515625 0.02890625 0.04296875
1 0.47421875 0.41484375 0.03125 0.04453125
1 0.484375 0.46328125 0.03828125 0.04140625
0 0.3171875 0.46640625 0.034375 0.06484375
1 0.9640625 0.471875 0.02578125 0.046875
1 0.93671875 0.47734375 0.02421875 0.0359375
1 0.603125 0.47734375 0.01796875 0.03828125
0 0.70859375 0.4921875 0.1453125 0.21015625
1 0.40703125 0.515625 0.0125 0.03125
1 0.3859375 0.51953125 0.02421875 0.0359375
1 0.4859375 0.5203125 0.0453125 0.05390625
1 0.9328125 0.5234375 0.02890625 0.0390625
0 0.87265625 0.5421875 0.0734375 0.15703125
1 0.25625 0.55625 0.0234375 0.0296875
1 0.446875 0.55625 0.02265625 0.03515625
1 0.41875 0.559375 0.01875 0.02734375
1 0.18984375 0.56484375 0.03125 0.0421875
0 0.571875 0.5671875 0.06953125 0.09453125
1 0.25625 0.58359375 0.0125 0.02578125
1 0.48203125 0.58671875 0.03125 0.05234375
1 0.38828125 0.58828125 0.028125 0.05703125
1 0.41875 0.60390625 0.015625 0.03515625
1 0.28203125 0.60703125 0.0203125 0.03125
1 0.45625 0.61171875 0.0296875 0.03984375
1 0.22109375 0.63203125 0.0203125 0.0234375
1 0.2 0.64453125 0.00625 0.015625
1 0.18359375 0.65546875 0.009375 0.00546875
1 0.184375 0.665625 0.01015625 0.0078125
1 0.21484375 0.6703125 0.01953125 0.025
