1.0 0.82421875 0.5984375 0.03828125 0.01875
1.0 0.8890625 0.53984375 0.115625 0.115625
1.0 0.7640625 0.775 0.115625 0.11328125
1.0 0.76484375 0.6578125 0.115625 0.115625
1.0 0.76171875 0.53984375 0.11796875 0.115625
2.0 0.50234375 0.57578125 0.03515625 0.01640625
2.0 0.50234375 0.54140625 0.034375 0.01484375
1.0 0.43125 0.2484375 0.0296875 0.0140625
2.0 0.43125 0.2765625 0.03125 0.015625
2.0 0.43203125 0.3046875 0.03515625 0.01328125
2.0 0.4296875 0.4296875 0.03203125 0.015625
2.0 0.4296875 0.45703125 0.03203125 0.0125
2.0 0.3765625 0.4296875 0.03515625 0.01328125
2.0 0.37734375 0.45625 0.0328125 0.01640625
2.0 0.22421875 0.56484375 0.03515625 0.01640625
2.0 0.27890625 0.5015625 0.02890625 0.015625
2.0 0.27734375 0.38984375 0.03515625 0.01328125
2.0 0.28046875 0.41796875 0.0296875 0.0125
2.0 0.2796875 0.4453125 0.03046875 0.015625
2.0 0.22265625 0.390625 0.03359375 0.01796875
2.0 0.225 0.4171875 0.03203125 0.01484375
1.0 0.50390625 0.50546875 0.03515625 0.01640625
1.0 0.278125 0.528125 0.034375 0.015625
1.0 0.28046875 0.603125 0.03359375 0.015625
1.0 0.22109375 0.60390625 0.0328125 0.01953125
1.0 0.153125 0.57109375 0.03515625 0.01796875
1.0 0.1546875 0.5375 0.03359375 0.0171875
1.0 0.15234375 0.503125 0.03203125 0.01875
1.0 0.153125 0.46796875 0.03125 0.0171875
1.0 0.15234375 0.4328125 0.03203125 0.0171875
1.0 0.15390625 0.39765625 0.03125 0.0171875
1.0 0.15234375 0.36328125 0.03515625 0.01953125
1.0 0.15234375 0.32890625 0.034375 0.01796875
1.0 0.1515625 0.296875 0.03359375 0.01796875
1.0 0.15234375 0.26328125 0.03515625 0.01953125
1.0 0.25 0.240625 0.03359375 0.01796875
1.0 0.3765625 0.25 0.028125 0.01484375
1.0 0.37578125 0.2765625 0.03125 0.01484375
1.0 0.48671875 0.24765625 0.02890625 0.01171875
1.0 0.4875 0.27734375 0.025 0.009375
1.0 0.48828125 0.3046875 0.0265625 0.01328125
1.0 0.48828125 0.3328125 0.025 0.01171875
1.0 0.48828125 0.36171875 0.02578125 0.0109375
1.0 0.4875 0.38828125 0.0265625 0.009375
1.0 0.43046875 0.33203125 0.02734375 0.01171875
1.0 0.43125 0.3609375 0.0234375 0.0109375
1.0 0.43203125 0.3890625 0.025 0.00859375
1.0 0.37734375 0.38828125 0.02109375 0.01171875
2.0 0.3984375 0.51484375 0.01328125 0.034375
