2 0.77109375 0.45234375 0.009375 0.00546875
0 0.06796875 0.459375 0.03203125 0.03515625
1 0.05625 0.47734375 0.009375 0.0046875
2 0.88671875 0.53515625 0.01015625 0.00546875
1 0.80625 0.53828125 0.0046875 0.01015625
2 0.8109375 0.5390625 0.0046875 0.0109375
2 0.81484375 0.5390625 0.00546875 0.01171875
1 0.82421875 0.540625 0.0046875 0.0125
1 0.85859375 0.540625 0.00625 0.0140625
1 0.8671875 0.54140625 0.00625 0.01328125
2 0.88671875 0.54140625 0.01015625 0.0046875
1 0.84921875 0.54140625 0.00546875 0.01484375
1 0.83359375 0.54140625 0.00625 0.01328125
1 0.84140625 0.54140625 0.00625 0.01328125
1 0.87734375 0.54140625 0.0046875 0.0125
2 0.8875 0.546875 0.0109375 0.00546875
2 0.20703125 0.55625 0.009375 0.00546875
2 0.19765625 0.55703125 0.00859375 0.0046875
1 0.1875 0.55703125 0.009375 0.00546875
0 0.3953125 0.5578125 0.03203125 0.03046875
2 0.68046875 0.559375 0.003125 0.0109375
2 0.67578125 0.56015625 0.0046875 0.01171875
2 0.67109375 0.56171875 0.0046875 0.0109375
1 0.240625 0.5671875 0.0234375 0.028125
2 0.22265625 0.059375 0.009375 0.00546875
2 0.16796875 0.059375 0.00390625 0.0109375
2 0.171875 0.059375 0.00390625 0.0109375
2 0.1625 0.06015625 0.00390625 0.0109375
1 0.1546875 0.59765625 0.003125 0.0109375
2 0.15078125 0.5984375 0.0046875 0.01171875
2 0.159375 0.5984375 0.0046875 0.01171875
2 0.146875 0.5984375 0.0046875 0.01171875
1 0.4296875 0.60078125 0.02890625 0.03359375
1 0.071875 0.603125 0.0046875 0.01015625
1 0.23515625 0.60390625 0.01015625 0.0046875
1 0.31953125 0.60625 0.0046875 0.01171875
2 0.32890625 0.60625 0.00546875 0.01171875
1 0.24609375 0.60625 0.00390625 0.0109375
1 0.325 0.60703125 0.00234375 0.01171875
1 0.353125 0.61875 0.0046875 0.0109375
2 0.478125 0.61875 0.00390625 0.0109375
2 0.48671875 0.61875 0.00390625 0.0109375
1 0.03984375 0.61875 0.00859375 0.0046875
2 0.47265625 0.61953125 0.0046875 0.01171875
0 0.15234375 0.61953125 0.0328125 0.03203125
1 0.340625 0.62421875 0.009375 0.00546875
2 0.18984375 0.0625 0.01015625 0.0046875
1 0.0671875 0.62734375 0.0265625 0.03515625
1 0.36171875 0.62734375 0.009375 0.00625
1 0.34140625 0.62890625 0.01015625 0.00546875
2 0.4734375 0.63046875 0.0046875 0.0109375
2 0.47734375 0.63046875 0.00390625 0.0109375
2 0.4859375 0.63046875 0.0046875 0.01171875
1 0.340625 0.6359375 0.00859375 0.00625
1 0.15078125 0.63984375 0.00390625 0.01171875
2 0.1625 0.640625 0.0046875 0.0109375
2 0.13984375 0.640625 0.00390625 0.01171875
2 0.1453125 0.640625 0.00390625 0.0109375
2 0.15625 0.64140625 0.00390625 0.01171875
2 0.92421875 0.64296875 0.009375 0.0046875
2 0.221875 0.0640625 0.009375 0.0046875
1 0.38359375 0.64921875 0.02734375 0.0328125
1 0.22109375 0.65 0.01015625 0.00546875
2 0.49921875 0.065625 0.01015625 0.00390625
0 0.240625 0.06640625 0.0265625 0.02421875
1 0.340625 0.65703125 0.009375 0.00546875
2 0.16484375 0.65859375 0.00546875 0.01328125
1 0.03125 0.66484375 0.009375 0.00546875
0 0.28671875 0.0671875 0.02421875 0.02578125
1 0.33984375 0.67265625 0.00859375 0.00546875
1 0.42890625 0.67421875 0.03046875 0.03515625
2 0.33984375 0.67734375 0.009375 0.0046875
0 0.28046875 0.67890625 0.1078125 0.12578125
0 0.16484375 0.6796875 0.034375 0.0296875
2 0.33984375 0.6828125 0.009375 0.00625
1 0.2203125 0.68359375 0.00859375 0.00546875
2 0.2203125 0.6890625 0.00859375 0.00390625
2 0.340625 0.69140625 0.009375 0.00546875
1 0.35546875 0.69140625 0.009375 0.0046875
2 0.20859375 0.69140625 0.01015625 0.00703125
2 0.2203125 0.69609375 0.009375 0.0046875
1 0.340625 0.696875 0.009375 0.0046875
2 0.1484375 0.0703125 0.0046875 0.01171875
2 0.41953125 0.0703125 0.0046875 0.01171875
2 0.16875 0.70078125 0.00546875 0.0109375
2 0.15703125 0.70078125 0.00390625 0.01015625
2 0.2203125 0.7015625 0.009375 0.00546875
2 0.340625 0.70234375 0.009375 0.0046875
2 0.2203125 0.70703125 0.009375 0.00546875
2 0.340625 0.7078125 0.009375 0.00546875
2 0.12578125 0.70859375 0.009375 0.0046875
2 0.2203125 0.7125 0.009375 0.00390625
1 0.340625 0.7171875 0.00859375 0.00546875
1 0.1546875 0.7171875 0.0046875 0.01328125
2 0.2203125 0.7171875 0.00859375 0.0046875
2 0.340625 0.721875 0.01015625 0.00546875
2 0.2203125 0.721875 0.009375 0.0046875
1 0.125 0.72421875 0.0078125 0.0046875
2 0.2203125 0.72734375 0.00859375 0.00546875
2 0.21953125 0.73359375 0.009375 0.00546875
1 0.209375 0.734375 0.009375 0.0046875
2 0.2203125 0.7390625 0.009375 0.00546875
1 0.11015625 0.7390625 0.0328125 0.03203125
2 0.5 0.07421875 0.009375 0.0046875
1 0.23203125 0.7484375 0.00390625 0.0109375
2 0.26640625 0.7484375 0.00390625 0.01171875
1 0.2359375 0.7484375 0.00390625 0.01015625
2 0.22734375 0.7484375 0.0046875 0.0109375
1 0.240625 0.74921875 0.00390625 0.01015625
2 0.26171875 0.74921875 0.00390625 0.01171875
2 0.275 0.74921875 0.0046875 0.01171875
1 0.24921875 0.74921875 0.003125 0.01171875
1 0.25390625 0.74921875 0.00390625 0.0125
1 0.25703125 0.75 0.00390625 0.01328125
2 0.2796875 0.75 0.0046875 0.0109375
1 0.24453125 0.74921875 0.0046875 0.01015625
1 0.2703125 0.75 0.00390625 0.01171875
1 0.31171875 0.74921875 0.00546875 0.01015625
2 0.27890625 0.76171875 0.0109375 0.00546875
2 0.29453125 0.76484375 0.00546875 0.01171875
1 0.134375 0.76640625 0.009375 0.0046875
1 0.28046875 0.77109375 0.0046875 0.01171875
1 0.27578125 0.77109375 0.00390625 0.01171875
2 0.04453125 0.775 0.01015625 0.0046875
2 0.04375 0.78125 0.009375 0.00625
1 0.40703125 0.7859375 0.01015625 0.00625
2 0.43984375 0.79296875 0.01015625 0.00625
1 0.3703125 0.79296875 0.03359375 0.0421875
0 0.4109375 0.80078125 0.0234375 0.0234375
1 0.434375 0.80390625 0.0078125 0.0046875
2 0.1140625 0.08125 0.01015625 0.00546875
2 0.4296875 0.809375 0.0078125 0.0046875
0 0.15078125 0.81171875 0.04453125 0.0625
2 0.4390625 0.8140625 0.01015625 0.00546875
2 0.4296875 0.8140625 0.00859375 0.00390625
1 0.3984375 0.815625 0.009375 0.0046875
2 0.1171875 0.81796875 0.009375 0.0046875
2 0.1828125 0.81875 0.00546875 0.0125
2 0.4296875 0.81953125 0.009375 0.00546875
2 0.10625 0.82265625 0.0046875 0.01171875
2 0.10234375 0.8234375 0.0046875 0.01171875
1 0.1171875 0.82421875 0.009375 0.00625
2 0.425 0.83046875 0.01015625 0.00546875
2 0.44609375 0.834375 0.0046875 0.01171875
2 0.44609375 0.846875 0.0046875 0.01171875
2 0.49921875 0.08515625 0.00859375 0.00546875
2 0.13828125 0.8546875 0.0046875 0.01171875
1 0.14765625 0.85546875 0.00390625 0.01171875
2 0.15859375 0.85546875 0.00390625 0.01015625
2 0.1140625 0.0859375 0.01015625 0.00625
1 0.07890625 0.85703125 0.009375 0.00546875
2 0.21640625 0.86328125 0.0046875 0.01171875
2 0.14375 0.08671875 0.01015625 0.0046875
2 0.49765625 0.86796875 0.00390625 0.01015625
2 0.50234375 0.86796875 0.0046875 0.0109375
2 0.2421875 0.0875 0.0046875 0.0109375
2 0.07109375 0.8703125 0.0046875 0.01171875
2 0.22578125 0.8765625 0.0046875 0.01015625
2 0.24765625 0.8765625 0.0046875 0.0109375
2 0.23515625 0.8765625 0.0046875 0.01171875
2 0.22109375 0.8765625 0.00390625 0.01171875
2 0.23984375 0.87734375 0.0046875 0.0109375
2 0.23046875 0.87734375 0.0046875 0.01171875
2 0.21640625 0.87734375 0.00390625 0.0109375
2 0.24375 0.87734375 0.0046875 0.0109375
2 0.26640625 0.87734375 0.00625 0.0109375
2 0.2578125 0.87734375 0.00546875 0.01171875
2 0.2625 0.87734375 0.0046875 0.0109375
2 0.27578125 0.87734375 0.0046875 0.0125
2 0.27109375 0.87734375 0.0046875 0.0109375
2 0.253125 0.878125 0.0046875 0.01171875
2 0.1515625 0.8859375 0.01015625 0.00625
2 0.1609375 0.8859375 0.009375 0.00390625
2 0.82265625 0.8921875 0.003125 0.01015625
2 0.83515625 0.8921875 0.00390625 0.0125
2 0.81796875 0.89296875 0.0046875 0.01171875
2 0.8546875 0.89296875 0.0046875 0.0109375
2 0.890625 0.89296875 0.00390625 0.0109375
2 0.86796875 0.89296875 0.00546875 0.0109375
2 0.84453125 0.89296875 0.0046875 0.0109375
2 0.85 0.89296875 0.0046875 0.0109375
2 0.859375 0.89296875 0.00390625 0.01171875
2 0.90390625 0.89296875 0.00546875 0.01171875
1 0.1359375 0.89296875 0.003125 0.01015625
2 0.88125 0.89375 0.0046875 0.01171875
2 0.23125 0.89296875 0.0046875 0.0109375
2 0.89921875 0.89375 0.00390625 0.0109375
2 0.23671875 0.89375 0.00390625 0.01171875
2 0.87578125 0.89375 0.00390625 0.0109375
2 0.11171875 0.89375 0.00390625 0.0109375
2 0.12578125 0.89375 0.00546875 0.01171875
2 0.140625 0.89375 0.0046875 0.0109375
2 0.240625 0.89375 0.0046875 0.01328125
2 0.12109375 0.89375 0.0046875 0.01171875
2 0.13046875 0.89375 0.00546875 0.01171875
2 0.11640625 0.89375 0.0046875 0.0109375
2 0.14453125 0.89375 0.00390625 0.0109375
2 0.153125 0.89375 0.0046875 0.01015625
2 0.17421875 0.89375 0.0046875 0.0109375
1 0.16015625 0.89453125 0.00390625 0.01015625
2 0.16953125 0.89375 0.00390625 0.01015625
1 0.16484375 0.89453125 0.00390625 0.009375
2 0.1953125 0.89453125 0.0046875 0.0125
2 0.18671875 0.89453125 0.00390625 0.0109375
2 0.3515625 0.8953125 0.0046875 0.0109375
2 0.37109375 0.8953125 0.00390625 0.0109375
2 0.14921875 0.8953125 0.00390625 0.0109375
2 0.36484375 0.8953125 0.00546875 0.01171875
2 0.346875 0.8953125 0.00546875 0.0109375
2 0.5484375 0.8984375 0.00859375 0.0046875
2 0.5671875 0.89921875 0.01015625 0.00546875
2 0.5578125 0.8984375 0.009375 0.0046875
2 0.5390625 0.89921875 0.01015625 0.0046875
2 0.49921875 0.08984375 0.009375 0.00546875
2 0.80546875 0.903125 0.009375 0.0046875
2 0.81796875 0.90703125 0.009375 0.00546875
2 0.80625 0.909375 0.009375 0.00546875
2 0.80625 0.9140625 0.009375 0.00546875
2 0.915625 0.921875 0.01015625 0.00546875
2 0.915625 0.92734375 0.009375 0.0046875
2 0.92890625 0.928125 0.009375 0.00546875
2 0.915625 0.9328125 0.009375 0.0046875
0 0.86796875 0.9375 0.08046875 0.075
2 0.8171875 0.959375 0.009375 0.0046875
2 0.8078125 0.959375 0.00859375 0.00546875
2 0.81796875 0.96484375 0.009375 0.00546875
2 0.865625 0.978125 0.009375 0.00546875
2 0.87578125 0.978125 0.01015625 0.00625
2 0.89453125 0.978125 0.0109375 0.0078125
2 0.07890625 0.0984375 0.00546875 0.0125
2 0.14140625 0.1046875 0.009375 0.00546875
2 0.92421875 0.109375 0.01015625 0.0046875
2 0.14140625 0.109375 0.009375 0.0046875
2 0.91328125 0.109375 0.009375 0.0046875
2 0.49921875 0.11171875 0.00859375 0.0046875
0 0.2890625 0.1140625 0.05859375 0.0703125
2 0.1421875 0.11484375 0.009375 0.00546875
2 0.91328125 0.11484375 0.009375 0.00390625
2 0.92421875 0.115625 0.00859375 0.00546875
0 0.18203125 0.115625 0.06328125 0.09921875
2 0.90234375 0.121875 0.009375 0.00546875
0 0.0984375 0.12578125 0.03359375 0.0390625
2 0.14140625 0.12578125 0.01015625 0.00546875
2 0.4984375 0.12734375 0.00859375 0.00546875
2 0.890625 0.12734375 0.00859375 0.00546875
2 0.9015625 0.12890625 0.0078125 0.0046875
2 0.5203125 0.1296875 0.00859375 0.00546875
2 0.51015625 0.1296875 0.00859375 0.00546875
2 0.140625 0.13203125 0.00859375 0.0046875
2 0.88984375 0.13359375 0.00859375 0.0046875
2 0.903125 0.13359375 0.009375 0.0046875
0 0.86875 0.13515625 0.03046875 0.03203125
2 0.55546875 0.1390625 0.00390625 0.0125
2 0.509375 0.13984375 0.00859375 0.0046875
2 0.5203125 0.140625 0.01015625 0.00625
2 0.540625 0.14921875 0.0109375 0.00546875
2 0.25078125 0.15 0.00859375 0.0046875
2 0.6140625 0.1515625 0.009375 0.00546875
2 0.60546875 0.15390625 0.00390625 0.0109375
2 0.12265625 0.1546875 0.00859375 0.00703125
2 0.57265625 0.15390625 0.0046875 0.0109375
2 0.5640625 0.1546875 0.003125 0.0109375
2 0.07734375 0.1546875 0.00390625 0.0109375
2 0.1046875 0.1546875 0.00390625 0.0109375
2 0.559375 0.1546875 0.00546875 0.01171875
2 0.25078125 0.1546875 0.00859375 0.00546875
2 0.090625 0.15546875 0.00546875 0.01171875
2 0.56875 0.15546875 0.003125 0.0109375
2 0.10078125 0.15546875 0.003125 0.01015625
2 0.109375 0.15546875 0.00390625 0.0109375
2 0.6140625 0.1578125 0.00859375 0.00546875
2 0.12265625 0.16015625 0.009375 0.00546875
2 0.55 0.16796875 0.003125 0.00859375
2 0.5546875 0.16796875 0.00390625 0.0109375
2 0.57265625 0.16796875 0.00390625 0.0109375
2 0.56796875 0.16796875 0.0046875 0.0109375
2 0.16953125 0.16953125 0.0109375 0.0078125
0 0.71796875 0.1875 0.0265625 0.02109375
0 0.86640625 0.1921875 0.02421875 0.02109375
0 0.05703125 0.20078125 0.025 0.0484375
2 0.5671875 0.2359375 0.009375 0.00546875
2 0.525 0.23671875 0.0046875 0.01015625
2 0.5296875 0.2375 0.003125 0.01015625
2 0.5375 0.2375 0.00390625 0.0109375
2 0.53359375 0.2375 0.00390625 0.01015625
2 0.5203125 0.2375 0.003125 0.0109375
2 0.50859375 0.2375 0.003125 0.0109375
2 0.5125 0.2375 0.00390625 0.01015625
2 0.51640625 0.2375 0.00390625 0.0109375
2 0.03828125 0.24453125 0.009375 0.00546875
2 0.4484375 0.24921875 0.0046875 0.0109375
2 0.03828125 0.25 0.009375 0.00546875
2 0.46328125 0.25078125 0.01015625 0.00546875
2 0.5671875 0.25234375 0.009375 0.0046875
2 0.57578125 0.25234375 0.00859375 0.00546875
2 0.5125 0.2546875 0.0078125 0.00546875
2 0.56640625 0.25859375 0.00859375 0.00546875
2 0.5765625 0.25859375 0.00859375 0.0046875
2 0.03828125 0.2609375 0.009375 0.00546875
2 0.51328125 0.2609375 0.00859375 0.00546875
2 0.51328125 0.26640625 0.009375 0.0046875
2 0.03828125 0.26640625 0.01015625 0.00546875
2 0.57578125 0.26640625 0.009375 0.00546875
2 0.56640625 0.26875 0.00859375 0.003125
2 0.51328125 0.27109375 0.00859375 0.00390625
2 0.56640625 0.27578125 0.00859375 0.0046875
2 0.5765625 0.27578125 0.01015625 0.00546875
0 0.5390625 0.2765625 0.040625 0.0640625
2 0.0375 0.278125 0.009375 0.00625
2 0.5765625 0.28125 0.00859375 0.0046875
2 0.5671875 0.28125 0.009375 0.00625
2 0.0375 0.28359375 0.01015625 0.00546875
2 0.5765625 0.28671875 0.009375 0.0046875
2 0.5671875 0.2875 0.009375 0.0046875
2 0.0375 0.29375 0.009375 0.00546875
2 0.5859375 0.29453125 0.00546875 0.01171875
2 0.50078125 0.29609375 0.009375 0.0046875
2 0.56640625 0.296875 0.01015625 0.00390625
2 0.51328125 0.3 0.01015625 0.00625
2 0.0375 0.3 0.01015625 0.00703125
2 0.50078125 0.30078125 0.00859375 0.00546875
2 0.59296875 0.30078125 0.0046875 0.01171875
2 0.5671875 0.30234375 0.009375 0.00625
2 0.4484375 0.30234375 0.0109375 0.0046875
2 0.60625 0.303125 0.01015625 0.00703125
2 0.5125 0.30546875 0.01015625 0.00546875
2 0.56796875 0.30703125 0.01015625 0.00390625
2 0.5125 0.3109375 0.01015625 0.0046875
2 0.0375 0.3109375 0.01015625 0.00546875
0 0.62578125 0.31328125 0.028125 0.034375
2 0.51328125 0.315625 0.00859375 0.00390625
2 0.55703125 0.31640625 0.0046875 0.0109375
2 0.0375 0.31640625 0.01015625 0.00546875
2 0.5671875 0.3171875 0.00859375 0.00546875
2 0.60625 0.3265625 0.0109375 0.00546875
1 0.78125 0.32734375 0.01640625 0.00859375
1 0.78125 0.340625 0.0171875 0.01015625
2 0.6890625 0.34765625 0.009375 0.00546875
1 0.8015625 0.35234375 0.015625 0.00859375
2 0.6890625 0.35234375 0.00859375 0.0046875
0 0.6703125 0.35390625 0.02265625 0.02109375
2 0.653125 0.35703125 0.00546875 0.01171875
2 0.77734375 0.35703125 0.01015625 0.0046875
2 0.68828125 0.35703125 0.009375 0.00546875
2 0.7421875 0.3578125 0.009375 0.00546875
2 0.77734375 0.36328125 0.01015625 0.00703125
1 0.76640625 0.36484375 0.0109375 0.00625
2 0.6 0.36875 0.009375 0.0046875
1 0.76640625 0.37265625 0.0109375 0.00625
2 0.6 0.3734375 0.009375 0.00546875
2 0.1140625 0.375 0.009375 0.0046875
2 0.5578125 0.378125 0.009375 0.0046875
0 0.0953125 0.38046875 0.025 0.046875
2 0.11328125 0.38515625 0.009375 0.00703125
2 0.5671875 0.38828125 0.00859375 0.0046875
2 0.11328125 0.39609375 0.009375 0.0046875
2 0.60546875 0.4046875 0.00703125 0.00859375
1 0.046875 0.4359375 0.009375 0.00390625
1 0.07734375 0.440625 0.009375 0.0046875
