1.0 0.35859374999999993 0.82265625 0.02734375 0.05078125
1.0 0.3593749999999999 0.646875 0.02265625 0.046875
1.0 0.39843749999999994 0.4734375 0.02421875 0.046875
1.0 0.39921874999999996 0.2984375 0.02265625 0.0484375
1.0 0.39921874999999996 0.1234375 0.02578125 0.0484375
1.0 0.7124999999999999 0.8203125 0.02734375 0.05
1.0 0.715625 0.66640625 0.028125 0.0453125
1.0 0.7281249999999999 0.4765625000000001 0.02421875 0.046875
1.0 0.7296874999999999 0.3031250000000001 0.02109375 0.05
1.0 0.73125 0.128125 0.02265625 0.05078125
1.0 0.90390625 0.71484375 0.1921875 0.3671875
0.0 0.17031249999999992 0.815625 0.2671875 0.128125
0.0 0.17031249999999992 0.6421875 0.26953125 0.128125
0.0 0.18749999999999994 0.46640625 0.30390625 0.13203125
0.0 0.19218749999999996 0.29296875 0.3 0.125
0.0 0.19374999999999995 0.11953125 0.3 0.128125
2.0 0.87734375 0.26640625000000007 0.02109375 0.05
