2.0 0.64375 0.3546875 0.01484375 0.02890625
1.0 0.60390625 0.35703125 0.03125 0.0140625
1.0 0.5578125 0.35625 0.03046875 0.01484375
1.0 0.5015625 0.35625 0.0328125 0.01640625
1.0 0.446875 0.35625 0.03046875 0.0140625
1.0 0.390625 0.3578125 0.0328125 0.01484375
1.0 0.3328125 0.3578125 0.0296875 0.01796875
1.0 0.28046875 0.3578125 0.03125 0.0140625
1.0 0.2265625 0.3578125 0.03046875 0.01484375
1.0 0.171875 0.359375 0.0328125 0.01484375
1.0 0.115625 0.359375 0.0296875 0.0140625
1.0 0.06171875 0.359375 0.0328125 0.01640625
1.0 0.2515625 0.4828125 0.0328125 0.01328125
1.0 0.1328125 0.484375 0.03046875 0.01484375
1.0 0.45234375 0.48359375 0.0296875 0.0140625
2.0 0.58828125 0.46953125 0.0140625 0.028125
1.0 0.56015625 0.48203125 0.03125 0.0140625
1.0 0.6359375 0.4609375 0.02734375 0.01328125
1.0 0.63515625 0.478125 0.0265625 0.0125
1.0 0.92578125 0.840625 0.0140625 0.03046875
0.0 0.80234375 0.79140625 0.221875 0.1390625
1.0 0.81875 0.8921875 0.0140625 0.03046875
1.0 0.7765625 0.8921875 0.01328125 0.03203125
1.0 0.6671875 0.77734375 0.02734375 0.0109375
1.0 0.6671875 0.796875 0.0265625 0.0125
1.0 0.60546875 0.78125 0.03125 0.01484375
1.0 0.54375 0.78125 0.0296875 0.01328125
1.0 0.4921875 0.7828125 0.034375 0.01484375
1.0 0.43125 0.7828125 0.0328125 0.0140625
1.0 0.37734375 0.7828125 0.0328125 0.01484375
1.0 0.32265625 0.784375 0.0359375 0.01328125
1.0 0.26640625 0.7859375 0.034375 0.0140625
1.0 0.2140625 0.784375 0.03046875 0.01640625
1.0 0.159375 0.7859375 0.0296875 0.01640625
1.0 0.1078125 0.7875 0.03046875 0.0140625
1.0 0.05234375 0.78671875 0.0328125 0.0125
1.0 0.46015625 0.8640625 0.1234375 0.13671875
2.0 0.60625 0.46796875 0.0125 0.025
2.0 0.9 0.0328125 0.01484375 0.02734375
2.0 0.88125 0.03359375 0.01484375 0.028125
1.0 0.8203125 0.00625 0.0296875 0.01171875
1.0 0.8171875 0.0328125 0.0125 0.02734375
2.0 0.79765625 0.03125 0.0140625 0.0296875
1.0 0.77734375 0.0328125 0.0125 0.03203125
1.0 0.7578125 0.0125 0.01328125 0.0234375
2.0 0.7390625 0.0453125 0.03984375 0.015625
2.0 0.62734375 0.0546875 0.0125 0.02734375
2.0 0.8046875 0.08125 0.01328125 0.03046875
2.0 0.62109375 0.8171875 0.0296875 0.0140625
2.0 0.62265625 0.83515625 0.0296875 0.0109375
2.0 0.9359375 0.7484375 0.03125 0.01171875
1.0 0.6109375 0.05390625 0.0125 0.0265625
1.0 0.55 0.05546875 0.01328125 0.0328125
1.0 0.45 0.0578125 0.01484375 0.03046875
1.0 0.37421875 0.05859375 0.0171875 0.03125
1.0 0.1125 0.0609375 0.015625 0.028125
1.0 0.6640625 0.72109375 0.02890625 0.0140625
1.0 0.66171875 0.3109375 0.0140625 0.02578125
