1 0.84375 0.09140625 0.13359375 0.1234375
1 0.84296875 0.2765625 0.1375 0.1234375
1 0.49609375 0.559375 0.13359375 0.121875
1 0.37421875 0.60546875 0.1265625 0.11953125
1 0.84375 0.57421875 0.13359375 0.1265625
1 0.84375 0.69609375 0.13359375 0.11953125
1 0.528125 0.8875 0.13046875 0.128125
1 0.30859375 0.75234375 0.015625 0.03515625
1 0.32890625 0.803125 0.01875 0.0328125
1 0.32890625 0.753125 0.015625 0.034375
1 0.59765625 0.303125 0.015625 0.03515625
1 0.4859375 0.6484375 0.03125 0.015625
1 0.89765625 0.01640625 0.03671875 0.01875
1 0.3328125 0.5 0.0296875 0.034375
1 0.32109375 0.48359375 0.03671875 0.03515625
1 0.3484375 0.45703125 0.0328125 0.03515625
1 0.36328125 0.47109375 0.0328125 0.0328125
1 0.16640625 0.81640625 0.028125 0.0171875
2 0.20546875 0.815625 0.02734375 0.0171875
2 0.6015625 0.775 0.015625 0.03515625
2 0.60234375 0.73671875 0.0140625 0.0328125
2 0.59921875 0.653125 0.0171875 0.028125
2 0.6015625 0.61484375 0.01875 0.03125
2 0.5984375 0.453125 0.0125 0.03125
2 0.59921875 0.4125 0.0140625 0.02734375
2 0.59765625 0.07265625 0.015625 0.03125
2 0.59765625 0.03359375 0.015625 0.03515625
2 0.596875 0.26171875 0.0140625 0.0328125
2 0.59921875 0.69140625 0.0140625 0.02734375
1 0.953125 0.025 0.034375 0.015625
