2 0.146875 0.45234375 0.00859375 0.009375
1 0.621875 0.465625 0.01640625 0.0046875
0 0.7046875 0.475 0.1046875 0.0609375
0 0.41484375 0.475 0.253125 0.14609375
1 0.7875 0.49296875 0.0171875 0.00703125
0 0.19296875 0.4953125 0.0375 0.03203125
2 0.703125 0.05 0.025 0.00625
2 0.5828125 0.05 0.01953125 0.00625
2 0.6140625 0.05078125 0.0171875 0.00625
2 0.74375 0.521875 0.015625 0.00546875
2 0.7625 0.5234375 0.01796875 0.00625
1 0.7515625 0.53515625 0.01015625 0.009375
1 0.2484375 0.54453125 0.00859375 0.009375
0 0.17734375 0.54609375 0.0546875 0.01953125
2 0.753125 0.54765625 0.01171875 0.009375
2 0.60234375 0.55390625 0.0171875 0.00625
2 0.60390625 0.56328125 0.01953125 0.00625
1 0.29609375 0.565625 0.00859375 0.009375
1 0.31015625 0.565625 0.0078125 0.00859375
1 0.3671875 0.56640625 0.00703125 0.00859375
1 0.28359375 0.56640625 0.01171875 0.009375
1 0.32265625 0.56640625 0.00625 0.009375
1 0.35234375 0.56640625 0.00625 0.0078125
2 0.59296875 0.571875 0.01875 0.00625
2 0.490625 0.57265625 0.015625 0.0046875
2 0.4515625 0.5734375 0.01171875 0.00390625
0 0.2421875 0.575 0.05234375 0.03515625
1 0.3859375 0.57890625 0.00859375 0.00859375
2 0.309375 0.58046875 0.01015625 0.01015625
2 0.28359375 0.5796875 0.00859375 0.009375
2 0.35234375 0.58046875 0.009375 0.01015625
2 0.365625 0.5796875 0.0109375 0.009375
2 0.29609375 0.58046875 0.00859375 0.01015625
2 0.3234375 0.5796875 0.01015625 0.0109375
1 0.73359375 0.58046875 0.0171875 0.00625
2 0.47265625 0.58203125 0.01640625 0.0046875
2 0.45078125 0.58125 0.01484375 0.00390625
2 0.49140625 0.58125 0.015625 0.0046875
2 0.59453125 0.5828125 0.01875 0.0078125
2 0.3828125 0.5875 0.01640625 0.0046875
2 0.471875 0.5890625 0.015625 0.0046875
2 0.490625 0.5890625 0.015625 0.00546875
2 0.59453125 0.5890625 0.01875 0.00625
1 0.734375 0.590625 0.01875 0.00625
2 0.45 0.5921875 0.01328125 0.00390625
1 0.20625 0.59375 0.01015625 0.009375
1 0.3859375 0.59921875 0.009375 0.009375
1 0.2234375 0.6 0.01015625 0.009375
1 0.45234375 0.6078125 0.0109375 0.009375
1 0.6515625 0.0609375 0.01796875 0.00703125
2 0.18203125 0.61015625 0.009375 0.0109375
1 0.77109375 0.61015625 0.009375 0.009375
1 0.7828125 0.6109375 0.009375 0.009375
1 0.7765625 0.62421875 0.01640625 0.00625
1 0.50546875 0.625 0.009375 0.009375
2 0.18125 0.625 0.0109375 0.009375
1 0.4515625 0.62890625 0.009375 0.009375
2 0.77734375 0.63203125 0.01640625 0.00625
2 0.7765625 0.6390625 0.01953125 0.00625
2 0.18046875 0.63984375 0.0109375 0.009375
2 0.18125 0.63984375 0.0109375 0.009375
2 0.77734375 0.6453125 0.0171875 0.00625
1 0.74921875 0.6546875 0.0171875 0.0046875
2 0.7765625 0.6546875 0.01796875 0.00625
2 0.778125 0.6625 0.01875 0.00546875
1 0.74765625 0.6625 0.01640625 0.00546875
2 0.5609375 0.66328125 0.0171875 0.00625
2 0.559375 0.6703125 0.0171875 0.0046875
2 0.44296875 0.67890625 0.015625 0.00625
2 0.4421875 0.68515625 0.01484375 0.00625
2 0.50703125 0.696875 0.01015625 0.009375
2 0.46640625 0.696875 0.00859375 0.01015625
1 0.6171875 0.06953125 0.01953125 0.00703125
1 0.26484375 0.071875 0.01015625 0.01015625
2 0.45625 0.71328125 0.01484375 0.00625
1 0.4890625 0.7140625 0.03125 0.0078125
2 0.59765625 0.71640625 0.01640625 0.00625
1 0.621875 0.7171875 0.01796875 0.00546875
1 0.2171875 0.7203125 0.01875 0.00625
2 0.23671875 0.7203125 0.0171875 0.00625
2 0.50234375 0.7234375 0.01640625 0.0046875
2 0.4828125 0.72421875 0.01796875 0.00703125
1 0.4484375 0.72578125 0.028125 0.0078125
1 0.52578125 0.7265625 0.015625 0.01875
2 0.6734375 0.728125 0.0171875 0.00625
2 0.21640625 0.728125 0.0171875 0.0046875
2 0.48125 0.73203125 0.0171875 0.00625
2 0.503125 0.73359375 0.015625 0.00703125
2 0.228125 0.740625 0.0359375 0.00859375
2 0.5828125 0.07421875 0.01953125 0.00625
2 0.4140625 0.74609375 0.0171875 0.00546875
2 0.52734375 0.74765625 0.0171875 0.00546875
2 0.41484375 0.7546875 0.01796875 0.00703125
2 0.54921875 0.75625 0.00859375 0.01015625
2 0.6828125 0.75625 0.0171875 0.00625
1 0.43203125 0.7578125 0.0078125 0.0109375
1 0.415625 0.7609375 0.0171875 0.0046875
2 0.43203125 0.76796875 0.01015625 0.009375
2 0.4140625 0.771875 0.0171875 0.00546875
2 0.459375 0.7875 0.01640625 0.00546875
1 0.484375 0.7875 0.0171875 0.00625
1 0.253125 0.8015625 0.009375 0.0234375
1 0.2125 0.80234375 0.03046875 0.0078125
1 0.28125 0.80703125 0.01796875 0.00625
2 0.7953125 0.81015625 0.015625 0.00546875
0 0.32578125 0.8109375 0.034375 0.03046875
2 0.2046875 0.81171875 0.0171875 0.0046875
2 0.225 0.81171875 0.0171875 0.0046875
2 0.5828125 0.08203125 0.01640625 0.00625
2 0.79609375 0.82578125 0.0171875 0.0046875
2 0.4671875 0.8265625 0.01875 0.00625
2 0.4109375 0.83125 0.0171875 0.00546875
1 0.28125 0.83203125 0.0171875 0.00546875
2 0.33125 0.8328125 0.0171875 0.00625
2 0.31015625 0.8328125 0.01796875 0.00625
2 0.79375 0.8390625 0.015625 0.00546875
2 0.4109375 0.8390625 0.0171875 0.00546875
1 0.41484375 0.85 0.009375 0.009375
2 0.7953125 0.86328125 0.01328125 0.00546875
2 0.234375 0.865625 0.01015625 0.01015625
0 0.3109375 0.878125 0.11796875 0.06875
2 0.2328125 0.88125 0.0109375 0.01015625
2 0.7953125 0.88125 0.01328125 0.00546875
1 0.38984375 0.88671875 0.01796875 0.00625
2 0.7953125 0.89140625 0.015625 0.0046875
2 0.2328125 0.89140625 0.01015625 0.009375
2 0.38984375 0.89375 0.01640625 0.00625
2 0.2203125 0.8953125 0.015625 0.00390625
1 0.55078125 0.896875 0.0109375 0.01015625
1 0.52109375 0.896875 0.01015625 0.009375
1 0.5359375 0.896875 0.009375 0.009375
2 0.65 0.08984375 0.015625 0.00546875
2 0.7625 0.89921875 0.009375 0.009375
1 0.38828125 0.9015625 0.01796875 0.00625
2 0.48046875 0.9046875 0.01484375 0.0046875
2 0.79453125 0.90625 0.01640625 0.00546875
2 0.221875 0.90703125 0.015625 0.0046875
2 0.221875 0.9109375 0.01328125 0.00390625
2 0.48046875 0.9125 0.015625 0.0046875
1 0.5390625 0.91328125 0.01640625 0.00703125
1 0.575 0.9203125 0.015625 0.00703125
2 0.79375 0.921875 0.01484375 0.0046875
2 0.25 0.92265625 0.00859375 0.00859375
2 0.2203125 0.9234375 0.015625 0.0046875
2 0.3265625 0.9234375 0.00859375 0.00859375
2 0.26796875 0.92265625 0.00859375 0.00859375
2 0.2828125 0.92265625 0.00859375 0.0078125
2 0.29921875 0.9234375 0.00859375 0.00859375
2 0.340625 0.9234375 0.0078125 0.0078125
2 0.3125 0.92421875 0.0078125 0.00859375
2 0.35625 0.92421875 0.0078125 0.00859375
1 0.5375 0.0921875 0.0171875 0.00625
2 0.51484375 0.09296875 0.01796875 0.00703125
2 0.615625 0.09296875 0.01640625 0.0046875
2 0.7953125 0.9375 0.015625 0.00625
2 0.3109375 0.93828125 0.00390625 0.00703125
2 0.3390625 0.93828125 0.003125 0.00625
2 0.3296875 0.9390625 0.00546875 0.00625
2 0.359375 0.9390625 0.003125 0.00703125
1 0.39140625 0.9390625 0.01640625 0.00703125
2 0.58203125 0.94453125 0.015625 0.02265625
1 0.55859375 0.94609375 0.01328125 0.0171875
1 0.321875 0.95 0.0171875 0.00703125
1 0.63984375 0.9546875 0.0078125 0.00859375
1 0.65234375 0.9546875 0.00703125 0.00859375
1 0.684375 0.95546875 0.00546875 0.00703125
1 0.6703125 0.95546875 0.00859375 0.00859375
1 0.7078125 0.9546875 0.00859375 0.00859375
1 0.74140625 0.0953125 0.01640625 0.00625
1 0.3203125 0.96171875 0.01484375 0.00546875
1 0.39140625 0.96328125 0.01796875 0.00625
2 0.72109375 0.1 0.01015625 0.009375
2 0.6328125 0.10234375 0.0109375 0.009375
2 0.23984375 0.10390625 0.01796875 0.00625
2 0.51484375 0.1109375 0.01640625 0.00546875
1 0.23984375 0.1109375 0.0171875 0.0046875
2 0.653125 0.11875 0.01796875 0.00625
1 0.240625 0.11875 0.0203125 0.00625
1 0.51328125 0.11875 0.01875 0.00625
1 0.65390625 0.12578125 0.01796875 0.00625
2 0.5140625 0.1296875 0.01796875 0.00625
2 0.653125 0.13203125 0.01640625 0.00625
2 0.63359375 0.13359375 0.0109375 0.0109375
2 0.521875 0.13671875 0.01796875 0.00546875
2 0.65234375 0.140625 0.0171875 0.00625
2 0.521875 0.14609375 0.01796875 0.00546875
1 0.63515625 0.15625 0.01484375 0.01875
1 0.59140625 0.15625 0.03046875 0.009375
1 0.17265625 0.2015625 0.009375 0.0109375
1 0.715625 0.20625 0.0109375 0.009375
2 0.1859375 0.21484375 0.01015625 0.009375
1 0.17265625 0.215625 0.009375 0.01015625
2 0.18515625 0.22578125 0.01015625 0.009375
2 0.5484375 0.22734375 0.01640625 0.0046875
1 0.5484375 0.234375 0.01796875 0.00546875
2 0.56796875 0.23515625 0.01796875 0.00625
1 0.45234375 0.240625 0.015625 0.00625
1 0.4703125 0.240625 0.015625 0.00625
1 0.50859375 0.240625 0.01640625 0.00625
1 0.48984375 0.240625 0.0171875 0.00703125
1 0.52890625 0.240625 0.01796875 0.00625
1 0.6640625 0.24140625 0.01953125 0.00703125
2 0.5484375 0.2421875 0.01875 0.00703125
1 0.79921875 0.246875 0.01875 0.00703125
1 0.33125 0.24765625 0.01484375 0.0046875
1 0.37265625 0.24765625 0.01796875 0.00625
1 0.253125 0.24765625 0.00703125 0.00859375
1 0.278125 0.24765625 0.00703125 0.0078125
1 0.30234375 0.2484375 0.00859375 0.00859375
1 0.28984375 0.2484375 0.00703125 0.009375
1 0.265625 0.2484375 0.00703125 0.00859375
1 0.315625 0.2484375 0.00703125 0.00703125
1 0.3625 0.265625 0.0171875 0.00625
1 0.728125 0.271875 0.01796875 0.00625
1 0.7484375 0.271875 0.015625 0.00625
0 0.50703125 0.2828125 0.159375 0.07109375
0 0.28046875 0.2984375 0.1265625 0.07265625
2 0.27890625 0.37265625 0.01875 0.00546875
2 0.27734375 0.37890625 0.0171875 0.00625
2 0.2765625 0.38828125 0.01640625 0.00546875
1 0.625 0.42890625 0.01796875 0.0046875
