2 0.9390625 0.62109375 0.0171875 0.0078125
1 0.93828125 0.6296875 0.01328125 0.0078125
2 0.93828125 0.6375 0.01640625 0.00703125
1 0.93828125 0.64609375 0.01484375 0.0078125
2 0.259375 0.065625 0.01875 0.00703125
2 0.9390625 0.6546875 0.01953125 0.00859375
0 0.1453125 0.65859375 0.0234375 0.03984375
2 0.0453125 0.6609375 0.0125 0.02265625
2 0.11796875 0.6609375 0.00703125 0.0171875
2 0.07109375 0.6625 0.0078125 0.01640625
2 0.1234375 0.66171875 0.0078125 0.01796875
2 0.06171875 0.6625 0.00625 0.0203125
2 0.07734375 0.66328125 0.0078125 0.01796875
2 0.93828125 0.66328125 0.01875 0.009375
1 0.2421875 0.0671875 0.0140625 0.009375
2 0.0890625 0.66640625 0.01328125 0.0078125
2 0.93828125 0.6703125 0.01640625 0.0078125
2 0.0453125 0.678125 0.009375 0.0203125
1 0.9375 0.67890625 0.01484375 0.0078125
2 0.14765625 0.06875 0.009375 0.01796875
1 0.1015625 0.06953125 0.00859375 0.01640625
1 0.1109375 0.06875 0.0078125 0.01640625
2 0.1328125 0.06875 0.00703125 0.01796875
2 0.16328125 0.06953125 0.00625 0.0171875
2 0.125 0.06953125 0.00703125 0.015625
1 0.140625 0.06953125 0.00625 0.01484375
2 0.11875 0.06953125 0.00546875 0.01953125
1 0.32734375 0.06953125 0.01484375 0.01015625
2 0.1546875 0.06953125 0.00703125 0.01796875
1 0.04609375 0.696875 0.00859375 0.01484375
2 0.97578125 0.70234375 0.01953125 0.01015625
1 0.9765625 0.71171875 0.01484375 0.009375
1 0.046875 0.7203125 0.0078125 0.01640625
2 0.325 0.7390625 0.0078125 0.01875
2 0.31796875 0.73984375 0.009375 0.0203125
2 0.178125 0.07421875 0.01875 0.009375
2 0.3953125 0.73984375 0.0078125 0.0171875
1 0.3546875 0.740625 0.00546875 0.015625
2 0.3875 0.740625 0.00859375 0.0171875
2 0.4375 0.740625 0.00703125 0.01796875
1 0.33984375 0.740625 0.0078125 0.01796875
2 0.34765625 0.74140625 0.00859375 0.0203125
1 0.3625 0.74140625 0.00703125 0.01640625
1 0.33203125 0.74140625 0.00546875 0.01640625
2 0.4875 0.74140625 0.00546875 0.015625
2 0.4453125 0.74140625 0.00703125 0.01796875
2 0.55234375 0.7421875 0.00625 0.01640625
2 0.49453125 0.7421875 0.0078125 0.01796875
2 0.54453125 0.7421875 0.00703125 0.01796875
2 0.5625 0.74296875 0.00546875 0.01953125
2 0.50234375 0.74296875 0.0078125 0.0203125
1 0.59140625 0.74375 0.00703125 0.0171875
1 0.6 0.74375 0.00625 0.0171875
1 0.60625 0.7453125 0.0078125 0.015625
1 0.2421875 0.075 0.01484375 0.0078125
1 0.6140625 0.74609375 0.00625 0.01640625
1 0.2515625 0.7484375 0.015625 0.009375
2 0.2859375 0.7484375 0.01796875 0.009375
2 0.1953125 0.07578125 0.0140625 0.009375
2 0.04609375 0.75625 0.009375 0.01953125
2 0.253125 0.75703125 0.015625 0.0078125
1 0.26875 0.7578125 0.0140625 0.0078125
2 0.25234375 0.76875 0.0171875 0.0078125
2 0.26953125 0.76875 0.01796875 0.00859375
0 0.16015625 0.77109375 0.1328125 0.15
2 0.26953125 0.7796875 0.01796875 0.01171875
2 0.0484375 0.78828125 0.01640625 0.009375
2 0.06484375 0.78828125 0.0140625 0.009375
2 0.04921875 0.796875 0.01484375 0.00546875
1 0.32734375 0.08046875 0.01484375 0.009375
2 0.065625 0.8046875 0.015625 0.0046875
2 0.04921875 0.8046875 0.01796875 0.0078125
2 0.05078125 0.81171875 0.01484375 0.00625
2 0.06484375 0.81484375 0.01171875 0.0078125
1 0.05 0.821875 0.0140625 0.00703125
2 0.065625 0.82421875 0.01484375 0.00546875
2 0.05 0.8296875 0.0140625 0.00546875
2 0.10625 0.08359375 0.01484375 0.00859375
2 0.0640625 0.8328125 0.015625 0.00390625
2 0.05078125 0.83671875 0.0125 0.0078125
1 0.178125 0.084375 0.01484375 0.0078125
2 0.04453125 0.846875 0.015625 0.00625
2 0.2421875 0.08515625 0.01953125 0.009375
1 0.19609375 0.08515625 0.01484375 0.0078125
1 0.50234375 0.85859375 0.015625 0.0109375
1 0.44140625 0.86015625 0.01328125 0.0078125
1 0.4859375 0.859375 0.015625 0.0109375
1 0.4671875 0.859375 0.01484375 0.0109375
1 0.51875 0.86015625 0.01484375 0.009375
1 0.41484375 0.86015625 0.01484375 0.0109375
1 0.5375 0.8609375 0.0171875 0.01015625
1 0.63984375 0.8609375 0.0125 0.0046875
1 0.75390625 0.86171875 0.01484375 0.00859375
1 0.721875 0.86171875 0.01484375 0.0078125
1 0.81640625 0.86171875 0.01484375 0.00859375
1 0.7796875 0.86171875 0.01796875 0.009375
1 0.83515625 0.86171875 0.01640625 0.0078125
1 0.67578125 0.86171875 0.01484375 0.009375
1 0.85234375 0.8625 0.01484375 0.009375
1 0.67578125 0.8625 0.0140625 0.0078125
2 0.6078125 0.8625 0.01484375 0.00703125
2 0.62421875 0.8640625 0.01484375 0.00625
1 0.0171875 0.8640625 0.0078125 0.01171875
1 0.03828125 0.86484375 0.00703125 0.0171875
1 0.04765625 0.86484375 0.00625 0.01484375
1 0.02578125 0.86484375 0.0078125 0.01796875
2 0.234375 0.86875 0.00625 0.01640625
2 0.6078125 0.88046875 0.01484375 0.0078125
2 0.0171875 0.8828125 0.00625 0.0203125
2 0.6921875 0.8828125 0.0140625 0.0046875
2 0.02578125 0.88359375 0.00390625 0.0140625
1 0.6078125 0.8875 0.01171875 0.00703125
1 0.590625 0.8890625 0.0140625 0.00703125
2 0.7078125 0.890625 0.0125 0.0078125
2 0.6921875 0.89140625 0.0125 0.00625
0 0.7609375 0.89609375 0.08046875 0.0578125
2 0.5921875 0.896875 0.0140625 0.00703125
2 0.575 0.896875 0.01484375 0.00546875
2 0.6078125 0.89765625 0.015625 0.00703125
2 0.69140625 0.90078125 0.0125 0.00546875
1 0.3265625 0.090625 0.01484375 0.009375
2 0.95390625 0.90234375 0.00859375 0.01796875
2 0.57421875 0.90625 0.01484375 0.00625
2 0.60625 0.90703125 0.01640625 0.00859375
2 0.6921875 0.909375 0.0125 0.00546875
2 0.58984375 0.9140625 0.01328125 0.0046875
2 0.5734375 0.91484375 0.0140625 0.00546875
0 0.64609375 0.91640625 0.053125 0.09609375
2 0.69375 0.91796875 0.01171875 0.00546875
2 0.10703125 0.09296875 0.01484375 0.0078125
2 0.70859375 0.9265625 0.0140625 0.00703125
1 0.24140625 0.09296875 0.01484375 0.0078125
0 0.93125 0.934375 0.0265625 0.0359375
1 0.196875 0.09375 0.0125 0.009375
2 0.60703125 0.9359375 0.01875 0.0046875
2 0.24609375 0.940625 0.0171875 0.01015625
1 0.57421875 0.9421875 0.0125 0.00625
2 0.60703125 0.94375 0.0140625 0.00625
1 0.17890625 0.09453125 0.01484375 0.0078125
2 0.5921875 0.95 0.01484375 0.00703125
2 0.24609375 0.95078125 0.01640625 0.009375
2 0.2203125 0.95234375 0.00703125 0.01953125
2 0.60625 0.95234375 0.0140625 0.00625
2 0.27265625 0.95390625 0.0078125 0.01796875
2 0.28203125 0.9546875 0.0078125 0.02109375
2 0.91640625 0.95546875 0.01328125 0.00703125
2 0.25859375 0.95546875 0.00703125 0.01953125
2 0.26640625 0.95546875 0.0078125 0.0203125
2 0.89609375 0.95859375 0.0078125 0.01875
2 0.90546875 0.959375 0.00703125 0.015625
2 0.19140625 0.9609375 0.0078125 0.01796875
2 0.60703125 0.9609375 0.01328125 0.00625
2 0.18515625 0.9625 0.00703125 0.01875
2 0.91640625 0.96328125 0.0140625 0.00859375
1 0.634375 0.9703125 0.00625 0.01640625
1 0.62734375 0.97109375 0.00625 0.01640625
2 0.9484375 0.971875 0.01953125 0.0078125
1 0.61328125 0.9734375 0.00703125 0.01171875
1 0.79921875 0.97421875 0.00546875 0.015625
2 0.8078125 0.975 0.00546875 0.01640625
2 0.96171875 0.975 0.009375 0.0171875
2 0.7921875 0.97578125 0.00625 0.01796875
2 0.815625 0.975 0.00703125 0.0171875
2 0.95 0.98046875 0.0171875 0.00859375
2 0.10625 0.1 0.01484375 0.0078125
1 0.32734375 0.10078125 0.0140625 0.009375
1 0.178125 0.10234375 0.0140625 0.0078125
2 0.19609375 0.10390625 0.01640625 0.0078125
0 0.14140625 0.10703125 0.0484375 0.05703125
2 0.10625 0.10859375 0.01640625 0.009375
1 0.32734375 0.11015625 0.01484375 0.0078125
1 0.178125 0.1109375 0.0140625 0.0078125
2 0.196875 0.11328125 0.01484375 0.0078125
2 0.10625 0.11640625 0.01484375 0.0078125
1 0.17890625 0.12109375 0.0140625 0.00625
1 0.3265625 0.12109375 0.01484375 0.00859375
2 0.10546875 0.12578125 0.0140625 0.0078125
1 0.178125 0.1296875 0.01484375 0.0078125
2 0.2171875 0.13203125 0.01640625 0.00859375
2 0.10703125 0.13515625 0.01484375 0.00859375
1 0.25234375 0.13515625 0.0125 0.0078125
1 0.1171875 0.14375 0.00625 0.01484375
1 0.12421875 0.14453125 0.0078125 0.01484375
1 0.146875 0.14453125 0.0078125 0.01484375
1 0.13984375 0.1453125 0.00703125 0.01484375
1 0.1546875 0.1453125 0.009375 0.01640625
1 0.16953125 0.1453125 0.0078125 0.0171875
1 0.13203125 0.1453125 0.00625 0.01484375
1 0.16171875 0.1453125 0.00859375 0.01640625
1 0.17734375 0.14609375 0.009375 0.01640625
2 0.18515625 0.1453125 0.00703125 0.0203125
2 0.20078125 0.14609375 0.0078125 0.01796875
1 0.19296875 0.14609375 0.0078125 0.01640625
1 0.10625 0.146875 0.0140625 0.00859375
2 0.2171875 0.1484375 0.01796875 0.00703125
2 0.10546875 0.1578125 0.0140625 0.00859375
2 0.1234375 0.16015625 0.0078125 0.01484375
2 0.1390625 0.1609375 0.0078125 0.01484375
2 0.1171875 0.1609375 0.00703125 0.0171875
1 0.178125 0.16171875 0.0078125 0.01796875
2 0.1328125 0.16171875 0.00703125 0.01640625
1 0.146875 0.16171875 0.0078125 0.01640625
2 0.19375 0.1625 0.0078125 0.01796875
2 0.2015625 0.1625 0.00625 0.01640625
2 0.1859375 0.1625 0.0078125 0.01796875
1 0.09140625 0.16640625 0.0140625 0.0109375
2 0.10546875 0.16796875 0.01484375 0.0078125
0 0.8921875 0.1703125 0.059375 0.06015625
1 0.10546875 0.1765625 0.0140625 0.0078125
2 0.1859375 0.18125 0.0078125 0.01796875
2 0.178125 0.18125 0.00625 0.01796875
1 0.19453125 0.18203125 0.0078125 0.015625
2 0.0703125 0.1828125 0.01640625 0.0078125
2 0.08984375 0.18359375 0.01640625 0.009375
1 0.10625 0.184375 0.01484375 0.0078125
0 0.309375 0.20078125 0.0515625 0.08984375
0 0.41953125 0.209375 0.0859375 0.05390625
1 0.16640625 0.24140625 0.0140625 0.0078125
1 0.1359375 0.24140625 0.01640625 0.009375
1 0.16484375 0.2578125 0.01484375 0.00859375
0 0.53828125 0.26953125 0.04140625 0.05
2 0.46796875 0.27578125 0.01484375 0.0421875
0 0.4140625 0.2828125 0.07421875 0.07734375
2 0.50546875 0.30625 0.01640625 0.0078125
1 0.134375 0.309375 0.01484375 0.00859375
1 0.5203125 0.31015625 0.00625 0.01640625
2 0.50625 0.31484375 0.015625 0.009375
1 0.16484375 0.315625 0.01328125 0.0078125
1 0.89453125 0.31875 0.01171875 0.02890625
1 0.92890625 0.3203125 0.01171875 0.0296875
0 0.31953125 0.328125 0.07109375 0.11875
1 0.134375 0.3734375 0.01484375 0.0109375
1 0.95625 0.37578125 0.01484375 0.009375
2 0.071875 0.37890625 0.0171875 0.0125
1 0.16484375 0.3796875 0.0140625 0.00859375
1 0.95703125 0.384375 0.0140625 0.01171875
1 0.93984375 0.384375 0.01484375 0.00859375
2 0.07109375 0.3875 0.01484375 0.00703125
1 0.95625 0.39296875 0.01484375 0.0078125
2 0.93984375 0.39296875 0.01484375 0.0078125
1 0.07265625 0.39609375 0.02109375 0.009375
1 0.95625 0.4015625 0.01484375 0.01015625
2 0.940625 0.40234375 0.01484375 0.0078125
2 0.07265625 0.40546875 0.01796875 0.0078125
2 0.446875 0.409375 0.015625 0.00859375
2 0.9390625 0.4109375 0.01640625 0.0078125
2 0.07265625 0.4140625 0.01796875 0.00859375
1 0.95625 0.41875 0.0140625 0.00703125
2 0.44609375 0.41875 0.01484375 0.00625
1 0.93984375 0.4203125 0.01640625 0.0078125
1 0.071875 0.4234375 0.01484375 0.00703125
2 0.13515625 0.42578125 0.0171875 0.00859375
1 0.95625 0.42734375 0.01484375 0.0078125
1 0.44609375 0.42734375 0.01484375 0.00859375
2 0.46171875 0.428125 0.015625 0.00703125
2 0.9390625 0.42890625 0.01484375 0.009375
2 0.07265625 0.43046875 0.01640625 0.009375
2 0.16484375 0.4328125 0.01640625 0.0078125
2 0.4453125 0.4359375 0.0140625 0.00703125
2 0.48515625 0.4359375 0.01484375 0.00703125
1 0.95625 0.4359375 0.01640625 0.009375
2 0.49921875 0.43671875 0.0140625 0.00703125
2 0.4609375 0.43671875 0.01484375 0.0078125
2 0.93984375 0.43671875 0.01484375 0.0078125
2 0.4609375 0.44453125 0.01640625 0.0078125
1 0.9390625 0.4453125 0.01484375 0.01015625
2 0.484375 0.4453125 0.0140625 0.0078125
2 0.46171875 0.45234375 0.0140625 0.0078125
2 0.48515625 0.45234375 0.01328125 0.00546875
1 0.95625 0.4546875 0.01484375 0.01171875
2 0.4609375 0.46015625 0.0140625 0.00625
2 0.44375 0.4609375 0.0171875 0.0078125
1 0.48515625 0.4609375 0.0125 0.00546875
2 0.93984375 0.47109375 0.01875 0.0078125
1 0.95625 0.471875 0.01484375 0.009375
1 0.1328125 0.47578125 0.0140625 0.00859375
2 0.41328125 0.47890625 0.0078125 0.01796875
2 0.40546875 0.4796875 0.00703125 0.01875
1 0.4125 0.4984375 0.00625 0.01484375
2 0.4203125 0.49921875 0.00703125 0.01796875
2 0.0375 0.5 0.015625 0.0078125
2 0.0546875 0.50078125 0.0140625 0.0078125
2 0.9390625 0.51875 0.01796875 0.00859375
2 0.0359375 0.5234375 0.0078125 0.0140625
2 0.9375 0.52734375 0.01875 0.0078125
0 0.7828125 0.53203125 0.225 0.2515625
1 0.9390625 0.5375 0.015625 0.009375
2 0.9390625 0.56484375 0.0171875 0.0078125
2 0.93984375 0.57265625 0.01796875 0.009375
