1 0.22578125 0.13359375 0.06875 0.12109375
1 0.35390625 0.13359375 0.06015625 0.12109375
1 0.540625 0.08203125 0.12734375 0.13984375
1 0.684375 0.21015625 0.13125 0.125
0 0.71796875 0.85 0.18125 0.19140625
0 0.39609375 0.33984375 0.4125 0.19609375
2 0.1625 0.334375 0.05 0.17890625
2 0.24453125 0.64453125 0.05234375 0.17734375
2 0.63984375 0.43359375 0.05 0.15390625
2 0.71953125 0.43046875 0.05234375 0.14375
2 0.796875 0.43359375 0.04765625 0.15
2 0.87890625 0.440625 0.05390625 0.13515625
2 0.953125 0.44453125 0.05625 0.12265625
2 0.33359375 0.6375 0.06015625 0.15
2 0.41015625 0.63671875 0.05390625 0.13984375
2 0.49296875 0.634375 0.05625 0.125
