2 0.23828125 0.140625 0.11015625 0.02109375
2 0.75546875 0.140625 0.10625 0.02109375
2 0.23828125 0.29765625 0.11015625 0.02265625
2 0.759375 0.3 0.10625 0.02265625
2 0.23984375 0.459375 0.09609375 0.02265625
2 0.75625 0.45859375 0.09609375 0.025
2 0.4 0.55625 0.09609375 0.025
2 0.496875 0.609375 0.08515625 0.01875
2 0.50703125 0.64375 0.08515625 0.025
2 0.2125 0.934375 0.09140625 0.02265625
2 0.46484375 0.83359375 0.09609375 0.02109375
1 0.628125 0.715625 0.05234375 0.04765625
0 0.503125 0.71015625 0.11875 0.04609375
1 0.603125 0.55390625 0.11015625 0.02734375
