0 0.40078125 0.271875 0.10625 0.17734375
1 0.17734375 0.25234375 0.01640625 0.025
1 0.28984375 0.25703125 0.0125 0.02734375
1 0.20390625 0.25546875 0.0125 0.03125
1 0.25 0.26171875 0.03359375 0.01875
1 0.25 0.28828125 0.02890625 0.01484375
1 0.25234375 0.30703125 0.02890625 0.01484375
1 0.31328125 0.31640625 0.01484375 0.02734375
1 0.5125 0.296875 0.0375 0.01875
2 0.56484375 0.29609375 0.03359375 0.01640625
1 0.55 0.56171875 0.05 0.02265625
1 0.41875 0.6375 0.02109375 0.0375
1 0.42109375 0.69453125 0.02109375 0.04375
1 0.56875 0.70625 0.04609375 0.02109375
1 0.56640625 0.73828125 0.04375 0.02265625
2 0.44765625 0.57578125 0.01640625 0.03125
1 0.55 0.59140625 0.05 0.02109375
2 0.51796875 0.71640625 0.01875 0.04375
