2 0.07734375 0.6875 0.01640625 0.0875
2 0.13671875 0.68203125 0.01484375 0.06015625
2 0.19453125 0.68671875 0.01875 0.07265625
2 0.25546875 0.68046875 0.01484375 0.08515625
2 0.31640625 0.68125 0.0125 0.06640625
2 0.375 0.67890625 0.01640625 0.07890625
2 0.434375 0.69140625 0.01484375 0.07890625
2 0.49375 0.684375 0.01484375 0.09765625
2 0.55625 0.690625 0.01640625 0.09375
2 0.6125 0.68984375 0.01640625 0.10234375
2 0.678125 0.68515625 0.01875 0.09765625
2 0.73359375 0.67421875 0.02109375 0.09765625
2 0.79140625 0.6875 0.025 0.12109375
2 0.85625 0.6875 0.02109375 0.10234375
2 0.91875 0.70703125 0.02109375 0.08984375
2 0.978125 0.69140625 0.0125 0.12109375
