1 0.33984375 0.409375 0.05390625 0.05859375
1 0.50546875 0.3625 0.08515625 0.02109375
1 0.75078125 0.49921875 0.08515625 0.01875
1 0.565625 0.471875 0.06640625 0.01484375
1 0.440625 0.63046875 0.06015625 0.0125
1 0.54140625 0.63203125 0.03359375 0.03125
1 0.37421875 0.70859375 0.06484375 0.01640625
1 0.62890625 0.709375 0.0625 0.01875
1 0.371875 0.81328125 0.06875 0.01875
1 0.62890625 0.81328125 0.06640625 0.02734375
2 0.46953125 0.40703125 0.04375 0.03515625
2 0.53359375 0.40625 0.03125 0.04140625
2 0.75234375 0.534375 0.07890625 0.02265625
2 0.753125 0.46484375 0.06640625 0.02109375
2 0.47421875 0.91953125 0.07734375 0.02265625
2 0.70234375 0.94765625 0.07109375 0.02109375
0 0.50234375 0.546875 0.27890625 0.08984375
0 0.375 0.76015625 0.0875 0.05
0 0.63125 0.759375 0.0875 0.04765625
