0 0.490625 0.91015625 0.14375 0.07890625
0 0.48671875 0.48984375 0.15 0.0875
2 0.69140625 0.925 0.10390625 0.03515625
2 0.45 0.76328125 0.10625 0.03984375
2 0.45078125 0.63515625 0.10859375 0.04140625
2 0.27109375 0.86015625 0.0625 0.02109375
2 0.396875 0.859375 0.05234375 0.02265625
2 0.72578125 0.659375 0.03984375 0.03125
2 0.37890625 0.3875 0.04609375 0.05625
2 0.44375 0.38671875 0.05390625 0.05625
2 0.52890625 0.38671875 0.04140625 0.05234375
2 0.59296875 0.38359375 0.03515625 0.05390625
1 0.35234375 0.459375 0.04140625 0.01875
1 0.35078125 0.484375 0.03984375 0.01875
1 0.52734375 0.859375 0.04609375 0.0125
