0 0.38046875 0.471875 0.20625 0.20234375
0 0.69453125 0.515625 0.15234375 0.10625
0 0.47890625 0.71484375 0.1125 0.11640625
0 0.71328125 0.71640625 0.12265625 0.1125
0 0.29609375 0.72578125 0.10859375 0.06875
1 0.065625 0.31953125 0.01015625 0.02734375
1 0.26015625 0.63046875 0.02109375 0.03515625
1 0.58828125 0.70546875 0.01484375 0.02734375
1 0.528125 0.59609375 0.00859375 0.02890625
1 0.621875 0.60390625 0.0125 0.03359375
1 0.6 0.43515625 0.01640625 0.02265625
2 0.09140625 0.321875 0.0125 0.02265625
2 0.11875 0.32109375 0.0125 0.025
2 0.15234375 0.321875 0.0125 0.02265625
2 0.18203125 0.32265625 0.01015625 0.025
2 0.20703125 0.321875 0.01015625 0.03515625
2 0.6 0.27734375 0.00859375 0.02890625
2 0.62265625 0.275 0.01640625 0.02734375
2 0.646875 0.275 0.00625 0.02109375
2 0.66796875 0.275 0.0125 0.03359375
2 0.69453125 0.27734375 0.01015625 0.02734375
2 0.71796875 0.27734375 0.00859375 0.025
2 0.73828125 0.27421875 0.01015625 0.02265625
2 0.76328125 0.27421875 0.01484375 0.02265625
2 0.78671875 0.278125 0.0125 0.02265625
2 0.27734375 0.81484375 0.01640625 0.02890625
2 0.51171875 0.821875 0.02265625 0.03125
2 0.596875 0.81953125 0.0125 0.02265625
2 0.62734375 0.81875 0.01640625 0.02890625
2 0.65859375 0.81953125 0.01640625 0.02265625
2 0.690625 0.81796875 0.01015625 0.02734375
2 0.72265625 0.81640625 0.01640625 0.03359375
2 0.76015625 0.82109375 0.0125 0.025
1 0.371875 0.703125 0.01015625 0.02265625
2 0.35859375 0.61953125 0.025 0.01015625
1 0.2125 0.703125 0.0125 0.02265625
