1 0.1234375 0.0578125 0.009375 0.0234375
1 0.14375 0.09453125 0.0078125 0.01875
1 0.184375 0.09296875 0.01171875 0.009375
1 0.28515625 0.2765625 0.01171875 0.0109375
1 0.3828125 0.27734375 0.0078125 0.0171875
1 0.3609375 0.07265625 0.03125 0.075
1 0.39375 0.07265625 0.03046875 0.075
1 0.14140625 0.6234375 0.01171875 0.03125
1 0.3203125 0.6375 0.01171875 0.009375
1 0.3203125 0.6546875 0.01171875 0.0109375
1 0.303125 0.79609375 0.0125 0.0109375
1 0.22109375 0.88125 0.00703125 0.0171875
1 0.2625 0.88203125 0.00703125 0.0171875
1 0.71796875 0.20546875 0.0296875 0.07734375
1 0.6078125 0.07578125 0.0296875 0.07734375
1 0.640625 0.075 0.0296875 0.07734375
1 0.67265625 0.0734375 0.0296875 0.07734375
1 0.7015625 0.0953125 0.0078125 0.01875
1 0.71328125 0.09609375 0.00703125 0.01875
1 0.828125 0.25546875 0.0078125 0.01875
1 0.80703125 0.2546875 0.00703125 0.0171875
1 0.85625 0.24921875 0.0125 0.0328125
1 0.5828125 0.26640625 0.00703125 0.01953125
1 0.7125 0.53671875 0.0125 0.0109375
1 0.740625 0.5546875 0.0125 0.01171875
1 0.81875 0.56171875 0.00703125 0.0171875
1 0.80625 0.56171875 0.00703125 0.0171875
1 0.5734375 0.6328125 0.01171875 0.01171875
1 0.571875 0.70625 0.01171875 0.01171875
1 0.79375 0.678125 0.0078125 0.01953125
1 0.82265625 0.715625 0.00703125 0.01875
1 0.86328125 0.82578125 0.0078125 0.01875
1 0.8625 0.89296875 0.0078125 0.01875
1 0.92421875 0.8390625 0.00859375 0.01953125
1 0.884375 0.24296875 0.0078125 0.01953125
2 0.12421875 0.09453125 0.0078125 0.01953125
0 0.10859375 0.20390625 0.03046875 0.053125
0 0.33203125 0.1890625 0.1015625 0.075
2 0.3265625 0.2765625 0.01171875 0.0109375
2 0.3625 0.2765625 0.0125 0.0109375
2 0.14296875 0.36640625 0.0125 0.034375
2 0.3625 0.3078125 0.0125 0.034375
2 0.32578125 0.3078125 0.0125 0.034375
0 0.1078125 0.30078125 0.03046875 0.05078125
2 0.284375 0.30703125 0.0125 0.034375
2 0.146875 0.50859375 0.0078125 0.01875
0 0.3078125 0.4796875 0.1546875 0.2265625
2 0.2921875 0.64921875 0.02265625 0.01875
0 0.2203125 0.78203125 0.075 0.1125
2 0.1609375 0.78125 0.0078125 0.01953125
2 0.16875 0.87421875 0.0078125 0.01875
2 0.184375 0.88046875 0.0078125 0.01875
2 0.209375 0.88125 0.0078125 0.0171875
2 0.2171875 0.91796875 0.00703125 0.0171875
2 0.24140625 0.91796875 0.0078125 0.0171875
0 0.48046875 0.2296875 0.134375 0.140625
0 0.4921875 0.47265625 0.15 0.2265625
0 0.6515625 0.40703125 0.09453125 0.1421875
0 0.6265625 0.67265625 0.0328125 0.078125
0 0.628125 0.56953125 0.0328125 0.078125
2 0.67890625 0.69453125 0.0125 0.034375
2 0.67890625 0.5484375 0.0125 0.034375
2 0.67890625 0.590625 0.0125 0.034375
2 0.67890625 0.6515625 0.0125 0.034375
2 0.7359375 0.68359375 0.0125 0.01171875
2 0.7609375 0.684375 0.0140625 0.0125
0 0.4328125 0.77265625 0.175 0.26484375
0 0.75625 0.8390625 0.096875 0.14453125
0 0.60859375 0.8375 0.096875 0.14453125
2 0.89296875 0.0421875 0.01484375 0.01484375
2 0.7578125 0.2125 0.009375 0.021875
2 0.8734375 0.24296875 0.0078125 0.0171875
2 0.83984375 0.25546875 0.0078125 0.01875
2 0.77421875 0.2546875 0.00703125 0.0171875
0 0.81875 0.40859375 0.13359375 0.2
2 0.76171875 0.56171875 0.0078125 0.0171875
2 0.84296875 0.5609375 0.0078125 0.01875
2 0.83125 0.5609375 0.0078125 0.01875
2 0.8546875 0.56171875 0.00703125 0.0171875
0 0.83671875 0.63828125 0.0453125 0.04765625
2 0.834375 0.75234375 0.00703125 0.01875
2 0.834375 0.715625 0.00703125 0.01875
2 0.846875 0.7515625 0.0078125 0.0171875
2 0.85859375 0.7515625 0.00703125 0.0171875
2 0.846875 0.825 0.0140625 0.03515625
2 0.8453125 0.86796875 0.0125 0.0125
2 0.83515625 0.89296875 0.0078125 0.01640625
0 0.29453125 0.85 0.034375 0.06953125
0 0.7328125 0.6265625 0.03515625 0.071875
