1 0.4515625 0.2484375 0.01171875 0.0109375
1 0.4515625 0.26484375 0.01171875 0.0109375
1 0.4515625 0.2140625 0.01171875 0.0109375
1 0.4515625 0.2328125 0.01171875 0.0109375
1 0.30390625 0.30078125 0.009375 0.0078125
1 0.24296875 0.3546875 0.00859375 0.00859375
1 0.275 0.35546875 0.00859375 0.0078125
1 0.334375 0.38671875 0.009375 0.0078125
1 0.434375 0.46015625 0.0046875 0.0125
1 0.54375 0.58125 0.00625 0.0140625
1 0.3484375 0.65546875 0.0078125 0.0171875
1 0.33046875 0.6890625 0.00859375 0.0078125
1 0.31171875 0.7109375 0.009375 0.0078125
1 0.3328125 0.77734375 0.00625 0.0140625
1 0.3328125 0.7984375 0.00625 0.01484375
1 0.3140625 0.80390625 0.00859375 0.0078125
1 0.4109375 0.803125 0.0046875 0.0140625
1 0.9328125 0.2484375 0.0078125 0.01640625
1 0.94375 0.2484375 0.0078125 0.01640625
1 0.96953125 0.253125 0.00859375 0.0078125
1 0.99296875 0.3296875 0.00859375 0.0078125
1 0.87578125 0.38828125 0.00859375 0.00859375
1 0.87578125 0.509375 0.0078125 0.01640625
1 0.8578125 0.534375 0.009375 0.0078125
1 0.93828125 0.525 0.00859375 0.0078125
1 0.9796875 0.51484375 0.00859375 0.0078125
1 0.7828125 0.55 0.0546875 0.03828125
0 0.334375 0.56640625 0.0125 0.0140625
0 0.31484375 0.56640625 0.0125 0.0140625
0 0.559375 0.58671875 0.009375 0.0234375
0 0.334375 0.7109375 0.009375 0.0234375
0 0.6828125 0.553125 0.02265625 0.08203125
0 0.64140625 0.6 0.01640625 0.01484375
0 0.859375 0.5125 0.015625 0.01484375
0 0.2609375 0.315625 0.02421875 0.0515625
0 0.34296875 0.4421875 0.0234375 0.03828125
0 0.38515625 0.2453125 0.0515625 0.0421875
0 0.29296875 0.23359375 0.053125 0.04296875
0 0.9828125 0.353125 0.0234375 0.02421875
0 0.72734375 0.63359375 0.034375 0.07109375
0 0.78203125 0.4203125 0.071875 0.10625
0 0.3390625 0.346875 0.02734375 0.03515625
0 0.4203125 0.3453125 0.02734375 0.03515625
0 0.37890625 0.56640625 0.02734375 0.0375
0 0.38984375 0.78828125 0.0265625 0.03046875
0 0.88125 0.73125 0.02734375 0.03203125
0 0.94921875 0.49375 0.0234375 0.0390625
0 0.57265625 0.44453125 0.14140625 0.21015625
2 0.4671875 0.4625 0.00859375 0.0171875
2 0.4671875 0.51015625 0.00859375 0.01640625
2 0.44765625 0.35703125 0.00859375 0.01640625
2 0.31328125 0.34609375 0.0078125 0.01640625
2 0.4671875 0.3375 0.00859375 0.0171875
2 0.4671875 0.35859375 0.00859375 0.01640625
2 0.46640625 0.403125 0.00859375 0.0171875
2 0.46640625 0.42421875 0.00859375 0.01640625
2 0.44375 0.51875 0.00859375 0.01640625
2 0.4671875 0.48671875 0.00859375 0.01640625
2 0.2890625 0.52734375 0.009375 0.0171875
2 0.259375 0.62109375 0.00859375 0.0171875
2 0.36015625 0.5109375 0.009375 0.00859375
2 0.37421875 0.52265625 0.00859375 0.0078125
2 0.37109375 0.61484375 0.00625 0.01484375
2 0.37890625 0.61484375 0.00625 0.01484375
2 0.38046875 0.72578125 0.00859375 0.0171875
2 0.340625 0.7765625 0.00625 0.01484375
2 0.340625 0.7984375 0.00625 0.01484375
2 0.2375 0.7375 0.00859375 0.01875
2 0.4203125 0.8390625 0.009375 0.0078125
2 0.43125 0.83359375 0.00625 0.01484375
2 0.56328125 0.290625 0.01171875 0.0125
2 0.6078125 0.290625 0.0125 0.0125
2 0.50703125 0.29140625 0.01171875 0.0125
2 0.52109375 0.29140625 0.0125 0.0125
2 0.53515625 0.290625 0.01171875 0.0125
2 0.54921875 0.290625 0.0125 0.0125
2 0.57734375 0.290625 0.0125 0.0125
2 0.84765625 0.43046875 0.009375 0.01640625
2 0.84765625 0.45390625 0.009375 0.0171875
2 0.69140625 0.31953125 0.009375 0.01640625
2 0.69140625 0.340625 0.009375 0.0171875
2 0.69140625 0.38046875 0.009375 0.01640625
2 0.84765625 0.3375 0.009375 0.0171875
2 0.84765625 0.3703125 0.009375 0.01640625
2 0.69140625 0.44375 0.009375 0.0171875
2 0.6171875 0.60546875 0.01171875 0.01171875
2 0.52421875 0.5953125 0.01171875 0.0125
2 0.6875 0.64375 0.009375 0.01875
2 0.73125 0.553125 0.0078125 0.0171875
2 0.7546875 0.80625 0.009375 0.00859375
2 0.7546875 0.7765625 0.009375 0.00859375
2 0.7546875 0.75859375 0.009375 0.00859375
2 0.9796875 0.79609375 0.01171875 0.01171875
2 0.9796875 0.76796875 0.01171875 0.0125
2 0.9609375 0.72109375 0.01171875 0.0125
2 0.69140625 0.4640625 0.009375 0.01640625
2 0.690625 0.48515625 0.009375 0.0171875
2 0.69140625 0.4015625 0.009375 0.0171875
2 0.69140625 0.4234375 0.009375 0.01640625
2 0.8640625 0.3390625 0.009375 0.0171875
2 0.42890625 0.2875 0.00625 0.01484375
2 0.34765625 0.29453125 0.01171875 0.0109375
2 0.2390625 0.1375 0.01171875 0.0109375
2 0.240625 0.1546875 0.01171875 0.0109375
2 0.80703125 0.81328125 0.00859375 0.0171875
2 0.89453125 0.38828125 0.009375 0.00859375
2 0.41484375 0.47421875 0.00859375 0.00859375
2 0.8484375 0.3875 0.0109375 0.009375
2 0.3390625 0.26640625 0.01875 0.01484375
2 0.2828125 0.1578125 0.01875 0.01484375
2 0.47578125 0.30546875 0.0109375 0.009375
2 0.3140625 0.59609375 0.00625 0.01484375
2 0.44375 0.54609375 0.0109375 0.009375
2 0.3375 0.5203125 0.00625 0.01484375
2 0.9625 0.79453125 0.00703125 0.01484375
2 0.9796875 0.503125 0.009375 0.0078125
2 0.86640625 0.365625 0.00703125 0.01484375
2 0.9734375 0.3296875 0.009375 0.0078125
2 0.953125 0.3515625 0.009375 0.009375
2 0.36015625 0.521875 0.009375 0.00859375
2 0.3140625 0.77109375 0.009375 0.00859375
2 0.4296875 0.240625 0.009375 0.025
2 0.884375 0.50703125 0.00625 0.01484375
2 0.37421875 0.5109375 0.009375 0.0078125
2 0.3390625 0.23125 0.01875 0.01484375
2 0.45 0.46171875 0.00625 0.01484375
2 0.96875 0.24140625 0.009375 0.009375
2 0.47109375 0.378125 0.0109375 0.00859375
2 0.4421875 0.4609375 0.00625 0.015625
2 0.690625 0.3609375 0.0109375 0.009375
2 0.34453125 0.678125 0.0109375 0.00859375
2 0.3609375 0.6546875 0.00625 0.01484375
2 0.3609375 0.6765625 0.00625 0.01484375
2 0.33046875 0.678125 0.0109375 0.00859375
2 0.9359375 0.590625 0.01171875 0.0078125
2 0.953125 0.33984375 0.009375 0.009375
2 0.96953125 0.55546875 0.01171875 0.0078125
2 0.89140625 0.78046875 0.009375 0.02421875
2 0.8796875 0.78046875 0.009375 0.02421875
