0 0.56171875 0.10703125 0.05859375 0.12421875
1 0.5125 0.08515625 0.00625 0.0140625
2 0.51328125 0.1625 0.00703125 0.015625
2 0.5125 0.125 0.00703125 0.015625
1 0.2625 0.38359375 0.00625 0.0140625
1 0.2625 0.278125 0.00625 0.0140625
1 0.27265625 0.278125 0.00625 0.0140625
1 0.28203125 0.278125 0.00625 0.0140625
1 0.3046875 0.33203125 0.00625 0.0140625
1 0.5765625 0.52265625 0.00625 0.0140625
1 0.2875 0.384375 0.00625 0.0140625
1 0.23515625 0.3109375 0.00859375 0.00859375
1 0.30078125 0.36796875 0.00625 0.0140625
1 0.34375 0.37421875 0.00625 0.0140625
1 0.5875 0.52265625 0.00625 0.0140625
0 0.2703125 0.33203125 0.04765625 0.071875
1 0.23515625 0.34453125 0.009375 0.00859375
2 0.2171875 0.359375 0.009375 0.009375
2 0.2171875 0.33515625 0.009375 0.009375
2 0.21796875 0.321875 0.009375 0.009375
2 0.21796875 0.309375 0.009375 0.009375
2 0.2171875 0.34765625 0.009375 0.009375
2 0.253125 0.403125 0.009375 0.00859375
2 0.3078125 0.35 0.009375 0.00859375
2 0.390625 0.30546875 0.009375 0.00859375
2 0.390625 0.32109375 0.009375 0.00859375
2 0.20390625 0.3953125 0.00625 0.015625
1 0.35625 0.37109375 0.01171875 0.025
1 0.3171875 0.3734375 0.01171875 0.025
1 0.40234375 0.37890625 0.021875 0.040625
1 0.42265625 0.39765625 0.01484375 0.0125
1 0.42265625 0.36171875 0.01484375 0.0125
1 0.42265625 0.38046875 0.01484375 0.0125
2 0.08828125 0.43984375 0.00703125 0.01484375
2 0.08828125 0.415625 0.00703125 0.01484375
1 0.5734375 0.39921875 0.0140625 0.0125
1 0.5734375 0.3625 0.0140625 0.0125
1 0.5734375 0.38125 0.0140625 0.0125
1 0.5953125 0.38125 0.0203125 0.040625
0 0.49765625 0.4875 0.13203125 0.2
2 0.2953125 0.490625 0.00625 0.015625
2 0.2953125 0.46875 0.00625 0.015625
2 0.27265625 0.490625 0.00625 0.015625
2 0.271875 0.46796875 0.00625 0.015625
1 0.60234375 0.5234375 0.0140625 0.01171875
1 0.60234375 0.48828125 0.0140625 0.01171875
1 0.60234375 0.4703125 0.0140625 0.01171875
1 0.60234375 0.45390625 0.0140625 0.01171875
1 0.60234375 0.50625 0.0140625 0.01171875
1 0.5765625 0.5 0.00625 0.0140625
1 0.5875 0.5 0.00625 0.0140625
1 0.5765625 0.4765625 0.00625 0.0140625
1 0.5875 0.4765625 0.00625 0.0140625
1 0.5765625 0.453125 0.00625 0.0140625
1 0.5875 0.453125 0.00625 0.0140625
1 0.40703125 0.5203125 0.00625 0.0140625
1 0.41875 0.521875 0.00625 0.0140625
1 0.40703125 0.4984375 0.00625 0.0140625
1 0.41875 0.49921875 0.00625 0.0140625
1 0.40703125 0.475 0.00625 0.0140625
1 0.41875 0.47578125 0.00625 0.0140625
1 0.40703125 0.45234375 0.00625 0.0140625
1 0.41875 0.453125 0.00625 0.0140625
1 0.3921875 0.521875 0.0140625 0.01171875
1 0.3921875 0.4875 0.0140625 0.01171875
1 0.3921875 0.46953125 0.0140625 0.01171875
1 0.3921875 0.453125 0.0140625 0.01171875
1 0.3921875 0.50390625 0.0140625 0.01171875
2 0.18125 0.6046875 0.00703125 0.015625
2 0.1625 0.6046875 0.00703125 0.015625
1 0.171875 0.6046875 0.00625 0.0140625
2 0.50703125 0.6078125 0.0109375 0.009375
2 0.41484375 0.546875 0.0109375 0.009375
2 0.41171875 0.56640625 0.0109375 0.009375
2 0.39296875 0.56875 0.0109375 0.009375
2 0.41171875 0.5796875 0.0109375 0.009375
2 0.4265625 0.56953125 0.00703125 0.015625
2 0.5296875 0.6078125 0.00390625 0.009375
2 0.47265625 0.609375 0.00390625 0.009375
2 0.48046875 0.609375 0.00390625 0.009375
2 0.49140625 0.609375 0.00390625 0.009375
2 0.5203125 0.6078125 0.00390625 0.009375
1 0.440625 0.62265625 0.009375 0.00859375
1 0.440625 0.5953125 0.009375 0.00859375
1 0.440625 0.60859375 0.009375 0.00859375
1 0.5546875 0.62265625 0.009375 0.00859375
1 0.5546875 0.59609375 0.009375 0.00859375
1 0.55390625 0.60859375 0.009375 0.00859375
1 0.50625 0.81171875 0.00859375 0.0078125
1 0.42109375 0.7109375 0.00859375 0.0078125
1 0.4875 0.81171875 0.00859375 0.0078125
1 0.5390625 0.7921875 0.00625 0.01484375
1 0.5484375 0.72109375 0.00625 0.01484375
1 0.5390625 0.67109375 0.00625 0.01484375
1 0.5390625 0.64765625 0.00625 0.01484375
1 0.5390625 0.71953125 0.00625 0.01484375
1 0.5390625 0.69609375 0.00625 0.01484375
1 0.5390625 0.76875 0.00625 0.01484375
1 0.5390625 0.74453125 0.00625 0.01484375
1 0.54765625 0.76875 0.00625 0.01484375
1 0.42109375 0.72578125 0.01484375 0.0125
1 0.4546875 0.7921875 0.00625 0.01484375
1 0.4546875 0.67109375 0.00625 0.01484375
1 0.4546875 0.646875 0.00625 0.01484375
1 0.4546875 0.7203125 0.00625 0.01484375
1 0.4546875 0.69609375 0.00625 0.01484375
1 0.4546875 0.76796875 0.00625 0.01484375
1 0.4546875 0.74375 0.00625 0.01484375
1 0.44609375 0.7203125 0.00625 0.01484375
1 0.4453125 0.76796875 0.00625 0.01484375
0 0.496875 0.7203125 0.0625 0.1640625
2 0.71015625 0.575 0.00703125 0.015625
2 0.7859375 0.76015625 0.009375 0.00859375
2 0.7859375 0.7453125 0.009375 0.00859375
2 0.7859375 0.7328125 0.009375 0.00859375
2 0.7859375 0.71953125 0.009375 0.00859375
2 0.63359375 0.759375 0.009375 0.00859375
2 0.63359375 0.7453125 0.009375 0.00859375
2 0.63359375 0.73203125 0.009375 0.00859375
2 0.63359375 0.71953125 0.009375 0.00859375
