0.0 0.51171875 0.21015625 0.36796875 0.36328125
1.0 0.16406249999999994 0.76171875 0.09765625 0.05703125
1.0 0.34374999999999994 0.54375 0.05703125 0.096875
1.0 0.27890624999999997 0.2640625 0.05234375 0.096875
1.0 0.19765624999999995 0.11171875 0.05703125 0.0953125
1.0 0.27421874999999996 0.1078125 0.03984375 0.059375
1.0 0.5468749999999999 0.69140625 0.03671875 0.05546875
1.0 0.4578124999999999 0.50078125 0.03515625 0.05859375
2.0 0.16406249999999994 0.6359375 0.05546875 0.03828125
1.0 0.16484374999999993 0.56015625 0.05390625 0.03515625
1.0 0.16484374999999993 0.49765625 0.05078125 0.03828125
2.0 0.16484374999999996 0.43515625 0.0625 0.03828125
1.0 0.16640624999999995 0.37109375 0.05390625 0.03984375
1.0 0.16640624999999995 0.30078125 0.05390625 0.03125
1.0 0.16718749999999996 0.2375 0.05546875 0.03984375
2.0 0.15234374999999992 0.9453125 0.059375 0.03828125
2.0 0.15859374999999992 0.871875 0.06640625 0.04296875
2.0 0.3999999999999999 0.5171875 0.03515625 0.059375
2.0 0.4867187499999999 0.69296875 0.03515625 0.059375
2.0 0.4046874999999999 0.87109375 0.034375 0.0609375
2.0 0.83203125 0.88828125 0.05703125 0.04140625
2.0 0.67265625 0.88515625 0.0609375 0.03671875
2.0 0.7570312499999999 0.2890625000000001 0.03671875 0.0609375
2.0 0.753125 0.14609375 0.03671875 0.0625
