1.0 0.24609374999999994 0.29296875 0.01953125 0.04140625
1.0 0.054687499999999944 0.54296875 0.03515625 0.01875
1.0 0.590625 0.896875 0.03984375 0.0609375
1.0 0.04218749999999992 0.91953125 0.0640625 0.04140625
2.0 0.6906249999999999 0.92578125 0.01953125 0.03828125
2.0 0.6523437499999999 0.9265625 0.02421875 0.03828125
0.0 0.4515624999999999 0.6515625 0.21328125 0.25390625
0.0 0.6835937499999999 0.65078125 0.20859375 0.25
2.0 0.050781249999999965 0.07265625 0.04140625 0.02265625
2.0 0.05234374999999997 0.17265625 0.03671875 0.01875
2.0 0.11562499999999995 0.1734375 0.0328125 0.01953125
1.0 0.044531249999999946 0.440625 0.03515625 0.02265625
2.0 0.2023437499999999 0.921875 0.02109375 0.03671875
2.0 0.1632812499999999 0.92265625 0.01953125 0.03515625
2.0 0.4898437499999999 0.9234375 0.01953125 0.03125
2.0 0.4507812499999999 0.92421875 0.02109375 0.03515625
2.0 0.4140624999999999 0.925 0.02421875 0.034375
2.0 0.5289062499999999 0.92421875 0.01875 0.03515625
2.0 0.3749999999999999 0.92578125 0.01953125 0.03125
2.0 0.12265624999999991 0.9234375 0.02109375 0.034375
