1.0 0.83515625 0.82421875 0.3265625 0.33671875
1.0 0.4921875 0.81953125 0.31953125 0.31796875
1.0 0.15390625 0.81640625 0.30546875 0.32421875
1.0 0.15859375 0.153125 0.3078125 0.30625
1.0 0.15859375 0.4765625 0.30546875 0.3140625
1.0 0.02578125 0.61171875 0.0515625 0.0265625
1.0 0.021875 0.6609375 0.04140625 0.0296875
1.0 0.31171875 0.57734375 0.03828125 0.05
1.0 0.584375 0.51796875 0.08671875 0.046875
1.0 0.85 0.384375 0.0328125 0.05546875
1.0 0.7890625 0.39609375 0.02421875 0.0453125
1.0 0.46484375 0.41015625 0.03671875 0.05234375
1.0 0.34375 0.26171875 0.08515625 0.05
1.0 0.34453125 0.3296875 0.08984375 0.0484375
1.0 0.46484375 0.15546875 0.03828125 0.05859375
1.0 0.465625 0.0515625 0.034375 0.05859375
2.0 0.95 0.26328125 0.03671875 0.0609375
2.0 0.89296875 0.26171875 0.03828125 0.0640625
1.0 0.840625 0.2703125 0.02265625 0.046875
2.0 0.95390625 0.16875 0.03515625 0.05390625
2.0 0.890625 0.16796875 0.03984375 0.0640625
1.0 0.8390625 0.16015625 0.02421875 0.04375
1.0 0.7875 0.12421875 0.02421875 0.046875
0.0 0.63046875 0.275 0.253125 0.28828125
1.0 0.59921875 0.44921875 0.05390625 0.03671875
1.0 0.46015625 0.2265625 0.0453125 0.02734375
1.0 0.45859375 0.2828125 0.0484375 0.028125
1.0 0.45859375 0.33984375 0.0453125 0.02578125
2.0 0.84765625 0.4765625 0.03515625 0.05859375
2.0 0.84921875 0.60234375 0.04296875 0.05703125
2.0 0.79140625 0.475 0.03671875 0.05859375
2.0 0.72890625 0.478125 0.034375 0.05859375
2.0 0.7875 0.6015625 0.04375 0.0640625
2.0 0.725 0.59921875 0.04140625 0.065625
2.0 0.66796875 0.6015625 0.034375 0.05859375
2.0 0.85078125 0.04453125 0.034375 0.05546875
2.0 0.790625 0.0421875 0.03828125 0.05859375
2.0 0.72890625 0.04375 0.03671875 0.059375
2.0 0.665625 0.04453125 0.0296875 0.05234375
1.0 0.46015625 0.57265625 0.15625 0.065625
