1.0 0.3765624999999999 0.671875 0.10234375 0.17578125
1.0 0.07421874999999993 0.6703125 0.096875 0.1734375
1.0 0.31171874999999993 0.37109375 0.05546875 0.034375
1.0 0.31015624999999997 0.28515625 0.046875 0.034375
1.0 0.3109375 0.20390625 0.05703125 0.03828125
1.0 0.31015624999999997 0.11875 0.05546875 0.03515625
1.0 0.65703125 0.60546875 0.03515625 0.05234375
1.0 0.5937499999999999 0.60546875 0.03671875 0.05078125
1.0 0.80625 0.67265625 0.10078125 0.175
1.0 0.7203124999999999 0.59921875 0.028125 0.04296875
1.0 0.5039062499999999 0.66875 0.0921875 0.1734375
1.0 0.94296875 0.66796875 0.096875 0.171875
1.0 0.16562499999999994 0.6078125 0.03515625 0.05390625
1.0 0.22968749999999996 0.6078125 0.0328125 0.05078125
1.0 0.29374999999999996 0.60078125 0.02265625 0.04296875
2.0 0.22968749999999996 0.49609375 0.0328125 0.05546875
2.0 0.16796874999999994 0.49765625 0.028125 0.05
2.0 0.29453124999999997 0.50078125 0.03515625 0.05546875
