0 0.796875 0.7765625 0.221875 0.2515625
2 0.6703125 0.29375 0.034375 0.0625
2 0.73359375 0.29296875 0.03515625 0.0640625
2 0.79609375 0.2921875 0.03515625 0.0640625
2 0.86171875 0.2921875 0.03515625 0.0640625
2 0.3546875 0.44921875 0.04375 0.065625
2 0.35546875 0.54296875 0.04140625 0.0625
2 0.2484375 0.62734375 0.065625 0.03828125
2 0.08046875 0.7671875 0.04140625 0.059375
2 0.07421875 0.1671875 0.03515625 0.0609375
2 0.2265625 0.28828125 0.0328125 0.05703125
2 0.34296875 0.2 0.0296875 0.05078125
2 0.4015625 0.19921875 0.03828125 0.0625
2 0.478125 0.18359375 0.0640625 0.04140625
2 0.48203125 0.1234375 0.0609375 0.03984375
2 0.34375 0.10546875 0.034375 0.059375
2 0.40625 0.1078125 0.0453125 0.0625
1 0.075 0.5828125 0.03671875 0.05234375
1 0.25546875 0.36796875 0.0453125 0.02578125
1 0.07578125 0.28671875 0.03828125 0.0484375
1 0.3984375 0.26953125 0.04375 0.02109375
1 0.30859375 0.2984375 0.02421875 0.0453125
1 0.3984375 0.0375 0.04375 0.02109375
1 0.5015625 0.47578125 0.08515625 0.0453125
1 0.859375 0.61328125 0.059375 0.03984375
1 0.859375 0.54921875 0.05390625 0.0328125
1 0.5171875 0.609375 0.05390625 0.03671875
1 0.434375 0.41953125 0.04296875 0.02421875