0.0 0.19296875 0.434375 0.28984375 0.22421875
0.0 0.696875 0.88203125 0.234375 0.1875
0.0 0.6890625 0.45546875 0.25 0.29140625
0.0 0.7015625 0.21484375 0.22734375 0.14453125
1.0 0.44609375 0.6765625 0.10234375 0.08671875
1.0 0.546875 0.8984375 0.03671875 0.05546875
1.0 0.4828125 0.8984375 0.03984375 0.05546875
1.0 0.54609375 0.79921875 0.03828125 0.05546875
1.0 0.48359375 0.79921875 0.03515625 0.05546875
1.0 0.56484375 0.6984375 0.05234375 0.03828125
1.0 0.56328125 0.63203125 0.05234375 0.03671875
1.0 0.68515625 0.725 0.10625 0.08671875
1.0 0.77265625 0.63125 0.05703125 0.03515625
1.0 0.67578125 0.63203125 0.05546875 0.03984375
1.0 0.78828125 0.72421875 0.03984375 0.05703125
1.0 0.37578125 0.45390625 0.0296875 0.046875
1.0 0.1625 0.5671875 0.05 0.02734375
1.0 0.16484375 0.8015625 0.3125 0.30546875
1.0 0.02734375 0.94453125 0.046875 0.028125
1.0 0.51875 0.50390625 0.04296875 0.05703125
1.0 0.54765625 0.26171875 0.046875 0.0296875
2.0 0.89375 0.95546875 0.05390625 0.03828125
2.0 0.89453125 0.8609375 0.0625 0.04296875
2.0 0.89609375 0.76953125 0.0625 0.04140625
2.0 0.896875 0.67578125 0.0609375 0.04296875
2.0 0.89609375 0.58203125 0.065625 0.04296875
2.0 0.896875 0.4890625 0.0609375 0.04140625
2.0 0.89453125 0.39453125 0.059375 0.0484375
2.0 0.896875 0.30234375 0.0609375 0.04296875
2.0 0.9015625 0.09765625 0.04375 0.075
2.0 0.3671875 0.89453125 0.08671875 0.05546875
2.0 0.36796875 0.78671875 0.090625 0.05390625
1.0 0.9515625 0.10546875 0.028125 0.046875
