2 0.9783653846153846 0.2247596153846154 0.038461538461538464 0.04567307692307692
2 0.27524038461538464 0.4651442307692308 0.06490384615384616 0.026442307692307692
2 0.2668269230769231 0.49759615384615385 0.0625 0.02403846153846154
2 0.3112980769230769 0.14423076923076922 0.06009615384615385 0.04326923076923077
2 0.22596153846153846 0.4723557692307692 0.0673076923076923 0.026442307692307692
1 0.7632211538461539 0.6502403846153846 0.026442307692307692 0.036057692307692304
2 0.7475961538461539 0.1778846153846154 0.15865384615384615 0.10576923076923077
1 0.6694711538461539 0.23076923076923078 0.026442307692307692 0.038461538461538464
2 0.484375 0.7331730769230769 0.03125 0.038461538461538464
2 0.5180288461538461 0.18509615384615385 0.055288461538461536 0.04326923076923077
2 0.3473557692307692 0.6646634615384616 0.06490384615384616 0.026442307692307692
1 0.35216346153846156 0.6298076923076923 0.06490384615384616 0.019230769230769232
