2 0.8954326923076923 0.10096153846153846 0.055288461538461536 0.038461538461538464
2 0.27403846153846156 0.5264423076923077 0.0625 0.019230769230769232
2 0.2764423076923077 0.5637019230769231 0.0625 0.016826923076923076
2 0.22115384615384615 0.2091346153846154 0.057692307692307696 0.038461538461538464
2 0.22956730769230768 0.5504807692307693 0.06490384615384616 0.019230769230769232
1 0.7944711538461539 0.5709134615384616 0.021634615384615384 0.036057692307692304
2 0.6490384615384616 0.12259615384615384 0.15384615384615385 0.09134615384615384
1 0.5901442307692307 0.19471153846153846 0.021634615384615384 0.038461538461538464
2 0.5504807692307693 0.7271634615384616 0.028846153846153848 0.036057692307692304
2 0.43028846153846156 0.19230769230769232 0.052884615384615384 0.038461538461538464
2 0.39903846153846156 0.7019230769230769 0.0625 0.019230769230769232
1 0.39302884615384615 0.6646634615384616 0.06490384615384616 0.01201923076923077
