2 0.08774038461538461 0.1201923076923077 0.040865384615384616 0.057692307692307696
2 0.5348557692307693 0.7247596153846154 0.021634615384615384 0.06490384615384616
2 0.5697115384615384 0.7235576923076923 0.019230769230769232 0.0625
2 0.21995192307692307 0.7896634615384616 0.040865384615384616 0.06009615384615385
2 0.5588942307692307 0.7716346153846154 0.021634615384615384 0.0673076923076923
1 0.5612980769230769 0.20432692307692307 0.036057692307692304 0.02403846153846154
2 0.11778846153846154 0.3641826923076923 0.09615384615384616 0.15625
1 0.19230769230769232 0.4230769230769231 0.038461538461538464 0.02403846153846154
2 0.7271634615384616 0.44350961538461536 0.036057692307692304 0.03125
2 0.19471153846153846 0.5829326923076923 0.038461538461538464 0.055288461538461536
2 0.7055288461538461 0.5949519230769231 0.021634615384615384 0.06490384615384616
1 0.6682692307692307 0.6021634615384616 0.014423076923076924 0.06490384615384616
