2 0.13701923076923078 0.07211538461538461 0.03365384615384615 0.052884615384615384
2 0.5072115384615384 0.7283653846153846 0.014423076923076924 0.0625
2 0.5420673076923077 0.7307692307692307 0.01201923076923077 0.0625
2 0.18509615384615385 0.7536057692307693 0.03365384615384615 0.055288461538461536
2 0.5264423076923077 0.7752403846153846 0.014423076923076924 0.06490384615384616
1 0.6538461538461539 0.7824519230769231 0.038461538461538464 0.05048076923076923
2 0.13822115384615385 0.31850961538461536 0.07932692307692307 0.1466346153846154
2 0.7307692307692307 0.4723557692307692 0.03365384615384615 0.026442307692307692
2 0.1875 0.5444711538461539 0.03365384615384615 0.05048076923076923
2 0.6923076923076923 0.6201923076923077 0.014423076923076924 0.0625
