2 0.5757211538461539 0.5216346153846154 0.03125 0.02403846153846154
2 0.578125 0.5793269230769231 0.055288461538461536 0.09615384615384616
2 0.5192307692307693 0.36899038461538464 0.0673076923076923 0.06971153846153846
2 0.5192307692307693 0.5120192307692307 0.028846153846153848 0.02403846153846154
2 0.5288461538461539 0.6983173076923077 0.019230769230769232 0.03125
2 0.46274038461538464 0.3798076923076923 0.06971153846153846 0.07211538461538461
2 0.5120192307692307 0.7415865384615384 0.09134615384615384 0.06009615384615385
2 0.4495192307692308 0.4699519230769231 0.019230769230769232 0.03125
2 0.3894230769230769 0.47836538461538464 0.11057692307692307 0.07211538461538461
2 0.41225961538461536 0.7055288461538461 0.021634615384615384 0.016826923076923076
2 0.40024038461538464 0.6887019230769231 0.026442307692307692 0.021634615384615384
2 0.40024038461538464 0.7752403846153846 0.026442307692307692 0.021634615384615384
2 0.390625 0.71875 0.026442307692307692 0.019230769230769232
2 0.3954326923076923 0.7584134615384616 0.026442307692307692 0.021634615384615384
