2 0.6538461538461539 0.6490384615384616 0.02403846153846154 0.014423076923076924
2 0.6165865384615384 0.5048076923076923 0.021634615384615384 0.014423076923076924
2 0.640625 0.6009615384615384 0.021634615384615384 0.014423076923076924
2 0.5913461538461539 0.40865384615384615 0.019230769230769232 0.014423076923076924
2 0.6021634615384616 0.4567307692307692 0.021634615384615384 0.014423076923076924
2 0.5661057692307693 0.31009615384615385 0.021634615384615384 0.014423076923076924
2 0.578125 0.3605769230769231 0.021634615384615384 0.014423076923076924
2 0.6274038461538461 0.5528846153846154 0.02403846153846154 0.014423076923076924
2 0.5420673076923077 0.7235576923076923 0.026442307692307692 0.014423076923076924
2 0.46634615384615385 0.7524038461538461 0.014423076923076924 0.019230769230769232
2 0.4170673076923077 0.7115384615384616 0.021634615384615384 0.014423076923076924
2 0.390625 0.6129807692307693 0.021634615384615384 0.014423076923076924
2 0.3786057692307692 0.5649038461538461 0.021634615384615384 0.014423076923076924
2 0.36538461538461536 0.5180288461538461 0.019230769230769232 0.01201923076923077
2 0.3545673076923077 0.46875 0.026442307692307692 0.014423076923076924
2 0.3401442307692308 0.4182692307692308 0.021634615384615384 0.014423076923076924
2 0.40024038461538464 0.6610576923076923 0.021634615384615384 0.014423076923076924
2 0.3269230769230769 0.37259615384615385 0.02403846153846154 0.014423076923076924
2 0.4050480769230769 0.765625 0.021634615384615384 0.021634615384615384
2 0.8161057692307693 0.6490384615384616 0.021634615384615384 0.014423076923076924
