1 0.34975961538461536 0.8317307692307693 0.007211538461538462 0.004807692307692308
1 0.3557692307692308 0.8461538461538461 0.009615384615384616 0.004807692307692308
1 0.3629807692307692 0.8341346153846154 0.009615384615384616 0.004807692307692308
1 0.36778846153846156 0.8461538461538461 0.009615384615384616 0.004807692307692308
1 0.375 0.8341346153846154 0.009615384615384616 0.004807692307692308
1 0.38221153846153844 0.8461538461538461 0.009615384615384616 0.004807692307692308
1 0.38822115384615385 0.8365384615384616 0.007211538461538462 0.004807692307692308
1 0.3942307692307692 0.8485576923076923 0.009615384615384616 0.004807692307692308
1 0.4014423076923077 0.8365384615384616 0.009615384615384616 0.004807692307692308
1 0.40625 0.8485576923076923 0.009615384615384616 0.004807692307692308
1 0.41346153846153844 0.8365384615384616 0.009615384615384616 0.004807692307692308
1 0.4206730769230769 0.8485576923076923 0.009615384615384616 0.004807692307692308
1 0.4254807692307692 0.8365384615384616 0.009615384615384616 0.004807692307692308
1 0.4326923076923077 0.8485576923076923 0.009615384615384616 0.004807692307692308
1 0.4375 0.8389423076923077 0.009615384615384616 0.004807692307692308
1 0.5120192307692307 0.8305288461538461 0.009615384615384616 0.007211538461538462
1 0.5108173076923077 0.8401442307692307 0.007211538461538462 0.007211538461538462
1 0.5216346153846154 0.7824519230769231 0.009615384615384616 0.007211538461538462
1 0.5204326923076923 0.7920673076923077 0.007211538461538462 0.007211538461538462
1 0.5252403846153846 0.7271634615384616 0.007211538461538462 0.007211538461538462
1 0.5288461538461539 0.7175480769230769 0.009615384615384616 0.007211538461538462
1 0.5288461538461539 0.6887019230769231 0.009615384615384616 0.007211538461538462
1 0.5288461538461539 0.6983173076923077 0.009615384615384616 0.007211538461538462
1 0.5288461538461539 0.7079326923076923 0.009615384615384616 0.007211538461538462
1 0.5252403846153846 0.8064903846153846 0.007211538461538462 0.007211538461538462
1 0.5252403846153846 0.8233173076923077 0.007211538461538462 0.007211538461538462
1 0.5252403846153846 0.8149038461538461 0.007211538461538462 0.004807692307692308
1 0.5252403846153846 0.8305288461538461 0.007211538461538462 0.007211538461538462
1 0.5300480769230769 0.7764423076923077 0.007211538461538462 0.004807692307692308
1 0.5300480769230769 0.7680288461538461 0.007211538461538462 0.007211538461538462
1 0.5516826923076923 0.7127403846153846 0.007211538461538462 0.007211538461538462
1 0.5528846153846154 0.7235576923076923 0.004807692307692308 0.004807692307692308
1 0.5540865384615384 0.6959134615384616 0.007211538461538462 0.007211538461538462
1 0.5540865384615384 0.7055288461538461 0.007211538461538462 0.007211538461538462
1 0.5540865384615384 0.6887019230769231 0.007211538461538462 0.007211538461538462
1 0.5528846153846154 0.7764423076923077 0.009615384615384616 0.004807692307692308
1 0.5625 0.7475961538461539 0.009615384615384616 0.004807692307692308
1 0.5649038461538461 0.7764423076923077 0.009615384615384616 0.004807692307692308
1 0.5673076923076923 0.7644230769230769 0.009615384615384616 0.004807692307692308
1 0.5673076923076923 0.7548076923076923 0.009615384615384616 0.004807692307692308
1 0.5817307692307693 0.7524038461538461 0.009615384615384616 0.004807692307692308
1 0.5949519230769231 0.5661057692307693 0.007211538461538462 0.007211538461538462
1 0.5961538461538461 0.7548076923076923 0.009615384615384616 0.004807692307692308
1 0.6081730769230769 0.7548076923076923 0.009615384615384616 0.004807692307692308
1 0.6201923076923077 0.7451923076923077 0.009615384615384616 0.004807692307692308
1 0.6862980769230769 0.6658653846153846 0.01201923076923077 0.004807692307692308
1 0.6875 0.65625 0.009615384615384616 0.004807692307692308
2 0.6887019230769231 0.8076923076923077 0.01201923076923077 0.019230769230769232
1 0.7103365384615384 0.6658653846153846 0.01201923076923077 0.004807692307692308
1 0.7115384615384616 0.65625 0.009615384615384616 0.004807692307692308
2 0.7079326923076923 0.7896634615384616 0.04567307692307692 0.01201923076923077
1 0.7259615384615384 0.6682692307692307 0.009615384615384616 0.004807692307692308
1 0.7259615384615384 0.6586538461538461 0.009615384615384616 0.004807692307692308
0 0.7403846153846154 0.5949519230769231 0.02403846153846154 0.01201923076923077
1 0.7403846153846154 0.6682692307692307 0.009615384615384616 0.004807692307692308
1 0.7403846153846154 0.6586538461538461 0.009615384615384616 0.004807692307692308
2 0.7512019230769231 0.8016826923076923 0.036057692307692304 0.026442307692307692
1 0.7992788461538461 0.7932692307692307 0.002403846153846154 0.009615384615384616
2 0.28725961538461536 0.6682692307692307 0.05048076923076923 0.03365384615384615
