0 0.4393262987012987 0.3067073170731707 0.008116883116883116 0.004878048780487805
0 0.47696834415584416 0.3070121951219512 0.008319805194805194 0.00548780487804878
0 0.6600040584415584 0.3070121951219512 0.009131493506493506 0.007926829268292683
0 0.8523741883116883 0.307469512195122 0.009537337662337662 0.0064024390243902435
1 0.520900974025974 0.30853658536585366 0.0036525974025974025 0.012804878048780487
1 0.5072037337662337 0.3086890243902439 0.0034496753246753245 0.013109756097560975
1 0.5300324675324676 0.30884146341463414 0.0036525974025974025 0.01402439024390244
1 0.5340909090909091 0.3092987804878049 0.003246753246753247 0.014329268292682927
1 0.5541801948051948 0.3097560975609756 0.0036525974025974025 0.013414634146341463
0 0.7661323051948052 0.3176829268292683 0.00872564935064935 0.007926829268292683
0 0.8244724025974026 0.31966463414634144 0.00487012987012987 0.0125
0 0.8520698051948052 0.3202743902439024 0.009334415584415584 0.007621951219512195
0 0.5191761363636364 0.3211890243902439 0.008319805194805194 0.00701219512195122
1 0.6961241883116883 0.3260670731707317 0.009131493506493506 0.00701219512195122
1 0.3371550324675325 0.3333841463414634 0.00872564935064935 0.007621951219512195
1 0.8511566558441559 0.3361280487804878 0.009131493506493506 0.008231707317073171
1 0.3366477272727273 0.3432926829268293 0.008928571428571428 0.007317073170731708
1 0.6942978896103896 0.34557926829268293 0.009131493506493506 0.007621951219512195
0 0.8524756493506493 0.3463414634146341 0.009334415584415584 0.006097560975609756
1 0.6167816558441559 0.3466463414634146 0.008319805194805194 0.004878048780487805
1 0.4303977272727273 0.3475609756097561 0.0036525974025974025 0.013414634146341463
1 0.42613636363636365 0.34771341463414634 0.003246753246753247 0.013719512195121951
1 0.4393262987012987 0.34771341463414634 0.003246753246753247 0.013109756097560975
1 0.4439935064935065 0.34771341463414634 0.0036525974025974025 0.0125
1 0.434862012987013 0.34801829268292683 0.003246753246753247 0.013719512195121951
0 0.3633319805194805 0.3489329268292683 0.004667207792207792 0.014329268292682927
1 0.4575892857142857 0.35091463414634144 0.008928571428571428 0.006097560975609756
1 0.6168831168831169 0.35472560975609757 0.008522727272727272 0.005182926829268293
1 0.4034090909090909 0.35503048780487806 0.0036525974025974025 0.01798780487804878
1 0.398538961038961 0.3551829268292683 0.003246753246753247 0.018292682926829267
1 0.39437905844155846 0.35533536585365855 0.0034496753246753245 0.018597560975609755
1 0.40767045454545453 0.35564024390243903 0.0036525974025974025 0.018597560975609755
1 0.41243912337662336 0.35564024390243903 0.003043831168831169 0.01798780487804878
1 0.41700487012987014 0.35564024390243903 0.003246753246753247 0.017378048780487806
1 0.4213676948051948 0.3559451219512195 0.003043831168831169 0.017378048780487806
1 0.6166801948051948 0.36509146341463417 0.008928571428571428 0.005182926829268293
1 0.6164772727272727 0.3725609756097561 0.008928571428571428 0.004878048780487805
0 0.7298092532467533 0.37362804878048783 0.00872564935064935 0.007621951219512195
1 0.6167816558441559 0.380030487804878 0.009131493506493506 0.005182926829268293
2 0.4260349025974026 0.38399390243902437 0.014813311688311688 0.007621951219512195
1 0.6931818181818182 0.38597560975609757 0.008928571428571428 0.007317073170731708
1 0.6163758116883117 0.38734756097560974 0.009131493506493506 0.005182926829268293
0 0.815137987012987 0.39176829268292684 0.008928571428571428 0.007317073170731708
1 0.4213676948051948 0.39451219512195124 0.0034496753246753245 0.013414634146341463
1 0.6163758116883117 0.3951219512195122 0.008319805194805194 0.00548780487804878
1 0.6160714285714286 0.4024390243902439 0.008116883116883116 0.006097560975609756
0 0.8114853896103896 0.4097560975609756 0.009334415584415584 0.007317073170731708
1 0.6164772727272727 0.4100609756097561 0.007711038961038961 0.004878048780487805
0 0.7596387987012987 0.411890243902439 0.00872564935064935 0.007926829268292683
0 0.815036525974026 0.43307926829268295 0.004667207792207792 0.013719512195121951
0 0.6545251623376623 0.4353658536585366 0.00872564935064935 0.007926829268292683
0 0.5348011363636364 0.4367378048780488 0.00872564935064935 0.005792682926829268
0 0.5020292207792207 0.436890243902439 0.008522727272727272 0.006097560975609756
0 0.6931818181818182 0.43887195121951217 0.00487012987012987 0.013109756097560975
0 0.7803368506493507 0.43902439024390244 0.005073051948051948 0.01402439024390244
1 0.5163352272727273 0.44923780487804876 0.009131493506493506 0.008231707317073171
0 0.33238636363636365 0.4740853658536585 0.009334415584415584 0.007926829268292683
0 0.3549107142857143 0.4745426829268293 0.008928571428571428 0.007621951219512195
0 0.37743506493506496 0.48125 0.008522727272727272 0.007621951219512195
0 0.39985795454545453 0.4815548780487805 0.009537337662337662 0.007621951219512195
0 0.421976461038961 0.4821646341463415 0.009537337662337662 0.007621951219512195
0 0.4446022727272727 0.4823170731707317 0.009334415584415584 0.007926829268292683
0 0.5106534090909091 0.4971036585365854 0.00872564935064935 0.008841463414634146
1 0.5063920454545454 0.5091463414634146 0.00872564935064935 0.006097560975609756
0 0.5552962662337663 0.5092987804878049 0.00872564935064935 0.007621951219512195
1 0.6932832792207793 0.5210365853658536 0.007508116883116883 0.00548780487804878
0 0.572849025974026 0.5277439024390244 0.008116883116883116 0.004878048780487805
1 0.6936891233766234 0.5292682926829269 0.008319805194805194 0.006097560975609756
0 0.5111607142857143 0.5330792682926829 0.009334415584415584 0.007621951219512195
0 0.3320819805194805 0.5429878048780488 0.009537337662337662 0.00853658536585366
0 0.35196834415584416 0.5435975609756097 0.009131493506493506 0.009146341463414634
0 0.3991477272727273 0.5463414634146342 0.009334415584415584 0.007317073170731708
0 0.37672483766233766 0.5464939024390244 0.009943181818181818 0.005792682926829268
0 0.421773538961039 0.5467987804878048 0.009537337662337662 0.0064024390243902435
0 0.44389204545454547 0.5469512195121952 0.009537337662337662 0.006707317073170732
0 0.6656858766233766 0.5474085365853658 0.0038555194805194805 0.013109756097560975
0 0.8189935064935064 0.5489329268292683 0.012175324675324676 0.014939024390243902
2 0.8428368506493507 0.552439024390244 0.033076298701298704 0.013414634146341463
0 0.48549107142857145 0.5532012195121951 0.004261363636363636 0.017378048780487806
0 0.830864448051948 0.5634146341463414 0.00872564935064935 0.007926829268292683
1 0.8145292207792207 0.5663109756097561 0.0036525974025974025 0.013109756097560975
0 0.8186891233766234 0.5670731707317073 0.003043831168831169 0.01402439024390244
0 0.7772930194805194 0.5701219512195121 0.005073051948051948 0.01524390243902439
0 0.5329748376623377 0.5707317073170731 0.00872564935064935 0.00548780487804878
0 0.6652800324675324 0.5774390243902439 0.0038555194805194805 0.012195121951219513
0 0.7017045454545454 0.5777439024390244 0.00487012987012987 0.01402439024390244
1 0.5098417207792207 0.5783536585365854 0.01075487012987013 0.00548780487804878
0 0.3508522727272727 0.5789634146341464 0.05844155844155844 0.03353658536585366
1 0.5270900974025974 0.5814024390243903 0.01075487012987013 0.006097560975609756
0 0.8312702922077922 0.5855182926829269 0.011972402597402598 0.02103658536585366
1 0.5264813311688312 0.5882621951219512 0.009537337662337662 0.005182926829268293
0 0.4968547077922078 0.5888719512195122 0.024553571428571428 0.008841463414634146
0 0.5689935064935064 0.5908536585365853 0.004464285714285714 0.01524390243902439
1 0.8214285714285714 0.5919207317073171 0.007711038961038961 0.005182926829268293
1 0.5267857142857143 0.5955792682926829 0.008928571428571428 0.005182926829268293
1 0.7049512987012987 0.5971036585365853 0.0036525974025974025 0.013719512195121951
1 0.7095170454545454 0.5971036585365853 0.0034496753246753245 0.0125
1 0.7141842532467533 0.5971036585365853 0.0034496753246753245 0.013109756097560975
1 0.7232142857142857 0.5971036585365853 0.0036525974025974025 0.013109756097560975
1 0.7322443181818182 0.5971036585365853 0.0034496753246753245 0.013109756097560975
1 0.7007913961038961 0.5972560975609756 0.003043831168831169 0.012804878048780487
1 0.7412743506493507 0.5972560975609756 0.003246753246753247 0.012195121951219513
1 0.71875 0.5974085365853659 0.0036525974025974025 0.013719512195121951
1 0.750202922077922 0.5975609756097561 0.0036525974025974025 0.013414634146341463
1 0.755073051948052 0.5975609756097561 0.003246753246753247 0.013414634146341463
1 0.7637987012987013 0.5975609756097561 0.0036525974025974025 0.01402439024390244
1 0.737012987012987 0.5977134146341463 0.003246753246753247 0.0125
1 0.7457386363636364 0.5977134146341463 0.0036525974025974025 0.014939024390243902
1 0.768364448051948 0.5977134146341463 0.0038555194805194805 0.013109756097560975
1 0.7728287337662337 0.5977134146341463 0.0034496753246753245 0.013109756097560975
1 0.7595373376623377 0.5978658536585366 0.003246753246753247 0.013414634146341463
1 0.7773944805194806 0.5978658536585366 0.002435064935064935 0.012804878048780487
0 0.6648741883116883 0.6083841463414634 0.0034496753246753245 0.0125
1 0.32913961038961037 0.613109756097561 0.008928571428571428 0.00548780487804878
0 0.484273538961039 0.6141768292682926 0.010349025974025974 0.016158536585365854
1 0.3287337662337662 0.6198170731707318 0.008522727272727272 0.004878048780487805
0 0.5688920454545454 0.6217987804878049 0.004667207792207792 0.014329268292682927
1 0.8233563311688312 0.6230182926829269 0.00872564935064935 0.005792682926829268
0 0.33867694805194803 0.6233231707317073 0.008928571428571428 0.005792682926829268
0 0.35115665584415584 0.6234756097560976 0.008319805194805194 0.006097560975609756
0 0.4824472402597403 0.625 0.007102272727272727 0.006097560975609756
0 0.3289366883116883 0.626219512195122 0.008522727272727272 0.006707317073170732
1 0.8225446428571429 0.630030487804878 0.008319805194805194 0.005792682926829268
1 0.841112012987013 0.6303353658536586 0.008116883116883116 0.005182926829268293
1 0.3289366883116883 0.6335365853658537 0.008928571428571428 0.004878048780487805
1 0.841314935064935 0.6370426829268293 0.008928571428571428 0.005182926829268293
0 0.6645698051948052 0.6381097560975609 0.0036525974025974025 0.012804878048780487
0 0.6645698051948052 0.6381097560975609 0.0036525974025974025 0.012804878048780487
0 0.48407061688311687 0.6397865853658536 0.011972402597402598 0.014939024390243902
1 0.32832792207792205 0.6400914634146342 0.007711038961038961 0.005792682926829268
1 0.8409090909090909 0.6435975609756097 0.008522727272727272 0.00548780487804878
1 0.32853084415584416 0.6471036585365854 0.008522727272727272 0.005182926829268293
0 0.4375 0.6483231707317073 0.00487012987012987 0.013109756097560975
1 0.841213474025974 0.650609756097561 0.009131493506493506 0.004878048780487805
1 0.32842938311688313 0.6535060975609757 0.008319805194805194 0.005182926829268293
0 0.6953125 0.655030487804878 0.008319805194805194 0.005182926829268293
0 0.5690949675324676 0.65625 0.009131493506493506 0.007621951219512195
0 0.841010551948052 0.656859756097561 0.00872564935064935 0.005182926829268293
0 0.32853084415584416 0.6603658536585366 0.007711038961038961 0.004878048780487805
0 0.3289366883116883 0.6603658536585366 0.009334415584415584 0.006097560975609756
1 0.6957183441558441 0.6615853658536586 0.00872564935064935 0.00548780487804878
1 0.6737012987012987 0.6667682926829268 0.00974025974025974 0.006097560975609756
1 0.695515422077922 0.6682926829268293 0.00872564935064935 0.00548780487804878
1 0.8418222402597403 0.6708841463414634 0.008319805194805194 0.005182926829268293
0 0.7805397727272727 0.6713414634146342 0.0038555194805194805 0.012195121951219513
1 0.6956168831168831 0.6748475609756097 0.008928571428571428 0.005792682926829268
1 0.8482142857142857 0.6789634146341463 0.008522727272727272 0.006097560975609756
0 0.6568587662337663 0.6791158536585366 0.008928571428571428 0.0064024390243902435
1 0.3734780844155844 0.6810975609756098 0.00872564935064935 0.006707317073170732
1 0.695515422077922 0.6823170731707318 0.008319805194805194 0.004878048780487805
0 0.6565543831168831 0.6853658536585366 0.007508116883116883 0.00548780487804878
0 0.6463068181818182 0.6856707317073171 0.008928571428571428 0.006707317073170732
1 0.8483157467532467 0.6864329268292683 0.007102272727272727 0.0064024390243902435
0 0.48478084415584416 0.6890243902439024 0.01176948051948052 0.016463414634146342
1 0.8203125 0.6902439024390243 0.007913961038961038 0.00548780487804878
0 0.4336444805194805 0.6948170731707317 0.005275974025974026 0.013414634146341463
1 0.8519683441558441 0.6969512195121951 0.0034496753246753245 0.012195121951219513
1 0.820515422077922 0.6974085365853658 0.007913961038961038 0.005792682926829268
1 0.3706371753246753 0.7039634146341464 0.0038555194805194805 0.013414634146341463
1 0.38179788961038963 0.7041158536585366 0.004667207792207792 0.0125
1 0.5722402597402597 0.7042682926829268 0.010551948051948052 0.006097560975609756
0 0.3758116883116883 0.7044207317073171 0.00487012987012987 0.013109756097560975
1 0.820109577922078 0.7044207317073171 0.007508116883116883 0.005182926829268293
1 0.8200081168831169 0.7106707317073171 0.008928571428571428 0.004878048780487805
1 0.5726461038961039 0.7111280487804879 0.01176948051948052 0.005792682926829268
0 0.8519683441558441 0.7114329268292683 0.0038555194805194805 0.013719512195121951
1 0.5619926948051948 0.7178353658536586 0.007913961038961038 0.004573170731707317
0 0.820211038961039 0.7179878048780488 0.008116883116883116 0.006707317073170732
0 0.3507508116883117 0.7214939024390243 0.009131493506493506 0.007621951219512195
1 0.8507508116883117 0.7214939024390243 0.005478896103896104 0.005792682926829268
0 0.8005275974025974 0.7272865853658537 0.008522727272727272 0.0064024390243902435
0 0.7372159090909091 0.7274390243902439 0.008928571428571428 0.007926829268292683
0 0.8257913961038961 0.7277439024390244 0.008319805194805194 0.00853658536585366
1 0.8477069805194806 0.7283536585365854 0.007102272727272727 0.00548780487804878
0 0.6003449675324676 0.1263719512195122 0.009131493506493506 0.007621951219512195
0 0.3687094155844156 0.12865853658536586 0.0036525974025974025 0.012804878048780487
0 0.3927556818181818 0.1301829268292683 0.00872564935064935 0.007317073170731708
0 0.6002435064935064 0.1329268292682927 0.008522727272727272 0.006097560975609756
0 0.3730722402597403 0.1364329268292683 0.0034496753246753245 0.013109756097560975
0 0.8447646103896104 0.1364329268292683 0.008522727272727272 0.005182926829268293
2 0.5106534090909091 0.1378048780487805 0.03551136363636364 0.012195121951219513
0 0.3901176948051948 0.1388719512195122 0.014001623376623376 0.01920731707317073
0 0.3320819805194805 0.1434451219512195 0.008319805194805194 0.005182926829268293
0 0.8447646103896104 0.1434451219512195 0.008522727272727272 0.004573170731707317
0 0.44287743506493504 0.14375 0.009131493506493506 0.00701219512195122
0 0.35379464285714285 0.14512195121951219 0.010349025974025974 0.015853658536585366
0 0.3393871753246753 0.14573170731707316 0.0034496753246753245 0.012195121951219513
0 0.3392857142857143 0.1458841463414634 0.0036525974025974025 0.0125
0 0.34395292207792205 0.14634146341463414 0.003246753246753247 0.01402439024390244
0 0.34405438311688313 0.14634146341463414 0.003043831168831169 0.012804878048780487
0 0.5997362012987013 0.14664634146341463 0.00872564935064935 0.006707317073170732
0 0.5191761363636364 0.14847560975609755 0.008319805194805194 0.007926829268292683
0 0.36444805194805197 0.1486280487804878 0.010146103896103896 0.01676829268292683
0 0.3324878246753247 0.15030487804878048 0.007508116883116883 0.00548780487804878
0 0.8447646103896104 0.15030487804878048 0.008116883116883116 0.00548780487804878
1 0.460836038961039 0.15076219512195121 0.008928571428571428 0.008231707317073171
1 0.4424715909090909 0.1510670731707317 0.009537337662337662 0.00701219512195122
0 0.499898538961039 0.15411585365853658 0.009131493506493506 0.007621951219512195
0 0.3324878246753247 0.15685975609756098 0.00872564935064935 0.005792682926829268
0 0.8447646103896104 0.15701219512195122 0.008116883116883116 0.00548780487804878
0 0.5195819805194806 0.1589939024390244 0.009537337662337662 0.007621951219512195
0 0.3911323051948052 0.15960365853658537 0.011160714285714286 0.02774390243902439
0 0.3432426948051948 0.16051829268292683 0.0034496753246753245 0.011280487804878048
0 0.3432426948051948 0.16082317073170732 0.0034496753246753245 0.013719512195121951
0 0.8445616883116883 0.1635670731707317 0.007711038961038961 0.005182926829268293
0 0.3326907467532468 0.16402439024390245 0.007913961038961038 0.00548780487804878
0 0.35328733766233766 0.1652439024390244 0.00974025974025974 0.016463414634146342
0 0.8186891233766234 0.16753048780487806 0.004261363636363636 0.013109756097560975
1 0.5407873376623377 0.16829268292682928 0.002435064935064935 0.010365853658536586
0 0.37357954545454547 0.16859756097560977 0.018668831168831168 0.01402439024390244
0 0.5186688311688312 0.16875 0.008928571428571428 0.007621951219512195
1 0.8344155844155844 0.1704268292682927 0.008522727272727272 0.00426829268292683
0 0.3324878246753247 0.17073170731707318 0.007508116883116883 0.006097560975609756
0 0.6967329545454546 0.17088414634146343 0.0038555194805194805 0.014329268292682927
1 0.34131493506493504 0.17484756097560974 0.008116883116883116 0.005792682926829268
1 0.8341112012987013 0.17682926829268292 0.008319805194805194 0.004878048780487805
1 0.7139813311688312 0.18414634146341463 0.00872564935064935 0.00548780487804878
0 0.8651582792207793 0.18429878048780488 0.009537337662337662 0.0064024390243902435
0 0.5672686688311688 0.18521341463414634 0.009131493506493506 0.00701219512195122
1 0.536323051948052 0.1899390243902439 0.0036525974025974025 0.012804878048780487
1 0.5199878246753247 0.19009146341463415 0.003043831168831169 0.013109756097560975
0 0.5294237012987013 0.19054878048780488 0.004058441558441558 0.012195121951219513
1 0.5246550324675324 0.19070121951219512 0.0034496753246753245 0.013109756097560975
0 0.7140827922077922 0.19176829268292683 0.007305194805194805 0.004878048780487805
1 0.6428571428571429 0.19314024390243903 0.008522727272727272 0.008231707317073171
1 0.6629464285714286 0.19314024390243903 0.008928571428571428 0.00701219512195122
0 0.6312905844155844 0.19435975609756098 0.008522727272727272 0.008231707317073171
0 0.7139813311688312 0.1978658536585366 0.008319805194805194 0.004878048780487805
1 0.3339082792207792 0.2035060975609756 0.0034496753246753245 0.0125
1 0.32954545454545453 0.20365853658536584 0.003246753246753247 0.012804878048780487
1 0.338575487012987 0.20411585365853657 0.0034496753246753245 0.011890243902439025
1 0.3209212662337662 0.2048780487804878 0.007102272727272727 0.00548780487804878
1 0.6634537337662337 0.20685975609756097 0.008319805194805194 0.007621951219512195
1 0.6310876623376623 0.20746951219512194 0.008116883116883116 0.007621951219512195
0 0.6721793831168831 0.20762195121951219 0.004667207792207792 0.01402439024390244
1 0.6812094155844156 0.20762195121951219 0.00487012987012987 0.013414634146341463
1 0.7167207792207793 0.2086890243902439 0.0036525974025974025 0.013109756097560975
1 0.7121550324675324 0.20899390243902438 0.0034496753246753245 0.013109756097560975
1 0.6423498376623377 0.2111280487804878 0.00872564935064935 0.00701219512195122
1 0.3189935064935065 0.21310975609756097 0.008116883116883116 0.00426829268292683
0 0.6027800324675324 0.21432926829268292 0.00872564935064935 0.006097560975609756
1 0.6502637987012987 0.21554878048780488 0.004667207792207792 0.012195121951219513
1 0.596185064935065 0.21814024390243902 0.004058441558441558 0.011890243902439025
1 0.31889204545454547 0.2198170731707317 0.008319805194805194 0.00426829268292683
0 0.6028814935064936 0.2211890243902439 0.008522727272727272 0.005792682926829268
1 0.31929788961038963 0.2266768292682927 0.00872564935064935 0.005792682926829268
0 0.37987012987012986 0.23109756097560977 0.008522727272727272 0.007317073170731708
1 0.31939935064935066 0.23353658536585367 0.009334415584415584 0.004878048780487805
0 0.4965503246753247 0.24435975609756097 0.0036525974025974025 0.014939024390243902
0 0.5734577922077922 0.25137195121951217 0.004464285714285714 0.0125
1 0.32061688311688313 0.25198170731707314 0.008522727272727272 0.0039634146341463415
0 0.8460836038961039 0.2553353658536585 0.007102272727272727 0.004573170731707317
0 0.8209212662337663 0.2559451219512195 0.009537337662337662 0.007621951219512195
1 0.320413961038961 0.25853658536585367 0.008116883116883116 0.006097560975609756
0 0.8264001623376623 0.2666158536585366 0.004667207792207792 0.014329268292682927
0 0.6582792207792207 0.26966463414634145 0.00487012987012987 0.014329268292682927
0 0.7242288961038961 0.2710365853658537 0.0036525974025974025 0.012804878048780487
0 0.8207183441558441 0.27698170731707317 0.009131493506493506 0.00701219512195122
0 0.7661323051948052 0.2839939024390244 0.009537337662337662 0.007621951219512195
0 0.8512581168831169 0.28567073170731705 0.008522727272727272 0.006707317073170732
0 0.4203530844155844 0.2875 0.004261363636363636 0.01402439024390244
0 0.3236607142857143 0.28780487804878047 0.00487012987012987 0.013414634146341463
0 0.8245738636363636 0.29573170731707316 0.004667207792207792 0.012195121951219513
0 0.8510551948051948 0.2964939024390244 0.00974025974025974 0.00701219512195122
