2 0.6418269230769231 0.3581730769230769 0.004807692307692308 0.004807692307692308
2 0.6346153846153846 0.3605769230769231 0.009615384615384616 0.009615384615384616
2 0.6274038461538461 0.3605769230769231 0.004807692307692308 0.004807692307692308
2 0.35096153846153844 0.484375 0.038461538461538464 0.03125
2 0.34375 0.4579326923076923 0.04326923076923077 0.03125
2 0.36658653846153844 0.6394230769230769 0.036057692307692304 0.028846153846153848
2 0.296875 0.3629807692307692 0.007211538461538462 0.009615384615384616
2 0.32211538461538464 0.5096153846153846 0.04326923076923077 0.03365384615384615
2 0.31490384615384615 0.47716346153846156 0.04326923076923077 0.036057692307692304
2 0.3473557692307692 0.6754807692307693 0.036057692307692304 0.028846153846153848
2 0.3161057692307692 0.5540865384615384 0.040865384615384616 0.036057692307692304
2 0.32211538461538464 0.6201923076923077 0.038461538461538464 0.028846153846153848
2 0.31490384615384615 0.7391826923076923 0.028846153846153848 0.021634615384615384
