1 0.3269230769230769 0.7331730769230769 0.009615384615384616 0.009615384615384616
1 0.36538461538461536 0.734375 0.009615384615384616 0.007211538461538462
1 0.4230769230769231 0.7439903846153846 0.009615384615384616 0.007211538461538462
1 0.44471153846153844 0.7103365384615384 0.009615384615384616 0.007211538461538462
2 0.5144230769230769 0.42908653846153844 0.009615384615384616 0.007211538461538462
2 0.5216346153846154 0.4338942307692308 0.004807692307692308 0.007211538461538462
1 0.5072115384615384 0.6105769230769231 0.009615384615384616 0.009615384615384616
1 0.5360576923076923 0.4567307692307692 0.009615384615384616 0.009615384615384616
2 0.5072115384615384 0.6322115384615384 0.009615384615384616 0.004807692307692308
1 0.49278846153846156 0.7560096153846154 0.009615384615384616 0.007211538461538462
1 0.53125 0.6334134615384616 0.009615384615384616 0.007211538461538462
1 0.5408653846153846 0.6358173076923077 0.009615384615384616 0.007211538461538462
1 0.5528846153846154 0.5973557692307693 0.009615384615384616 0.007211538461538462
1 0.53125 0.7632211538461539 0.009615384615384616 0.007211538461538462
2 0.5673076923076923 0.6057692307692307 0.004807692307692308 0.004807692307692308
2 0.6105769230769231 0.4206730769230769 0.038461538461538464 0.038461538461538464
2 0.5889423076923077 0.5444711538461539 0.038461538461538464 0.036057692307692304
2 0.5757211538461539 0.6826923076923077 0.007211538461538462 0.004807692307692308
1 0.5817307692307693 0.734375 0.009615384615384616 0.007211538461538462
1 0.59375 0.7295673076923077 0.009615384615384616 0.007211538461538462
1 0.6033653846153846 0.7319711538461539 0.009615384615384616 0.007211538461538462
2 0.6165865384615384 0.6995192307692307 0.007211538461538462 0.004807692307692308
2 0.6322115384615384 0.6201923076923077 0.004807692307692308 0.004807692307692308
2 0.6153846153846154 0.7211538461538461 0.004807692307692308 0.004807692307692308
2 0.6538461538461539 0.5288461538461539 0.004807692307692308 0.004807692307692308
2 0.65625 0.5240384615384616 0.004807692307692308 0.004807692307692308
2 0.6586538461538461 0.5168269230769231 0.004807692307692308 0.004807692307692308
2 0.625 0.7019230769230769 0.009615384615384616 0.004807692307692308
1 0.6634615384615384 0.4831730769230769 0.009615384615384616 0.009615384615384616
1 0.6610576923076923 0.5 0.009615384615384616 0.009615384615384616
1 0.6706730769230769 0.4519230769230769 0.009615384615384616 0.009615384615384616
1 0.6682692307692307 0.46875 0.009615384615384616 0.009615384615384616
2 0.6754807692307693 0.42427884615384615 0.009615384615384616 0.007211538461538462
2 0.6754807692307693 0.4266826923076923 0.009615384615384616 0.007211538461538462
1 0.6514423076923077 0.5769230769230769 0.009615384615384616 0.009615384615384616
2 0.6850961538461539 0.4326923076923077 0.009615384615384616 0.004807692307692308
2 0.6850961538461539 0.43509615384615385 0.009615384615384616 0.004807692307692308
1 0.6875 0.42788461538461536 0.009615384615384616 0.009615384615384616
2 0.6875 0.4206730769230769 0.009615384615384616 0.004807692307692308
2 0.6875 0.4230769230769231 0.009615384615384616 0.004807692307692308
2 0.6610576923076923 0.6947115384615384 0.004807692307692308 0.004807692307692308
2 0.6502403846153846 0.7620192307692307 0.007211538461538462 0.004807692307692308
1 0.24519230769230768 0.4567307692307692 0.02403846153846154 0.014423076923076924
1 0.24759615384615385 0.44471153846153844 0.02403846153846154 0.014423076923076924
1 0.2403846153846154 0.7151442307692307 0.009615384615384616 0.007211538461538462
