2 0.3016826923076923 0.4266826923076923 0.007211538461538462 0.01201923076923077
2 0.3076923076923077 0.42427884615384615 0.009615384615384616 0.01201923076923077
2 0.34615384615384615 0.46033653846153844 0.009615384615384616 0.002403846153846154
2 0.34375 0.4543269230769231 0.009615384615384616 0.004807692307692308
2 0.5276442307692307 0.6081730769230769 0.007211538461538462 0.009615384615384616
2 0.5360576923076923 0.6069711538461539 0.009615384615384616 0.01201923076923077
2 0.5324519230769231 0.5576923076923077 0.04567307692307692 0.028846153846153848
2 0.6418269230769231 0.5192307692307693 0.009615384615384616 0.009615384615384616
2 0.6550480769230769 0.3557692307692308 0.06009615384615385 0.04326923076923077
2 0.7043269230769231 0.5120192307692307 0.009615384615384616 0.009615384615384616
2 0.17067307692307693 0.5709134615384616 0.009615384615384616 0.002403846153846154
2 0.16947115384615385 0.5661057692307693 0.007211538461538462 0.002403846153846154
2 0.18509615384615385 0.6322115384615384 0.009615384615384616 0.004807692307692308
2 0.21634615384615385 0.6442307692307693 0.009615384615384616 0.004807692307692308
2 0.22115384615384615 0.5673076923076923 0.004807692307692308 0.004807692307692308
2 0.22355769230769232 0.5661057692307693 0.004807692307692308 0.007211538461538462
2 0.2403846153846154 0.5649038461538461 0.004807692307692308 0.004807692307692308
2 0.29447115384615385 0.4266826923076923 0.007211538461538462 0.01201923076923077
