2 0.6129807692307693 0.35096153846153844 0.004807692307692308 0.009615384615384616
2 0.36177884615384615 0.4014423076923077 0.002403846153846154 0.004807692307692308
2 0.7307692307692307 0.3713942307692308 0.004807692307692308 0.007211538461538462
2 0.36899038461538464 0.4230769230769231 0.002403846153846154 0.009615384615384616
2 0.35216346153846156 0.42908653846153844 0.026442307692307692 0.09375
2 0.3713942307692308 0.4326923076923077 0.002403846153846154 0.009615384615384616
2 0.5793269230769231 0.43509615384615385 0.004807692307692308 0.004807692307692308
2 0.5516826923076923 0.44471153846153844 0.002403846153846154 0.004807692307692308
2 0.5769230769230769 0.4543269230769231 0.004807692307692308 0.004807692307692308
2 0.37259615384615385 0.5144230769230769 0.004807692307692308 0.009615384615384616
2 0.3870192307692308 0.5348557692307693 0.004807692307692308 0.007211538461538462
2 0.3870192307692308 0.5408653846153846 0.004807692307692308 0.004807692307692308
2 0.6370192307692307 0.515625 0.004807692307692308 0.007211538461538462
2 0.6574519230769231 0.5144230769230769 0.002403846153846154 0.004807692307692308
2 0.8004807692307693 0.5024038461538461 0.004807692307692308 0.004807692307692308
2 0.37259615384615385 0.5480769230769231 0.004807692307692308 0.009615384615384616
2 0.3894230769230769 0.5480769230769231 0.004807692307692308 0.004807692307692308
2 0.3894230769230769 0.5552884615384616 0.004807692307692308 0.004807692307692308
2 0.7944711538461539 0.5408653846153846 0.01201923076923077 0.014423076923076924
2 0.4182692307692308 0.5841346153846154 0.004807692307692308 0.004807692307692308
2 0.7956730769230769 0.5625 0.004807692307692308 0.004807692307692308
2 0.5961538461538461 0.5961538461538461 0.004807692307692308 0.004807692307692308
2 0.5757211538461539 0.6081730769230769 0.002403846153846154 0.009615384615384616
2 0.8040865384615384 0.6442307692307693 0.002403846153846154 0.009615384615384616
2 0.7956730769230769 0.7115384615384616 0.004807692307692308 0.009615384615384616
2 0.47836538461538464 0.7668269230769231 0.004807692307692308 0.009615384615384616
2 0.44471153846153844 0.7716346153846154 0.004807692307692308 0.009615384615384616
2 0.35336538461538464 0.2668269230769231 0.004807692307692308 0.004807692307692308
2 0.35336538461538464 0.27403846153846156 0.004807692307692308 0.004807692307692308
2 0.359375 0.30288461538461536 0.002403846153846154 0.004807692307692308
