1 0.6754807692307693 0.8028846153846154 0.009615384615384616 0.009615384615384616
1 0.6538461538461539 0.7415865384615384 0.009615384615384616 0.007211538461538462
1 0.6346153846153846 0.7439903846153846 0.009615384615384616 0.007211538461538462
1 0.5769230769230769 0.7560096153846154 0.009615384615384616 0.007211538461538462
1 0.53125 0.6189903846153846 0.009615384615384616 0.007211538461538462
1 0.49038461538461536 0.3641826923076923 0.009615384615384616 0.007211538461538462
1 0.5288461538461539 0.65625 0.009615384615384616 0.009615384615384616
1 0.46634615384615385 0.41346153846153844 0.009615384615384616 0.009615384615384616
1 0.4567307692307692 0.41346153846153844 0.009615384615384616 0.009615384615384616
1 0.47115384615384615 0.734375 0.009615384615384616 0.007211538461538462
2 0.3329326923076923 0.3786057692307692 0.01201923076923077 0.007211538461538462
2 0.3317307692307692 0.38221153846153844 0.009615384615384616 0.004807692307692308
2 0.3317307692307692 0.3870192307692308 0.009615384615384616 0.004807692307692308
2 0.3245192307692308 0.39903846153846156 0.009615384615384616 0.004807692307692308
2 0.31850961538461536 0.41586538461538464 0.007211538461538462 0.009615384615384616
2 0.33774038461538464 0.5817307692307693 0.040865384615384616 0.028846153846153848
1 0.35336538461538464 0.703125 0.009615384615384616 0.007211538461538462
2 0.33413461538461536 0.6141826923076923 0.04807692307692308 0.036057692307692304
1 0.34375 0.703125 0.009615384615384616 0.007211538461538462
1 0.31971153846153844 0.6526442307692307 0.009615384615384616 0.007211538461538462
1 0.31009615384615385 0.5925480769230769 0.009615384615384616 0.007211538461538462
1 0.31009615384615385 0.5997596153846154 0.009615384615384616 0.007211538461538462
1 0.8004807692307693 0.6237980769230769 0.009615384615384616 0.007211538461538462
1 0.7956730769230769 0.6141826923076923 0.009615384615384616 0.007211538461538462
1 0.7668269230769231 0.4170673076923077 0.009615384615384616 0.007211538461538462
1 0.7692307692307693 0.43028846153846156 0.009615384615384616 0.009615384615384616
2 0.7716346153846154 0.4699519230769231 0.004807692307692308 0.007211538461538462
1 0.7884615384615384 0.5997596153846154 0.009615384615384616 0.007211538461538462
1 0.7524038461538461 0.41225961538461536 0.009615384615384616 0.007211538461538462
1 0.7692307692307693 0.609375 0.009615384615384616 0.007211538461538462
1 0.7403846153846154 0.421875 0.009615384615384616 0.007211538461538462
1 0.7644230769230769 0.5925480769230769 0.009615384615384616 0.007211538461538462
1 0.7451923076923077 0.4579326923076923 0.009615384615384616 0.007211538461538462
1 0.7788461538461539 0.7223557692307693 0.009615384615384616 0.007211538461538462
1 0.7596153846153846 0.6117788461538461 0.009615384615384616 0.007211538461538462
2 0.71875 0.3701923076923077 0.04326923076923077 0.03365384615384615
1 0.7620192307692307 0.7139423076923077 0.009615384615384616 0.009615384615384616
1 0.7524038461538461 0.7223557692307693 0.009615384615384616 0.007211538461538462
1 0.7091346153846154 0.42908653846153844 0.014423076923076924 0.01201923076923077
1 0.7115384615384616 0.44350961538461536 0.009615384615384616 0.007211538461538462
2 0.7067307692307693 0.421875 0.009615384615384616 0.007211538461538462
1 0.7115384615384616 0.4543269230769231 0.009615384615384616 0.004807692307692308
1 0.7115384615384616 0.4567307692307692 0.009615384615384616 0.004807692307692308
1 0.7091346153846154 0.4519230769230769 0.009615384615384616 0.004807692307692308
1 0.7091346153846154 0.4495192307692308 0.009615384615384616 0.004807692307692308
1 0.7019230769230769 0.43509615384615385 0.004807692307692308 0.004807692307692308
1 0.7043269230769231 0.44471153846153844 0.004807692307692308 0.004807692307692308
1 0.7475961538461539 0.7680288461538461 0.009615384615384616 0.007211538461538462
1 0.7019230769230769 0.4567307692307692 0.004807692307692308 0.004807692307692308
1 0.6995192307692307 0.44711538461538464 0.004807692307692308 0.004807692307692308
