0 0.38900162337662336 0.41753048780487806 0.006087662337662338 0.004573170731707317
1 0.38250811688311687 0.41783536585365855 0.006087662337662338 0.005182926829268293
0 0.2062702922077922 0.41814024390243903 0.0038555194805194805 0.009451219512195122
0 0.7975852272727273 0.4198170731707317 0.003043831168831169 0.009146341463414634
0 0.9562702922077922 0.4198170731707317 0.0038555194805194805 0.01097560975609756
0 0.8655641233766234 0.42042682926829267 0.0038555194805194805 0.011585365853658536
0 0.7098214285714286 0.4208841463414634 0.0036525974025974025 0.008841463414634146
0 0.6334212662337663 0.42103658536585364 0.0034496753246753245 0.00975609756097561
1 0.37023133116883117 0.4211890243902439 0.006290584415584416 0.0064024390243902435
1 0.20038555194805194 0.42134146341463413 0.006696428571428571 0.00548780487804878
0 0.5234375 0.4216463414634146 0.0038555194805194805 0.010365853658536586
0 0.35511363636363635 0.42317073170731706 0.006899350649350649 0.004878048780487805
0 0.9200487012987013 0.42317073170731706 0.0036525974025974025 0.009146341463414634
0 0.29646915584415584 0.42347560975609755 0.003246753246753247 0.00975609756097561
0 0.45921266233766234 0.42347560975609755 0.006493506493506494 0.00548780487804878
1 0.37855113636363635 0.42378048780487804 0.005478896103896104 0.004878048780487805
0 0.8204636769480519 0.4246905487804878 0.017144886363636362 0.020722560975609757
0 0.32202313311688313 0.42521951219512194 0.016205357142857143 0.019341463414634146
0 0.34486607142857145 0.4253048780487805 0.0034496753246753245 0.009146341463414634
0 0.6177140827922077 0.42547256097560976 0.01708400974025974 0.019847560975609753
1 0.348924512987013 0.42591463414634145 0.0034496753246753245 0.009146341463414634
0 0.27435064935064934 0.4268292682926829 0.003246753246753247 0.007926829268292683
0 0.8757102272727273 0.4268292682926829 0.0038555194805194805 0.009146341463414634
0 0.38392857142857145 0.4271341463414634 0.003246753246753247 0.00975609756097561
1 0.1966314935064935 0.4274390243902439 0.006087662337662338 0.004878048780487805
0 0.21875 0.42804878048780487 0.003246753246753247 0.00975609756097561
1 0.3685064935064935 0.4297256097560976 0.0036525974025974025 0.010060975609756098
1 0.2689732142857143 0.4298780487804878 0.00588474025974026 0.004878048780487805
0 0.372362012987013 0.4298780487804878 0.003246753246753247 0.009146341463414634
0 0.5777191558441559 0.43125 0.0036525974025974025 0.010060975609756098
1 0.9180194805194806 0.43140243902439024 0.006899350649350649 0.006707317073170732
0 0.19653003246753248 0.43353658536585366 0.007102272727272727 0.00426829268292683
1 0.838676948051948 0.4350609756097561 0.007305194805194805 0.006707317073170732
1 0.6825284090909091 0.43567073170731707 0.006290584415584416 0.00548780487804878
1 0.6044034090909091 0.43582317073170734 0.007102272727272727 0.0064024390243902435
1 0.4965503246753247 0.43597560975609756 0.006493506493506494 0.00548780487804878
1 0.7613636363636364 0.43597560975609756 0.006899350649350649 0.004878048780487805
1 0.4195413961038961 0.43628048780487805 0.006290584415584416 0.004878048780487805
1 0.32721185064935066 0.44115853658536586 0.006696428571428571 0.004878048780487805
0 0.8389813311688312 0.4413109756097561 0.006696428571428571 0.005182926829268293
0 0.6829342532467533 0.44176829268292683 0.005478896103896104 0.00426829268292683
0 0.7612621753246753 0.44176829268292683 0.006696428571428571 0.00548780487804878
0 0.6045048701298701 0.44192073170731705 0.005681818181818182 0.004573170731707317
0 0.41943993506493504 0.4420731707317073 0.005275974025974026 0.00548780487804878
0 0.4966517857142857 0.44222560975609754 0.00588474025974026 0.005792682926829268
0 0.33319805194805197 0.4423780487804878 0.003246753246753247 0.009146341463414634
0 0.9232954545454546 0.45167682926829267 0.006493506493506494 0.011280487804878048
0 0.39935064935064934 0.4583841463414634 0.006493506493506494 0.011890243902439025
1 0.575588474025974 0.4585365853658537 0.006290584415584416 0.020731707317073172
0 0.5943587662337663 0.4625 0.006087662337662338 0.012195121951219513
0 0.7592329545454546 0.46265243902439024 0.006696428571428571 0.013109756097560975
1 0.9186282467532467 0.47073170731707314 0.015422077922077922 0.011585365853658536
1 0.749797077922078 0.4713414634146341 0.007711038961038961 0.022560975609756097
1 0.2383319805194805 0.4742378048780488 0.007102272727272727 0.021646341463414633
1 0.39884334415584416 0.4745426829268293 0.006696428571428571 0.018597560975609755
0 0.252637987012987 0.47530487804878047 0.005681818181818182 0.014634146341463415
