1 0.5465706168831169 0.40152439024390246 0.002637987012987013 0.009146341463414634
1 0.5506290584415584 0.4016768292682927 0.003043831168831169 0.008841463414634146
1 0.5566152597402597 0.4016768292682927 0.002840909090909091 0.008841463414634146
1 0.5735592532467533 0.4016768292682927 0.002637987012987013 0.008841463414634146
1 0.559862012987013 0.40182926829268295 0.002840909090909091 0.009146341463414634
0 0.570413961038961 0.40182926829268295 0.002435064935064935 0.009146341463414634
0 0.5792410714285714 0.40198170731707317 0.007102272727272727 0.010060975609756098
0 0.5958806818181818 0.40198170731707317 0.002637987012987013 0.008841463414634146
1 0.606939935064935 0.40198170731707317 0.002840909090909091 0.008841463414634146
1 0.6100852272727273 0.40198170731707317 0.002637987012987013 0.008841463414634146
1 0.5927353896103896 0.40213414634146344 0.002840909090909091 0.009146341463414634
0 0.45271915584415584 0.41280487804878047 0.005275974025974026 0.018292682926829267
0 0.7143871753246753 0.4144817073170732 0.005073051948051948 0.017378048780487806
1 0.5566152597402597 0.41554878048780486 0.002840909090909091 0.009146341463414634
0 0.5703125 0.41554878048780486 0.002637987012987013 0.00853658536585366
1 0.559760551948052 0.41570121951219513 0.002637987012987013 0.008841463414634146
0 0.5958806818181818 0.41570121951219513 0.002637987012987013 0.008841463414634146
1 0.606838474025974 0.41570121951219513 0.002637987012987013 0.008841463414634146
1 0.5736607142857143 0.41585365853658535 0.002840909090909091 0.009146341463414634
1 0.5926339285714286 0.41585365853658535 0.002637987012987013 0.009146341463414634
1 0.6099837662337663 0.41585365853658535 0.002840909090909091 0.009146341463414634
0 0.6202313311688312 0.41585365853658535 0.0034496753246753245 0.00975609756097561
0 0.5437297077922078 0.42789634146341465 0.0034496753246753245 0.010060975609756098
1 0.5567167207792207 0.42835365853658536 0.003043831168831169 0.009146341463414634
1 0.5596590909090909 0.42835365853658536 0.002435064935064935 0.00853658536585366
0 0.5703125 0.42835365853658536 0.002637987012987013 0.00853658536585366
1 0.5735592532467533 0.42850609756097563 0.002637987012987013 0.008841463414634146
1 0.5926339285714286 0.42850609756097563 0.002637987012987013 0.008841463414634146
0 0.5957792207792207 0.42850609756097563 0.002435064935064935 0.008841463414634146
1 0.606737012987013 0.42865853658536585 0.002840909090909091 0.009146341463414634
1 0.6098823051948052 0.42865853658536585 0.002637987012987013 0.009146341463414634
1 0.5604707792207793 0.4426829268292683 0.002435064935064935 0.00853658536585366
0 0.5841112012987013 0.4426829268292683 0.002637987012987013 0.009146341463414634
0 0.591112012987013 0.4426829268292683 0.002840909090909091 0.00853658536585366
0 0.5716314935064936 0.4428353658536585 0.002435064935064935 0.008841463414634146
1 0.5797483766233766 0.4428353658536585 0.002840909090909091 0.009451219512195122
1 0.5747767857142857 0.4429878048780488 0.002637987012987013 0.009146341463414634
1 0.5879667207792207 0.4429878048780488 0.002637987012987013 0.009146341463414634
1 0.5944602272727273 0.4429878048780488 0.002637987012987013 0.00853658536585366
0 0.5981128246753247 0.4429878048780488 0.002637987012987013 0.009146341463414634
1 0.6018668831168831 0.443140243902439 0.002840909090909091 0.008841463414634146
1 0.6051136363636364 0.44359756097560976 0.002435064935064935 0.00853658536585366
0 0.5645292207792207 0.4579268292682927 0.002840909090909091 0.00975609756097561
0 0.5932426948051948 0.4579268292682927 0.002637987012987013 0.009146341463414634
1 0.5869521103896104 0.4582317073170732 0.002637987012987013 0.009146341463414634
0 0.5900974025974026 0.4583841463414634 0.002840909090909091 0.008841463414634146
0 0.4524147727272727 0.46219512195121953 0.005073051948051948 0.01951219512195122
0 0.7140827922077922 0.46402439024390246 0.00487012987012987 0.01707317073170732
1 0.5933441558441559 0.4717987804878049 0.002840909090909091 0.008841463414634146
0 0.5648336038961039 0.4719512195121951 0.003043831168831169 0.00853658536585366
0 0.5613839285714286 0.47210365853658537 0.002637987012987013 0.008231707317073171
0 0.5867491883116883 0.47210365853658537 0.002232142857142857 0.007621951219512195
1 0.5579342532467533 0.4722560975609756 0.002637987012987013 0.00853658536585366
1 0.5899959415584416 0.4722560975609756 0.002637987012987013 0.009146341463414634
0 0.6299715909090909 0.4745426829268293 0.004261363636363636 0.013109756097560975
0 0.6356534090909091 0.4746951219512195 0.004261363636363636 0.012804878048780487
0 0.6410308441558441 0.4746951219512195 0.004058441558441558 0.012804878048780487
0 0.5197849025974026 0.4865853658536585 0.0038555194805194805 0.013414634146341463
0 0.5248579545454546 0.4865853658536585 0.004261363636363636 0.012804878048780487
1 0.591314935064935 0.4867378048780488 0.002029220779220779 0.008841463414634146
0 0.5299310064935064 0.486890243902439 0.004261363636363636 0.013414634146341463
1 0.5617897727272727 0.486890243902439 0.002232142857142857 0.009146341463414634
0 0.5578327922077922 0.4871951219512195 0.0036525974025974025 0.010365853658536586
1 0.5680803571428571 0.4871951219512195 0.002637987012987013 0.00853658536585366
0 0.5747767857142857 0.4871951219512195 0.002637987012987013 0.00853658536585366
1 0.5846185064935064 0.4871951219512195 0.002435064935064935 0.00853658536585366
1 0.5878652597402597 0.4871951219512195 0.002435064935064935 0.00853658536585366
1 0.564935064935065 0.4873475609756098 0.002840909090909091 0.009451219512195122
0 0.5778206168831169 0.4873475609756098 0.002637987012987013 0.008231707317073171
0 0.6003449675324676 0.4873475609756098 0.0034496753246753245 0.010060975609756098
0 0.5713271103896104 0.4875 0.002637987012987013 0.009146341463414634
1 0.5812702922077922 0.48765243902439026 0.002637987012987013 0.009451219512195122
1 0.5712256493506493 0.49832317073170734 0.002840909090909091 0.009451219512195122
0 0.6000517451298701 0.5084131097560975 0.0324898538961039 0.027801829268292683
2 0.5762987012987013 0.5091463414634146 0.004058441558441558 0.01402439024390244
0 0.4525162337662338 0.5102134146341464 0.005275974025974026 0.017378048780487806
0 0.542591314935065 0.5104466463414634 0.029176136363636362 0.026990853658536585
0 0.7138798701298701 0.5132621951219513 0.004464285714285714 0.01798780487804878
