2 0.6754807692307693 0.40384615384615385 0.004807692307692308 0.004807692307692308
2 0.6694711538461539 0.4026442307692308 0.007211538461538462 0.007211538461538462
2 0.6610576923076923 0.4014423076923077 0.004807692307692308 0.004807692307692308
2 0.36177884615384615 0.44350961538461536 0.036057692307692304 0.026442307692307692
2 0.36177884615384615 0.4170673076923077 0.040865384615384616 0.026442307692307692
2 0.33413461538461536 0.5961538461538461 0.03365384615384615 0.02403846153846154
2 0.34375 0.3125 0.004807692307692308 0.009615384615384616
2 0.328125 0.45913461538461536 0.040865384615384616 0.028846153846153848
2 0.328125 0.4266826923076923 0.040865384615384616 0.03125
2 0.30528846153846156 0.6274038461538461 0.03365384615384615 0.02403846153846154
2 0.31009615384615385 0.5012019230769231 0.038461538461538464 0.03125
2 0.296875 0.5673076923076923 0.036057692307692304 0.02403846153846154
2 0.25600961538461536 0.6778846153846154 0.026442307692307692 0.019230769230769232
