2 0.43149038461538464 0.47115384615384615 0.007211538461538462 0.004807692307692308
2 0.27403846153846156 0.4987980769230769 0.028846153846153848 0.036057692307692304
2 0.22596153846153846 0.5096153846153846 0.019230769230769232 0.028846153846153848
2 0.1778846153846154 0.5396634615384616 0.028846153846153848 0.036057692307692304
2 0.1466346153846154 0.5420673076923077 0.028846153846153848 0.036057692307692304
2 0.4831730769230769 0.4951923076923077 0.004807692307692308 0.004807692307692308
2 0.5276442307692307 0.5288461538461539 0.007211538461538462 0.009615384615384616
2 0.15625 0.5997596153846154 0.009615384615384616 0.007211538461538462
2 0.5492788461538461 0.6057692307692307 0.026442307692307692 0.014423076923076924
2 0.5540865384615384 0.6153846153846154 0.026442307692307692 0.014423076923076924
2 0.5637019230769231 0.625 0.026442307692307692 0.014423076923076924
2 0.5144230769230769 0.65625 0.004807692307692308 0.004807692307692308
2 0.5168269230769231 0.6610576923076923 0.009615384615384616 0.009615384615384616
2 0.17548076923076922 0.7932692307692307 0.009615384615384616 0.009615384615384616
2 0.25961538461538464 0.7800480769230769 0.009615384615384616 0.007211538461538462
2 0.2620192307692308 0.7896634615384616 0.009615384615384616 0.007211538461538462
2 0.18028846153846154 0.8028846153846154 0.004807692307692308 0.004807692307692308
2 0.17067307692307693 0.8064903846153846 0.009615384615384616 0.007211538461538462
2 0.6862980769230769 0.7307692307692307 0.007211538461538462 0.009615384615384616
2 0.17067307692307693 0.8209134615384616 0.009615384615384616 0.007211538461538462
2 0.5168269230769231 0.7716346153846154 0.004807692307692308 0.009615384615384616
2 0.5192307692307693 0.7716346153846154 0.004807692307692308 0.009615384615384616
2 0.4110576923076923 0.7932692307692307 0.004807692307692308 0.009615384615384616
2 0.41466346153846156 0.7932692307692307 0.007211538461538462 0.009615384615384616
2 0.40625 0.7932692307692307 0.004807692307692308 0.009615384615384616
2 0.4206730769230769 0.7908653846153846 0.004807692307692308 0.009615384615384616
2 0.40384615384615385 0.7956730769230769 0.004807692307692308 0.009615384615384616
2 0.42427884615384615 0.7908653846153846 0.007211538461538462 0.009615384615384616
2 0.4182692307692308 0.7932692307692307 0.004807692307692308 0.009615384615384616
2 0.42908653846153844 0.7908653846153846 0.007211538461538462 0.009615384615384616
2 0.48677884615384615 0.7932692307692307 0.007211538461538462 0.009615384615384616
2 0.35216346153846156 0.8149038461538461 0.007211538461538462 0.009615384615384616
2 0.43990384615384615 0.8004807692307693 0.004807692307692308 0.004807692307692308
2 0.4891826923076923 0.8100961538461539 0.007211538461538462 0.009615384615384616
2 0.19230769230769232 0.8617788461538461 0.009615384615384616 0.007211538461538462
2 0.328125 0.8413461538461539 0.007211538461538462 0.009615384615384616
2 0.3245192307692308 0.8413461538461539 0.004807692307692308 0.009615384615384616
2 0.3137019230769231 0.84375 0.007211538461538462 0.009615384615384616
2 0.3329326923076923 0.8413461538461539 0.007211538461538462 0.009615384615384616
2 0.4326923076923077 0.8269230769230769 0.004807692307692308 0.004807692307692308
2 0.46875 0.8221153846153846 0.004807692307692308 0.004807692307692308
