2 0.32091346153846156 0.359375 0.036057692307692304 0.026442307692307692
2 0.3161057692307692 0.48197115384615385 0.021634615384615384 0.01201923076923077
2 0.6009615384615384 0.6514423076923077 0.014423076923076924 0.009615384615384616
2 0.6850961538461539 0.36778846153846156 0.009615384615384616 0.009615384615384616
2 0.6995192307692307 0.36658653846153844 0.014423076923076924 0.007211538461538462
2 0.7163461538461539 0.19230769230769232 0.004807692307692308 0.004807692307692308
2 0.7139423076923077 0.1971153846153846 0.004807692307692308 0.004807692307692308
2 0.2776442307692308 0.43509615384615385 0.021634615384615384 0.014423076923076924
2 0.28966346153846156 0.2980769230769231 0.016826923076923076 0.009615384615384616
2 0.28846153846153844 0.3245192307692308 0.014423076923076924 0.014423076923076924
2 0.2956730769230769 0.5 0.019230769230769232 0.014423076923076924
2 0.30408653846153844 0.41225961538461536 0.026442307692307692 0.021634615384615384
2 0.31009615384615385 0.3016826923076923 0.019230769230769232 0.01201923076923077
2 0.31009615384615385 0.3245192307692308 0.019230769230769232 0.014423076923076924
