0 0.588575487012987 0.5530487804878049 0.002232142857142857 0.006097560975609756
1 0.5940543831168831 0.5533536585365854 0.002232142857142857 0.006707317073170732
1 0.5965909090909091 0.5533536585365854 0.002029220779220779 0.004878048780487805
0 0.598823051948052 0.5535060975609756 0.0016233766233766235 0.0064024390243902435
0 0.4361810064935065 0.5560975609756098 0.0038555194805194805 0.00975609756097561
1 0.3754859983766234 0.5562865853658536 0.0025953733766233764 0.007695121951219512
0 0.43191964285714285 0.5564024390243902 0.0038555194805194805 0.00975609756097561
0 0.3713474025974026 0.5585365853658537 0.00487012987012987 0.01402439024390244
1 0.8160511363636364 0.5586890243902439 0.002232142857142857 0.005792682926829268
1 0.8195008116883117 0.5611280487804878 0.002232142857142857 0.005792682926829268
0 0.6885075081168831 0.5616128048780488 0.0028267045454545454 0.007981707317073171
1 0.8221387987012987 0.5620426829268292 0.002232142857142857 0.005792682926829268
1 0.743359375 0.5628399390243902 0.0017349837662337664 0.005557926829268292
1 0.6712591314935066 0.5662896341463415 0.0024208603896103895 0.006969512195121951
0 0.45243912337662334 0.5672789634146341 0.006339285714285714 0.012606707317073172
0 0.8113839285714286 0.5689024390243902 0.002232142857142857 0.006097560975609756
0 0.8267045454545454 0.5689024390243902 0.002029220779220779 0.006097560975609756
0 0.8206168831168831 0.569359756097561 0.002840909090909091 0.007621951219512195
0 0.817573051948052 0.5695121951219512 0.002435064935064935 0.007317073170731708
0 0.8238636363636364 0.5696646341463415 0.002840909090909091 0.007621951219512195
1 0.3663758116883117 0.5704268292682927 0.003043831168831169 0.007317073170731708
0 0.7849025974025974 0.5724085365853658 0.002840909090909091 0.008231707317073171
1 0.3755073051948052 0.572560975609756 0.002232142857142857 0.007317073170731708
1 0.37855113636363635 0.572560975609756 0.003043831168831169 0.007317073170731708
1 0.4283685064935065 0.572560975609756 0.002840909090909091 0.007317073170731708
1 0.4346590909090909 0.572560975609756 0.002435064935064935 0.007926829268292683
1 0.4411525974025974 0.572560975609756 0.002435064935064935 0.007926829268292683
1 0.44429788961038963 0.572560975609756 0.003043831168831169 0.007926829268292683
1 0.38169642857142855 0.5727134146341464 0.002840909090909091 0.007621951219512195
1 0.4252232142857143 0.5727134146341464 0.002637987012987013 0.00701219512195122
1 0.43790584415584416 0.5727134146341464 0.002840909090909091 0.007621951219512195
0 0.7747564935064936 0.5727134146341464 0.003246753246753247 0.008231707317073171
0 0.7784090909090909 0.5727134146341464 0.002435064935064935 0.007621951219512195
0 0.421976461038961 0.5728658536585366 0.0034496753246753245 0.00853658536585366
0 0.7815543831168831 0.5728658536585366 0.0034496753246753245 0.007926829268292683
1 0.36941964285714285 0.5730182926829268 0.002637987012987013 0.00701219512195122
1 0.372463474025974 0.5730182926829268 0.002637987012987013 0.008231707317073171
1 0.3849431818181818 0.5730182926829268 0.002840909090909091 0.007621951219512195
1 0.4315137987012987 0.5730182926829268 0.002637987012987013 0.007621951219512195
1 0.671429586038961 0.5738719512195122 0.0023559253246753244 0.0068902439024390244
1 0.6745698051948052 0.5742225609756098 0.002548701298701299 0.007591463414634146
1 0.6777871347402598 0.5742728658536586 0.002489853896103896 0.007692073170731707
0 0.8465909090909091 0.5760670731707317 0.002840909090909091 0.00701219512195122
1 0.8555194805194806 0.5763719512195122 0.002435064935064935 0.007621951219512195
1 0.8586647727272727 0.5763719512195122 0.002637987012987013 0.007621951219512195
0 0.8523741883116883 0.5765243902439025 0.003043831168831169 0.007926829268292683
0 0.8038758116883117 0.5769817073170732 0.007102272727272727 0.008231707317073171
1 0.8493303571428571 0.5774390243902439 0.002232142857142857 0.00548780487804878
1 0.8174715909090909 0.5783536585365854 0.002637987012987013 0.007926829268292683
1 0.8237621753246753 0.5783536585365854 0.002637987012987013 0.007926829268292683
1 0.8208198051948052 0.5786585365853658 0.002840909090909091 0.007926829268292683
0 0.6212459415584416 0.5797256097560975 0.002232142857142857 0.005792682926829268
0 0.6189123376623377 0.5798780487804878 0.002029220779220779 0.00548780487804878
0 0.6241883116883117 0.5798780487804878 0.002029220779220779 0.00548780487804878
0 0.6271306818181818 0.5798780487804878 0.002232142857142857 0.006097560975609756
0 0.7685673701298701 0.5814024390243903 0.003043831168831169 0.007317073170731708
0 0.7816558441558441 0.581859756097561 0.002435064935064935 0.00701219512195122
1 0.6809344561688312 0.5855945121951219 0.0022909902597402594 0.007164634146341464
0 0.8628246753246753 0.5865853658536585 0.002840909090909091 0.007317073170731708
0 0.6213474025974026 0.586890243902439 0.002435064935064935 0.00548780487804878
0 0.6187094155844156 0.5870426829268293 0.002435064935064935 0.005182926829268293
1 0.8574472402597403 0.5871951219512195 0.002232142857142857 0.00548780487804878
1 0.8598823051948052 0.5873475609756098 0.002232142857142857 0.005792682926829268
0 0.6239853896103896 0.5878048780487805 0.002840909090909091 0.007317073170731708
0 0.627435064935065 0.5878048780487805 0.003246753246753247 0.007926829268292683
0 0.7987012987012987 0.5879573170731708 0.007305194805194805 0.008231707317073171
0 0.8041801948051948 0.5882621951219512 0.0036525974025974025 0.008231707317073171
0 0.8096590909090909 0.5884146341463414 0.003246753246753247 0.007317073170731708
0 0.8129058441558441 0.588719512195122 0.002840909090909091 0.007317073170731708
0 0.630073051948052 0.5910060975609757 0.002029220779220779 0.005182926829268293
0 0.632609577922078 0.5911585365853659 0.002232142857142857 0.006097560975609756
1 0.8574472402597403 0.59375 0.002232142857142857 0.005792682926829268
1 0.8597808441558441 0.59375 0.002435064935064935 0.005182926829268293
1 0.8630275974025974 0.59375 0.002029220779220779 0.005792682926829268
1 0.6808299512987013 0.5938399390243903 0.002487824675324675 0.007192073170731708
0 0.8187905844155844 0.5952743902439024 0.002435064935064935 0.00701219512195122
0 0.6235795454545454 0.5961890243902439 0.002840909090909091 0.00701219512195122
1 0.630174512987013 0.5969512195121951 0.0018262987012987013 0.00548780487804878
0 0.8093557224025975 0.5969405487804877 0.0026400162337662336 0.007295731707317073
1 0.8222402597402597 0.599390243902439 0.002840909090909091 0.007926829268292683
1 0.825385551948052 0.5995426829268292 0.003043831168831169 0.009451219512195122
1 0.8623173701298701 0.6009146341463415 0.002232142857142857 0.006097560975609756
1 0.867288961038961 0.6009146341463415 0.002029220779220779 0.00548780487804878
1 0.8648538961038961 0.6010670731707317 0.002029220779220779 0.005792682926829268
0 0.859577922077922 0.6016768292682927 0.002840909090909091 0.008231707317073171
0 0.8297483766233766 0.6018292682926829 0.004464285714285714 0.012804878048780487
2 0.7608563311688312 0.6032012195121951 0.014001623376623376 0.016158536585365854
0 0.6713981331168831 0.6034192073170731 0.0026988636363636364 0.0068384146341463415
1 0.680708198051948 0.6036112804878049 0.002244318181818182 0.006612804878048781
0 0.6777323457792207 0.6038155487804878 0.0023802759740259743 0.007021341463414634
0 0.8562297077922078 0.603810975609756 0.002232142857142857 0.005792682926829268
0 0.8537946428571429 0.6039634146341464 0.002637987012987013 0.006097560975609756
0 0.6744825487012986 0.6039756097560975 0.0027800324675324676 0.007341463414634146
1 0.6373812905844155 0.6075716463414634 0.0024411525974025973 0.007216463414634147
0 0.8642451298701299 0.6103658536585366 0.0036525974025974025 0.009146341463414634
2 0.8443587662337663 0.6121951219512195 0.01176948051948052 0.01707317073170732
0 0.8327922077922078 0.6163109756097561 0.0036525974025974025 0.010060975609756098
0 0.7705225243506494 0.6196814024390244 0.00208400974025974 0.007045731707317073
0 0.7674908685064935 0.620157012195122 0.0029200487012987016 0.00738719512195122
0 0.8599837662337663 0.6204268292682927 0.004058441558441558 0.009146341463414634
0 0.8642451298701299 0.620579268292683 0.003246753246753247 0.008841463414634146
