1 0.2608173076923077 0.2548076923076923 0.007211538461538462 0.009615384615384616
1 0.25841346153846156 0.2668269230769231 0.007211538461538462 0.009615384615384616
1 0.5865384615384616 0.3317307692307692 0.009615384615384616 0.009615384615384616
1 0.5793269230769231 0.3317307692307692 0.009615384615384616 0.009615384615384616
1 0.3076923076923077 0.28365384615384615 0.009615384615384616 0.009615384615384616
1 0.25841346153846156 0.2764423076923077 0.007211538461538462 0.009615384615384616
1 0.3004807692307692 0.2932692307692308 0.009615384615384616 0.009615384615384616
1 0.2860576923076923 0.29086538461538464 0.009615384615384616 0.009615384615384616
1 0.2548076923076923 0.28846153846153844 0.009615384615384616 0.009615384615384616
1 0.30528846153846156 0.30288461538461536 0.009615384615384616 0.009615384615384616
1 0.31490384615384615 0.3076923076923077 0.009615384615384616 0.009615384615384616
2 0.25841346153846156 0.3004807692307692 0.007211538461538462 0.009615384615384616
2 0.46875 0.37259615384615385 0.004807692307692308 0.009615384615384616
2 0.47596153846153844 0.375 0.004807692307692308 0.009615384615384616
2 0.4735576923076923 0.375 0.004807692307692308 0.009615384615384616
2 0.4639423076923077 0.3870192307692308 0.004807692307692308 0.009615384615384616
2 0.47115384615384615 0.3894230769230769 0.004807692307692308 0.009615384615384616
1 0.28125 0.3605769230769231 0.009615384615384616 0.009615384615384616
2 0.45552884615384615 0.39783653846153844 0.007211538461538462 0.01201923076923077
2 0.4639423076923077 0.4230769230769231 0.004807692307692308 0.009615384615384616
2 0.4567307692307692 0.4206730769230769 0.004807692307692308 0.009615384615384616
2 0.46153846153846156 0.43509615384615385 0.004807692307692308 0.009615384615384616
2 0.4543269230769231 0.43509615384615385 0.004807692307692308 0.009615384615384616
1 0.39663461538461536 0.4254807692307692 0.009615384615384616 0.009615384615384616
1 0.26802884615384615 0.4110576923076923 0.007211538461538462 0.009615384615384616
2 0.3858173076923077 0.4362980769230769 0.007211538461538462 0.01201923076923077
1 0.23197115384615385 0.4110576923076923 0.007211538461538462 0.009615384615384616
1 0.24158653846153846 0.41346153846153844 0.007211538461538462 0.009615384615384616
1 0.2644230769230769 0.43028846153846156 0.009615384615384616 0.009615384615384616
0 0.2283653846153846 0.43028846153846156 0.004807692307692308 0.004807692307692308
1 0.19230769230769232 0.42788461538461536 0.009615384615384616 0.009615384615384616
1 0.5540865384615384 0.5024038461538461 0.007211538461538462 0.009615384615384616
1 0.5480769230769231 0.5024038461538461 0.009615384615384616 0.009615384615384616
1 0.5324519230769231 0.5 0.007211538461538462 0.009615384615384616
1 0.5024038461538461 0.4951923076923077 0.009615384615384616 0.009615384615384616
1 0.4963942307692308 0.49278846153846156 0.007211538461538462 0.009615384615384616
2 0.5096153846153846 0.5 0.004807692307692308 0.004807692307692308
2 0.4387019230769231 0.4891826923076923 0.040865384615384616 0.040865384615384616
2 0.5372596153846154 0.5588942307692307 0.03125 0.06009615384615385
1 0.359375 0.5480769230769231 0.007211538461538462 0.009615384615384616
2 0.21514423076923078 0.5372596153846154 0.007211538461538462 0.007211538461538462
2 0.40384615384615385 0.5877403846153846 0.009615384615384616 0.007211538461538462
2 0.3894230769230769 0.5889423076923077 0.009615384615384616 0.009615384615384616
1 0.3485576923076923 0.5817307692307693 0.009615384615384616 0.009615384615384616
2 0.30408653846153844 0.5733173076923077 0.007211538461538462 0.007211538461538462
1 0.36899038461538464 0.5925480769230769 0.01201923076923077 0.021634615384615384
1 0.4855769230769231 0.6201923076923077 0.009615384615384616 0.009615384615384616
1 0.47596153846153844 0.6201923076923077 0.009615384615384616 0.009615384615384616
1 0.25 0.5769230769230769 0.009615384615384616 0.009615384615384616
0 0.5649038461538461 0.6418269230769231 0.009615384615384616 0.009615384615384616
1 0.5576923076923077 0.6394230769230769 0.009615384615384616 0.009615384615384616
1 0.40024038461538464 0.6165865384615384 0.01201923076923077 0.021634615384615384
1 0.4519230769230769 0.6274038461538461 0.009615384615384616 0.009615384615384616
1 0.4567307692307692 0.6298076923076923 0.009615384615384616 0.009615384615384616
1 0.4831730769230769 0.6346153846153846 0.009615384615384616 0.009615384615384616
1 0.4735576923076923 0.6322115384615384 0.009615384615384616 0.009615384615384616
2 0.28365384615384615 0.5985576923076923 0.004807692307692308 0.004807692307692308
2 0.29086538461538464 0.5985576923076923 0.004807692307692308 0.004807692307692308
2 0.5576923076923077 0.6538461538461539 0.004807692307692308 0.009615384615384616
2 0.5492788461538461 0.6514423076923077 0.007211538461538462 0.009615384615384616
2 0.5528846153846154 0.6538461538461539 0.004807692307692308 0.009615384615384616
2 0.5456730769230769 0.6514423076923077 0.004807692307692308 0.009615384615384616
2 0.5637019230769231 0.6550480769230769 0.007211538461538462 0.01201923076923077
0 0.49038461538461536 0.6442307692307693 0.009615384615384616 0.009615384615384616
2 0.43149038461538464 0.6334134615384616 0.007211538461538462 0.01201923076923077
0 0.4795673076923077 0.6442307692307693 0.007211538461538462 0.009615384615384616
0 0.4699519230769231 0.6418269230769231 0.007211538461538462 0.009615384615384616
2 0.2860576923076923 0.6177884615384616 0.004807692307692308 0.004807692307692308
2 0.2860576923076923 0.6225961538461539 0.004807692307692308 0.004807692307692308
2 0.2644230769230769 0.6394230769230769 0.004807692307692308 0.004807692307692308
2 0.2644230769230769 0.6442307692307693 0.004807692307692308 0.004807692307692308
1 0.6598557692307693 0.16105769230769232 0.007211538461538462 0.009615384615384616
1 0.5096153846153846 0.14903846153846154 0.009615384615384616 0.009615384615384616
2 0.34615384615384615 0.11778846153846154 0.009615384615384616 0.009615384615384616
1 0.3581730769230769 0.1201923076923077 0.009615384615384616 0.009615384615384616
1 0.6021634615384616 0.17548076923076922 0.007211538461538462 0.009615384615384616
1 0.5084134615384616 0.15865384615384615 0.007211538461538462 0.009615384615384616
2 0.3425480769230769 0.12740384615384615 0.007211538461538462 0.014423076923076924
1 0.3004807692307692 0.1201923076923077 0.009615384615384616 0.009615384615384616
1 0.36778846153846156 0.1346153846153846 0.009615384615384616 0.009615384615384616
1 0.37740384615384615 0.13701923076923078 0.009615384615384616 0.009615384615384616
2 0.3245192307692308 0.12860576923076922 0.009615384615384616 0.007211538461538462
1 0.3557692307692308 0.1346153846153846 0.009615384615384616 0.009615384615384616
1 0.5997596153846154 0.18509615384615385 0.007211538461538462 0.009615384615384616
1 0.5072115384615384 0.17067307692307693 0.009615384615384616 0.009615384615384616
1 0.2980769230769231 0.12980769230769232 0.009615384615384616 0.009615384615384616
0 0.5709134615384616 0.18509615384615385 0.007211538461538462 0.009615384615384616
1 0.36538461538461536 0.1466346153846154 0.009615384615384616 0.009615384615384616
1 0.375 0.15144230769230768 0.009615384615384616 0.009615384615384616
1 0.3629807692307692 0.15865384615384615 0.009615384615384616 0.009615384615384616
1 0.2956730769230769 0.1466346153846154 0.009615384615384616 0.009615384615384616
0 0.5673076923076923 0.19951923076923078 0.009615384615384616 0.009615384615384616
1 0.37259615384615385 0.1658653846153846 0.009615384615384616 0.009615384615384616
1 0.37740384615384615 0.17427884615384615 0.009615384615384616 0.01201923076923077
1 0.36899038461538464 0.1778846153846154 0.007211538461538462 0.009615384615384616
1 0.6177884615384616 0.23798076923076922 0.009615384615384616 0.009615384615384616
1 0.6045673076923077 0.23557692307692307 0.007211538461538462 0.009615384615384616
1 0.37740384615384615 0.19230769230769232 0.009615384615384616 0.009615384615384616
1 0.5973557692307693 0.23317307692307693 0.007211538461538462 0.009615384615384616
1 0.5901442307692307 0.23317307692307693 0.007211538461538462 0.009615384615384616
1 0.5841346153846154 0.23076923076923078 0.009615384615384616 0.009615384615384616
1 0.5673076923076923 0.2283653846153846 0.009615384615384616 0.009615384615384616
1 0.36778846153846156 0.18990384615384615 0.009615384615384616 0.009615384615384616
1 0.5733173076923077 0.2283653846153846 0.007211538461538462 0.009615384615384616
1 0.5600961538461539 0.22596153846153846 0.009615384615384616 0.009615384615384616
1 0.5516826923076923 0.22596153846153846 0.007211538461538462 0.009615384615384616
1 0.5444711538461539 0.22596153846153846 0.007211538461538462 0.009615384615384616
1 0.5396634615384616 0.22355769230769232 0.007211538461538462 0.009615384615384616
1 0.5324519230769231 0.22235576923076922 0.007211538461538462 0.007211538461538462
1 0.5252403846153846 0.22115384615384615 0.007211538461538462 0.009615384615384616
1 0.5096153846153846 0.21875 0.009615384615384616 0.009615384615384616
1 0.5192307692307693 0.22115384615384615 0.009615384615384616 0.009615384615384616
1 0.4807692307692308 0.21394230769230768 0.009615384615384616 0.009615384615384616
1 0.4723557692307692 0.21153846153846154 0.007211538461538462 0.009615384615384616
1 0.4891826923076923 0.21514423076923078 0.01201923076923077 0.01201923076923077
1 0.46634615384615385 0.21153846153846154 0.009615384615384616 0.009615384615384616
1 0.453125 0.2091346153846154 0.007211538461538462 0.009615384615384616
1 0.46033653846153844 0.2091346153846154 0.007211538461538462 0.009615384615384616
1 0.4326923076923077 0.20432692307692307 0.009615384615384616 0.009615384615384616
1 0.44711538461538464 0.20673076923076922 0.009615384615384616 0.009615384615384616
1 0.43990384615384615 0.20673076923076922 0.009615384615384616 0.009615384615384616
1 0.41346153846153844 0.20192307692307693 0.009615384615384616 0.009615384615384616
1 0.4266826923076923 0.20552884615384615 0.007211538461538462 0.007211538461538462
1 0.4182692307692308 0.20192307692307693 0.009615384615384616 0.009615384615384616
1 0.2764423076923077 0.1778846153846154 0.009615384615384616 0.009615384615384616
1 0.28365384615384615 0.1875 0.009615384615384616 0.009615384615384616
1 0.27283653846153844 0.18990384615384615 0.007211538461538462 0.009615384615384616
1 0.3737980769230769 0.2127403846153846 0.007211538461538462 0.01201923076923077
1 0.27163461538461536 0.20432692307692307 0.009615384615384616 0.009615384615384616
2 0.34975961538461536 0.22716346153846154 0.007211538461538462 0.01201923076923077
1 0.34615384615384615 0.2403846153846154 0.009615384615384616 0.009615384615384616
1 0.26322115384615385 0.23317307692307693 0.007211538461538462 0.009615384615384616
1 0.3701923076923077 0.2620192307692308 0.009615384615384616 0.009615384615384616
