2 0.5343861607142857 0.4198490853658537 0.007489853896103895 0.004942073170731707
0 0.5261394074675325 0.4201128048780488 0.007230113636363637 0.005469512195121952
0 0.6883390827922078 0.42282774390243905 0.00208400974025974 0.00663109756097561
1 0.6908948863636364 0.4230457317073171 0.0019196428571428574 0.006457317073170731
0 0.6794105113636364 0.42784451219512193 0.012635957792207792 0.017274390243902437
1 0.6883715503246753 0.42990091463414637 0.002148944805194805 0.006143292682926829
2 0.6698478084415584 0.4341493902439024 0.003250811688311688 0.009762195121951221
1 0.6424310064935065 0.4350792682926829 0.0036120129870129873 0.0024756097560975606
1 0.6377759740259741 0.4353871951219512 0.004448051948051948 0.0030914634146341465
1 0.690822849025974 0.4385914634146341 0.0021814123376623375 0.005231707317073171
0 0.6255854301948053 0.4396753048780488 0.002388392857142857 0.008618902439024391
0 0.6175740665584416 0.44038414634146344 0.003005275974025974 0.009426829268292683
0 0.6286769480519481 0.44026981707317075 0.002077922077922078 0.006759146341463415
0 0.6311941964285714 0.44051371951219515 0.0022422889610389614 0.006637195121951219
0 0.6435998376623376 0.44061280487804877 0.002297077922077922 0.0068353658536585375
0 0.6336698457792208 0.4405853658536585 0.0019176136363636361 0.006170731707317073
1 0.6465746753246754 0.4407393292682927 0.002564935064935065 0.00586890243902439
0 0.6364306006493506 0.4407667682926829 0.0021631493506493508 0.005923780487804878
0 0.6411789772727273 0.4408658536585366 0.0019196428571428574 0.0061219512195121945
0 0.6494602272727272 0.4408033536585366 0.0022483766233766236 0.005996951219512195
0 0.6389234983766233 0.4409634146341463 0.0022788149350649353 0.006317073170731707
2 0.6217299107142857 0.4411661585365854 0.0036059253246753247 0.009771341463414632
0 0.7314539366883117 0.4437957317073171 0.019726055194805192 0.03698170731707317
2 0.6884446022727273 0.4445121951219512 0.0075710227272727275 0.00548780487804878
0 0.677067775974026 0.45281249999999995 0.01687905844155844 0.025746951219512197
0 0.7426217532467532 0.4537743902439025 0.001883116883116883 0.006329268292682927
1 0.5971225649350649 0.4601219512195122 0.004715909090909091 0.0031707317073170734
1 0.6014092938311688 0.46114481707317073 0.0035491071428571425 0.0027774390243902438
0 0.6146469155844156 0.4614939024390244 0.004456168831168832 0.0028658536585365853
2 0.6084790990259741 0.4624496951219512 0.007136769480519481 0.004777439024390244
0 0.7621063311688311 0.46294969512195117 0.019748376623376623 0.02285060975609756
1 0.5971225649350649 0.4675030487804878 0.004715909090909091 0.003298780487804878
0 0.6082650162337663 0.46862957317073173 0.00630275974025974 0.004332317073170732
1 0.6142775974025974 0.4692576219512195 0.0037175324675324676 0.0025396341463414635
1 0.5968628246753247 0.4711844512195122 0.004602272727272727 0.002734756097560976
0 0.7146509740259741 0.4726158536585366 0.020616883116883117 0.030597560975609756
2 0.6128926542207792 0.47552591463414634 0.007035308441558442 0.004710365853658536
1 0.6017126623376623 0.4763810975609756 0.0037500000000000003 0.00276219512195122
1 0.5970160308441558 0.4766890243902439 0.0045028409090909095 0.003378048780487805
1 0.6786728896103896 0.4773033536585366 0.004261363636363636 0.0033871951219512195
1 0.6786678165584416 0.4805137195121951 0.004251217532467533 0.003100609756097561
1 0.6145708198051948 0.4810685975609756 0.003898133116883117 0.0029908536585365854
0 0.6025923295454545 0.48198323170731705 0.005509334415584415 0.004820121951219512
1 0.6600710227272727 0.4826935975609756 0.0019602272727272728 0.006240853658536585
0 0.6624117288961039 0.4825823170731707 0.0017715097402597403 0.0060182926829268285
0 0.7404413555194805 0.48273475609756095 0.020249594155844156 0.03620121951219512
1 0.6147646103896104 0.4849466463414634 0.004285714285714286 0.002820121951219512
0 0.5966923701298701 0.4854664634146341 0.0038555194805194805 0.010567073170731706
1 0.6098143262987012 0.48586128048780486 0.003719561688311688 0.002820121951219512
1 0.6612966720779221 0.48767987804878044 0.004005681818181818 0.002798780487804878
2 0.6031929788961039 0.48780335365853655 0.006710633116883117 0.004875
1 0.6095322646103897 0.4894832317073171 0.004372970779220779 0.002746951219512195
1 0.661208400974026 0.4913551829268293 0.004234983766233767 0.0028323170731707316
0 0.7601217532467532 0.49249847560975607 0.019431818181818182 0.029509146341463417
2 0.5985836038961039 0.493890243902439 0.006826298701298701 0.004853658536585366
0 0.6601958198051948 0.519498475609756 0.022907873376623377 0.02985060975609756
0 0.6322321428571428 0.5226432926829269 0.013246753246753246 0.02028658536585366
2 0.490588474025974 0.5404878048780488 0.003498376623376623 0.01024390243902439
0 0.49394074675324673 0.5423643292682927 0.0020860389610389608 0.007289634146341464
0 0.6785836038961038 0.5438384146341463 0.01950487012987013 0.02975
0 0.5314295860389611 0.5442423780487805 0.004417613636363636 0.0031189024390243904
0 0.5359222808441558 0.5446295731707317 0.004068587662337662 0.002673780487804878
0 0.706057224025974 0.5452942073170732 0.0229099025974026 0.028393292682926827
0 0.5392481737012987 0.5461310975609756 0.002197646103896104 0.005676829268292684
0 0.5459303977272727 0.5463185975609756 0.002169237012987013 0.006051829268292683
2 0.5987023133116883 0.546295731707317 0.0034111201298701295 0.011493902439024392
1 0.583161525974026 0.5463064024390244 0.001956168831168831 0.006637195121951219
0 0.6573265016233766 0.5465365853658537 0.01716923701298701 0.02295121951219512
1 0.580804586038961 0.5464939024390244 0.0021124188311688313 0.00701219512195122
1 0.5782700892857143 0.5466341463414635 0.0019135551948051947 0.006682926829268293
0 0.6414265422077922 0.5466356707317073 0.006067370129870129 0.004856707317073171
0 0.5533127029220779 0.5482728658536585 0.0031351461038961036 0.010570121951219513
0 0.549328327922078 0.5486128048780488 0.002877435064935065 0.01125
0 0.557307224025974 0.5484634146341464 0.0038189935064935066 0.010951219512195123
2 0.542711038961039 0.5488201219512195 0.0038474025974025976 0.011054878048780487
0 0.5954951298701299 0.5487591463414634 0.0022727272727272726 0.006664634146341463
0 0.5344450081168831 0.5493795731707317 0.007201704545454546 0.005466463414634146
0 0.5345515422077922 0.549234756097561 0.007008928571428571 0.005176829268292683
0 0.5461404220779221 0.5525990853658537 0.0021834415584415586 0.005807926829268293
1 0.6382812499999999 0.5534725609756098 0.0018060064935064937 0.006945121951219512
0 0.5987713068181818 0.5540503048780488 0.00476663961038961 0.0032225609756097564
1 0.6420160308441558 0.5554192073170732 0.004405438311688312 0.002911585365853659
2 0.5342116477272727 0.5556692073170731 0.007546672077922078 0.0046310975609756095
0 0.553635349025974 0.5572423780487805 0.007433035714285715 0.004728658536585366
