2 0.3473557692307692 0.7704326923076923 0.016826923076923076 0.021634615384615384
2 0.3557692307692308 0.8040865384615384 0.019230769230769232 0.021634615384615384
2 0.33052884615384615 0.5733173076923077 0.03125 0.016826923076923076
2 0.44350961538461536 0.8485576923076923 0.021634615384615384 0.02403846153846154
2 0.45552884615384615 0.7451923076923077 0.036057692307692304 0.02403846153846154
2 0.46033653846153844 0.7692307692307693 0.036057692307692304 0.028846153846153848
2 0.7644230769230769 0.6418269230769231 0.038461538461538464 0.038461538461538464
2 0.7716346153846154 0.5877403846153846 0.0625 0.026442307692307692
2 0.8209134615384616 0.6358173076923077 0.06971153846153846 0.036057692307692304
2 0.2764423076923077 0.5024038461538461 0.038461538461538464 0.014423076923076924
2 0.3137019230769231 0.703125 0.016826923076923076 0.026442307692307692
