0 0.7488839285714286 0.3051829268292683 0.002232142857142857 0.007317073170731708
0 0.7520292207792207 0.30533536585365856 0.002029220779220779 0.0064024390243902435
0 0.755377435064935 0.30533536585365856 0.002232142857142857 0.00701219512195122
0 0.7195616883116883 0.30564024390243905 0.002435064935064935 0.0064024390243902435
0 0.7588271103896104 0.30564024390243905 0.002232142857142857 0.00701219512195122
1 0.49056412337662336 0.30579268292682926 0.008319805194805194 0.007926829268292683
0 0.7125608766233766 0.30579268292682926 0.002232142857142857 0.006707317073170732
0 0.7228084415584416 0.30579268292682926 0.002840909090909091 0.006707317073170732
0 0.7158076298701299 0.30609756097560975 0.002232142857142857 0.006707317073170732
0 0.8007305194805194 0.31112804878048783 0.002029220779220779 0.007621951219512195
1 0.8141233766233766 0.31128048780487805 0.00487012987012987 0.003658536585365854
1 0.8141233766233766 0.3179878048780488 0.004464285714285714 0.003658536585365854
0 0.6064326298701299 0.3227134146341463 0.002232142857142857 0.00701219512195122
0 0.6292613636363636 0.3227134146341463 0.002840909090909091 0.0064024390243902435
1 0.8141233766233766 0.325 0.004464285714285714 0.003658536585365854
0 0.453023538961039 0.3280487804878049 0.014407467532467532 0.02378048780487805
0 0.48944805194805197 0.32865853658536587 0.016639610389610388 0.02378048780487805
2 0.4727069805194805 0.3298780487804878 0.011566558441558442 0.007317073170731708
1 0.3273133116883117 0.33140243902439026 0.00487012987012987 0.003658536585365854
1 0.8142248376623377 0.3315548780487805 0.004667207792207792 0.0039634146341463415
0 0.7635957792207793 0.33246951219512194 0.002435064935064935 0.0064024390243902435
0 0.7274756493506493 0.3330792682926829 0.002840909090909091 0.0064024390243902435
0 0.6596996753246753 0.3339939024390244 0.004464285714285714 0.010060975609756098
1 0.8142248376623377 0.3382621951219512 0.004261363636363636 0.003353658536585366
1 0.32721185064935066 0.3385670731707317 0.004667207792207792 0.003353658536585366
0 0.5607751623376623 0.34009146341463414 0.002232142857142857 0.0064024390243902435
1 0.6789772727272727 0.3402439024390244 0.005275974025974026 0.012804878048780487
1 0.6851663961038961 0.3402439024390244 0.005073051948051948 0.012195121951219513
1 0.6722808441558441 0.3405487804878049 0.005681818181818182 0.012195121951219513
0 0.7555803571428571 0.34237804878048783 0.0018262987012987013 0.006707317073170732
0 0.5110592532467533 0.34253048780487805 0.002637987012987013 0.0064024390243902435
0 0.7487824675324676 0.34283536585365854 0.002029220779220779 0.0064024390243902435
0 0.7522321428571429 0.34283536585365854 0.002435064935064935 0.0064024390243902435
0 0.7590300324675324 0.34283536585365854 0.002232142857142857 0.007621951219512195
0 0.7153003246753247 0.3429878048780488 0.002840909090909091 0.006097560975609756
0 0.718547077922078 0.3429878048780488 0.002029220779220779 0.006707317073170732
0 0.7217938311688312 0.3429878048780488 0.002435064935064935 0.006707317073170732
0 0.7118506493506493 0.3435975609756098 0.003246753246753247 0.007317073170731708
1 0.8142248376623377 0.34496951219512195 0.004667207792207792 0.0039634146341463415
1 0.3274147727272727 0.34512195121951217 0.005073051948051948 0.003658536585365854
0 0.5905032467532467 0.34847560975609754 0.002029220779220779 0.006707317073170732
0 0.46712662337662336 0.35030487804878047 0.002840909090909091 0.007317073170731708
1 0.32721185064935066 0.3515243902439024 0.004667207792207792 0.003658536585365854
1 0.8141233766233766 0.3518292682926829 0.004464285714285714 0.003658536585365854
0 0.8009334415584416 0.3521341463414634 0.002029220779220779 0.007317073170731708
1 0.7521306818181818 0.35259146341463415 0.002637987012987013 0.0064024390243902435
1 0.7488839285714286 0.35274390243902437 0.002637987012987013 0.006097560975609756
1 0.7588271103896104 0.35274390243902437 0.0018262987012987013 0.007317073170731708
1 0.7149959415584416 0.35304878048780486 0.002232142857142857 0.006707317073170732
1 0.7116477272727273 0.35320121951219513 0.002435064935064935 0.00701219512195122
1 0.718547077922078 0.35320121951219513 0.002435064935064935 0.0064024390243902435
1 0.7216923701298701 0.35320121951219513 0.002232142857142857 0.00701219512195122
1 0.7555803571428571 0.35320121951219513 0.0018262987012987013 0.00701219512195122
0 0.6864853896103896 0.35579268292682925 0.002435064935064935 0.006707317073170732
0 0.3588676948051948 0.35823170731707316 0.002637987012987013 0.006707317073170732
1 0.8143262987012987 0.3583841463414634 0.00487012987012987 0.0039634146341463415
1 0.3274147727272727 0.35853658536585364 0.004667207792207792 0.003658536585365854
0 0.5906047077922078 0.3615853658536585 0.002232142857142857 0.007317073170731708
0 0.6463068181818182 0.36295731707317075 0.002435064935064935 0.0064024390243902435
1 0.3274147727272727 0.36539634146341465 0.005073051948051948 0.003353658536585366
1 0.8144277597402597 0.36554878048780487 0.004667207792207792 0.003658536585365854
1 0.6181006493506493 0.36829268292682926 0.007711038961038961 0.007926829268292683
0 0.5112621753246753 0.3714939024390244 0.002637987012987013 0.00701219512195122
1 0.3274147727272727 0.37164634146341463 0.004667207792207792 0.003658536585365854
1 0.8143262987012987 0.3721036585365854 0.004464285714285714 0.003353658536585366
1 0.6966314935064936 0.37652439024390244 0.004464285714285714 0.003048780487804878
0 0.6790787337662337 0.37698170731707314 0.013189935064935064 0.017378048780487806
1 0.6574675324675324 0.3777439024390244 0.005275974025974026 0.012195121951219513
1 0.650974025974026 0.3782012195121951 0.005681818181818182 0.013109756097560975
1 0.32771915584415584 0.3788109756097561 0.004464285714285714 0.0039634146341463415
1 0.8144277597402597 0.3788109756097561 0.004667207792207792 0.003353658536585366
0 0.6322037337662337 0.3798780487804878 0.002232142857142857 0.006707317073170732
0 0.6384943181818182 0.38490853658536583 0.002232142857142857 0.00701219512195122
1 0.8144277597402597 0.3853658536585366 0.004667207792207792 0.003658536585365854
1 0.3275162337662338 0.3855182926829268 0.00487012987012987 0.0039634146341463415
0 0.4481534090909091 0.39222560975609755 0.002232142857142857 0.00701219512195122
1 0.3275162337662338 0.3923780487804878 0.004058441558441558 0.003658536585365854
1 0.8144277597402597 0.39253048780487804 0.004667207792207792 0.003353658536585366
0 0.8009334415584416 0.3928353658536585 0.002029220779220779 0.0064024390243902435
0 0.6599025974025974 0.393140243902439 0.00487012987012987 0.010060975609756098
0 0.6317978896103896 0.3951219512195122 0.002232142857142857 0.007317073170731708
0 0.4810267857142857 0.39740853658536585 0.002232142857142857 0.00701219512195122
1 0.3275162337662338 0.39878048780487807 0.004058441558441558 0.003658536585365854
0 0.359273538961039 0.3989329268292683 0.002637987012987013 0.007621951219512195
1 0.8144277597402597 0.39908536585365856 0.004667207792207792 0.003658536585365854
0 0.5114650974025974 0.4054878048780488 0.002637987012987013 0.007317073170731708
1 0.8145292207792207 0.4059451219512195 0.00487012987012987 0.003353658536585366
1 0.32782061688311687 0.40625 0.004667207792207792 0.0039634146341463415
1 0.32782061688311687 0.4125 0.004667207792207792 0.003658536585365854
1 0.8148336038961039 0.41280487804878047 0.004261363636363636 0.003048780487804878
0 0.7572037337662337 0.41371951219512193 0.002637987012987013 0.006707317073170732
1 0.32782061688311687 0.4195121951219512 0.004261363636363636 0.003048780487804878
0 0.5237418831168831 0.42347560975609755 0.002840909090909091 0.007317073170731708
0 0.6464082792207793 0.4236280487804878 0.002637987012987013 0.00701219512195122
1 0.328226461038961 0.42621951219512194 0.004261363636363636 0.00426829268292683
0 0.6298701298701299 0.43094512195121953 0.002840909090909091 0.0064024390243902435
0 0.4812297077922078 0.43277439024390246 0.002232142857142857 0.00701219512195122
1 0.32771915584415584 0.43307926829268295 0.00487012987012987 0.004573170731707317
1 0.663859577922078 0.436890243902439 0.002232142857142857 0.007317073170731708
1 0.658989448051948 0.43871951219512195 0.005478896103896104 0.012195121951219513
1 0.6521915584415584 0.43902439024390244 0.005681818181818182 0.012195121951219513
0 0.35967938311688313 0.43948170731707314 0.002232142857142857 0.0064024390243902435
1 0.328125 0.43978658536585363 0.004464285714285714 0.003353658536585366
1 0.7470576298701299 0.442530487804878 0.007913961038961038 0.008231707317073171
0 0.5804586038961039 0.44359756097560976 0.004667207792207792 0.003658536585365854
1 0.32782061688311687 0.44664634146341464 0.004261363636363636 0.003048780487804878
1 0.328125 0.4535060975609756 0.004464285714285714 0.00274390243902439
0 0.43323863636363635 0.4554878048780488 0.002840909090909091 0.006707317073170732
1 0.328125 0.45990853658536585 0.00487012987012987 0.003353658536585366
0 0.6931818181818182 0.46219512195121953 0.003246753246753247 0.007317073170731708
0 0.5906047077922078 0.46478658536585366 0.002232142857142857 0.00701219512195122
1 0.328125 0.4666158536585366 0.004464285714285714 0.003353658536585366
0 0.46469155844155846 0.4682926829268293 0.004464285714285714 0.00426829268292683
0 0.5019277597402597 0.4713414634146341 0.004667207792207792 0.003658536585365854
1 0.32792207792207795 0.4736280487804878 0.00487012987012987 0.003353658536585366
0 0.7650162337662337 0.47591463414634144 0.002029220779220779 0.006707317073170732
0 0.6245941558441559 0.4768292682926829 0.002435064935064935 0.006707317073170732
0 0.35978084415584416 0.48003048780487806 0.002435064935064935 0.007621951219512195
1 0.328226461038961 0.48064024390243903 0.004667207792207792 0.003353658536585366
1 0.32853084415584416 0.4870426829268293 0.005275974025974026 0.003353658536585366
0 0.5740665584415584 0.48902439024390243 0.004464285714285714 0.003658536585365854
1 0.663961038961039 0.4926829268292683 0.004464285714285714 0.003048780487804878
0 0.627739448051948 0.4942073170731707 0.004261363636363636 0.003048780487804878
1 0.3286323051948052 0.494359756097561 0.004261363636363636 0.003353658536585366
1 0.32853084415584416 0.500609756097561 0.004464285714285714 0.003658536585365854
0 0.48549107142857145 0.5053353658536586 0.003043831168831169 0.00701219512195122
0 0.682325487012987 0.5073170731707317 0.002232142857142857 0.006707317073170732
1 0.328226461038961 0.5076219512195121 0.004667207792207792 0.003658536585365854
0 0.765523538961039 0.510060975609756 0.002232142857142857 0.006707317073170732
0 0.43323863636363635 0.5111280487804878 0.002029220779220779 0.007621951219512195
0 0.3600852272727273 0.5123475609756097 0.002232142857142857 0.00701219512195122
1 0.3286323051948052 0.5144817073170732 0.004667207792207792 0.003353658536585366
0 0.5967938311688312 0.5190548780487805 0.003246753246753247 0.00701219512195122
1 0.32386363636363635 0.5210365853658536 0.008928571428571428 0.007926829268292683
1 0.6911525974025974 0.525609756097561 0.002029220779220779 0.006707317073170732
1 0.6878043831168831 0.5257621951219512 0.002232142857142857 0.0064024390243902435
0 0.5134943181818182 0.5272865853658537 0.002232142857142857 0.00701219512195122
0 0.44886363636363635 0.5314024390243902 0.004464285714285714 0.00426829268292683
1 0.3244724025974026 0.5315548780487804 0.009334415584415584 0.007621951219512195
0 0.5307426948051948 0.5359756097560976 0.002232142857142857 0.006097560975609756
1 0.6911525974025974 0.5361280487804878 0.002435064935064935 0.00701219512195122
1 0.687601461038961 0.5364329268292682 0.002232142857142857 0.00701219512195122
0 0.765422077922078 0.5435975609756097 0.002435064935064935 0.006707317073170732
1 0.687702922077922 0.5478658536585366 0.002029220779220779 0.006707317073170732
1 0.6913555194805194 0.5481707317073171 0.002029220779220779 0.007926829268292683
1 0.7666396103896104 0.5571646341463414 0.005681818181818182 0.0125
1 0.687702922077922 0.5579268292682927 0.002029220779220779 0.007317073170731708
1 0.6911525974025974 0.5583841463414634 0.002029220779220779 0.0064024390243902435
0 0.502435064935065 0.5589939024390244 0.004464285714285714 0.003353658536585366
0 0.4303977272727273 0.5603658536585366 0.004464285714285714 0.00426829268292683
0 0.46844561688311687 0.5634146341463414 0.005073051948051948 0.003658536585365854
1 0.6880073051948052 0.5698170731707317 0.0018262987012987013 0.006707317073170732
1 0.6914569805194806 0.5701219512195121 0.002232142857142857 0.006707317073170732
1 0.797077922077922 0.5751524390243903 0.007711038961038961 0.007621951219512195
1 0.78125 0.5754573170731707 0.008116883116883116 0.007621951219512195
0 0.7667410714285714 0.5756097560975609 0.002232142857142857 0.006707317073170732
1 0.6878043831168831 0.5801829268292683 0.002232142857142857 0.006707317073170732
1 0.6913555194805194 0.5801829268292683 0.002029220779220779 0.006707317073170732
0 0.6148538961038961 0.58125 0.003246753246753247 0.007621951219512195
1 0.765625 0.5856707317073171 0.002435064935064935 0.006097560975609756
1 0.7589285714285714 0.5858231707317073 0.002435064935064935 0.0064024390243902435
0 0.7386363636363636 0.5859756097560975 0.002029220779220779 0.006097560975609756
1 0.7519277597402597 0.5861280487804879 0.002232142857142857 0.00701219512195122
0 0.5296266233766234 0.5908536585365853 0.002435064935064935 0.006707317073170732
0 0.666599025974026 0.5932926829268292 0.004058441558441558 0.003048780487804878
1 0.7905844155844156 0.5939024390243902 0.00487012987012987 0.003658536585365854
0 0.765827922077922 0.594359756097561 0.002435064935064935 0.007621951219512195
0 0.7521306818181818 0.5945121951219512 0.0018262987012987013 0.006707317073170732
0 0.7590300324675324 0.5946646341463414 0.002232142857142857 0.0064024390243902435
1 0.7971793831168831 0.5957317073170731 0.005073051948051948 0.012195121951219513
0 0.6792816558441559 0.5974085365853659 0.003043831168831169 0.0064024390243902435
0 0.4858969155844156 0.6004573170731707 0.002637987012987013 0.0064024390243902435
0 0.4340503246753247 0.6059451219512195 0.002435064935064935 0.00701219512195122
1 0.7971793831168831 0.6106707317073171 0.005478896103896104 0.012195121951219513
0 0.5746753246753247 0.6208841463414634 0.00487012987012987 0.0039634146341463415
0 0.7659293831168831 0.6210365853658537 0.002637987012987013 0.006707317073170732
0 0.7928165584415584 0.6211890243902439 0.002435064935064935 0.00701219512195122
0 0.43009334415584416 0.6217987804878049 0.004261363636363636 0.004573170731707317
1 0.6915584415584416 0.6222560975609757 0.004464285714285714 0.003658536585365854
1 0.5960836038961039 0.6228658536585366 0.004667207792207792 0.003658536585365854
1 0.669237012987013 0.6228658536585366 0.00487012987012987 0.003658536585365854
1 0.6557426948051948 0.6230182926829269 0.004667207792207792 0.0039634146341463415
1 0.6219561688311688 0.6231707317073171 0.00487012987012987 0.00426829268292683
1 0.6320008116883117 0.6234756097560976 0.004667207792207792 0.003658536585365854
0 0.46002435064935066 0.6260670731707317 0.004058441558441558 0.003353658536585366
1 0.6916599025974026 0.6272865853658537 0.004667207792207792 0.003353658536585366
1 0.6557426948051948 0.6275914634146341 0.004667207792207792 0.0039634146341463415
1 0.669237012987013 0.6277439024390243 0.004058441558441558 0.003658536585365854
1 0.5960836038961039 0.6278963414634147 0.004261363636363636 0.0039634146341463415
1 0.6322037337662337 0.6282012195121951 0.004261363636363636 0.0039634146341463415
1 0.6219561688311688 0.6285060975609756 0.004464285714285714 0.003353658536585366
1 0.6917613636363636 0.6324695121951219 0.004464285714285714 0.003353658536585366
1 0.622260551948052 0.6335365853658537 0.004261363636363636 0.003658536585365854
1 0.5955762987012987 0.6365853658536585 0.004464285714285714 0.003658536585365854
1 0.6917613636363636 0.6375 0.00487012987012987 0.003658536585365854
1 0.6631493506493507 0.6405487804878048 0.002435064935064935 0.007317073170731708
1 0.6674107142857143 0.6405487804878048 0.002435064935064935 0.006707317073170732
1 0.6203327922077922 0.6410060975609756 0.002435064935064935 0.00701219512195122
1 0.5955762987012987 0.6428353658536585 0.004464285714285714 0.003353658536585366
0 0.6783685064935064 0.6446646341463415 0.004464285714285714 0.003353658536585366
0 0.6421469155844156 0.6448170731707317 0.004261363636363636 0.003048780487804878
1 0.6267248376623377 0.6452743902439024 0.002637987012987013 0.00701219512195122
1 0.6309862012987013 0.6452743902439024 0.002637987012987013 0.00701219512195122
0 0.6064326298701299 0.6458841463414634 0.004261363636363636 0.0039634146341463415
1 0.49259334415584416 0.6632621951219512 0.0034496753246753245 0.008231707317073171
1 0.49573863636363635 0.6632621951219512 0.0036525974025974025 0.008231707317073171
0 0.525974025974026 0.6690548780487805 0.032873376623376624 0.022865853658536585
1 0.42228084415584416 0.6789634146341463 0.008928571428571428 0.00975609756097561
1 0.4336444805194805 0.6791158536585366 0.008116883116883116 0.007621951219512195
1 0.4594155844155844 0.6791158536585366 0.02719155844155844 0.013109756097560975
2 0.552150974025974 0.6853658536585366 0.012175324675324676 0.02621951219512195
0 0.562601461038961 0.6853658536585366 0.00588474025974026 0.012804878048780487
1 0.7191558441558441 0.6911585365853659 0.002029220779220779 0.006707317073170732
1 0.6887175324675324 0.6913109756097561 0.004464285714285714 0.0039634146341463415
0 0.6941964285714286 0.6917682926829268 0.002435064935064935 0.006707317073170732
0 0.7190543831168831 0.6995426829268293 0.002637987012987013 0.007621951219512195
1 0.6888189935064936 0.7004573170731707 0.004261363636363636 0.0039634146341463415
0 0.6946022727272727 0.7067073170731707 0.002435064935064935 0.006707317073170732
2 0.5132913961038961 0.7073170731707317 0.04281655844155844 0.0524390243902439
1 0.5460633116883117 0.7076219512195122 0.008522727272727272 0.006707317073170732
1 0.7191558441558441 0.708079268292683 0.002435064935064935 0.007621951219512195
1 0.6888189935064936 0.708689024390244 0.004261363636363636 0.0039634146341463415
1 0.559963474025974 0.7152439024390244 0.014001623376623376 0.010365853658536586
0 0.46053165584415584 0.719359756097561 0.033076298701298704 0.051524390243902436
1 0.42025162337662336 0.7262195121951219 0.008116883116883116 0.007926829268292683
1 0.5568181818181818 0.7266768292682927 0.008522727272727272 0.009451219512195122
0 0.6970373376623377 0.7452743902439024 0.013798701298701298 0.022865853658536585
0 0.7179383116883117 0.7454268292682927 0.015827922077922076 0.02621951219512195
0 0.48792613636363635 0.769359756097561 0.01075487012987013 0.020426829268292684
0 0.510450487012987 0.7760670731707318 0.022930194805194804 0.03689024390243902
0 0.4067573051948052 0.7809451219512196 0.015625 0.025914634146341462
0 0.5488027597402597 0.7885670731707317 0.01765422077922078 0.02347560975609756
1 0.46002435064935066 0.800609756097561 0.03165584415584415 0.01951219512195122
0 0.627739448051948 0.8007621951219512 0.002637987012987013 0.00701219512195122
0 0.6052150974025974 0.801219512195122 0.002232142857142857 0.007926829268292683
0 0.5826907467532467 0.8015243902439024 0.002232142857142857 0.006707317073170732
1 0.8138189935064936 0.26371951219512196 0.004667207792207792 0.003658536585365854
1 0.749898538961039 0.26417682926829267 0.002637987012987013 0.00701219512195122
0 0.7373173701298701 0.26478658536585364 0.0018262987012987013 0.00701219512195122
0 0.7461444805194806 0.26478658536585364 0.002029220779220779 0.00701219512195122
0 0.7100243506493507 0.2649390243902439 0.002435064935064935 0.007317073170731708
1 0.7226055194805194 0.2649390243902439 0.002435064935064935 0.006097560975609756
1 0.7314326298701299 0.2649390243902439 0.002232142857142857 0.007317073170731708
1 0.7405641233766234 0.2649390243902439 0.002232142857142857 0.007926829268292683
1 0.713474025974026 0.26509146341463413 0.002029220779220779 0.007621951219512195
1 0.7043425324675324 0.2652439024390244 0.002029220779220779 0.007926829268292683
0 0.7284902597402597 0.2652439024390244 0.002840909090909091 0.006707317073170732
0 0.7009943181818182 0.2653963414634146 0.002232142857142857 0.00701219512195122
0 0.7190543831168831 0.2653963414634146 0.002232142857142857 0.00701219512195122
1 0.8004261363636364 0.2673780487804878 0.008319805194805194 0.00853658536585366
1 0.8140219155844156 0.2704268292682927 0.004261363636363636 0.003048780487804878
1 0.8141233766233766 0.27759146341463414 0.004464285714285714 0.003353658536585366
1 0.8007305194805194 0.28003048780487805 0.008116883116883116 0.008231707317073171
1 0.4903612012987013 0.28216463414634146 0.007913961038961038 0.008841463414634146
1 0.8141233766233766 0.2839939024390244 0.004464285714285714 0.003353658536585366
1 0.8140219155844156 0.2910060975609756 0.004261363636363636 0.0039634146341463415
1 0.4906655844155844 0.294359756097561 0.008116883116883116 0.008231707317073171
1 0.755275974025974 0.2946646341463415 0.002029220779220779 0.0064024390243902435
1 0.7522321428571429 0.2951219512195122 0.002029220779220779 0.006097560975609756
1 0.7589285714285714 0.2951219512195122 0.002029220779220779 0.007317073170731708
1 0.7159090909090909 0.29542682926829267 0.002435064935064935 0.006707317073170732
1 0.7484780844155844 0.29542682926829267 0.002232142857142857 0.007317073170731708
1 0.7192573051948052 0.29557926829268294 0.002637987012987013 0.008231707317073171
1 0.7227069805194806 0.2958841463414634 0.002232142857142857 0.00701219512195122
1 0.7124594155844156 0.29634146341463413 0.002435064935064935 0.006707317073170732
1 0.8142248376623377 0.2978658536585366 0.004667207792207792 0.003658536585365854
0 0.45292207792207795 0.29832317073170733 0.014204545454545454 0.024695121951219513
2 0.4239042207792208 0.3 0.00487012987012987 0.01707317073170732
2 0.4331371753246753 0.30015243902439026 0.004261363636363636 0.01798780487804878
1 0.8141233766233766 0.3044207317073171 0.004464285714285714 0.003353658536585366
