2 0.47475961538461536 0.5709134615384616 0.007211538461538462 0.007211538461538462
2 0.5096153846153846 0.7271634615384616 0.038461538461538464 0.03125
2 0.5240384615384616 0.7740384615384616 0.028846153846153848 0.019230769230769232
2 0.5552884615384616 0.8209134615384616 0.038461538461538464 0.03125
2 0.5625 0.8521634615384616 0.038461538461538464 0.03125
2 0.49759615384615385 0.5192307692307693 0.004807692307692308 0.004807692307692308
2 0.5264423076923077 0.4723557692307692 0.009615384615384616 0.007211538461538462
2 0.6165865384615384 0.8389423076923077 0.007211538461538462 0.009615384615384616
2 0.6033653846153846 0.44711538461538464 0.014423076923076924 0.028846153846153848
2 0.6129807692307693 0.43990384615384615 0.014423076923076924 0.028846153846153848
2 0.6201923076923077 0.43149038461538464 0.014423076923076924 0.026442307692307692
2 0.6538461538461539 0.47836538461538464 0.004807692307692308 0.004807692307692308
2 0.6610576923076923 0.47716346153846156 0.009615384615384616 0.01201923076923077
2 0.8100961538461539 0.8088942307692307 0.009615384615384616 0.01201923076923077
2 0.7920673076923077 0.7259615384615384 0.007211538461538462 0.009615384615384616
2 0.8016826923076923 0.7235576923076923 0.007211538461538462 0.009615384615384616
2 0.8197115384615384 0.8052884615384616 0.004807692307692308 0.004807692307692308
2 0.8233173076923077 0.8125 0.007211538461538462 0.009615384615384616
2 0.7211538461538461 0.30408653846153844 0.009615384615384616 0.007211538461538462
2 0.8377403846153846 0.8125 0.007211538461538462 0.009615384615384616
2 0.7716346153846154 0.47115384615384615 0.009615384615384616 0.004807692307692308
2 0.7692307692307693 0.46634615384615385 0.009615384615384616 0.004807692307692308
2 0.7980769230769231 0.5745192307692307 0.009615384615384616 0.004807692307692308
2 0.7980769230769231 0.5709134615384616 0.009615384615384616 0.007211538461538462
2 0.7980769230769231 0.5793269230769231 0.009615384615384616 0.004807692307692308
2 0.7956730769230769 0.5649038461538461 0.009615384615384616 0.004807692307692308
2 0.8004807692307693 0.5817307692307693 0.009615384615384616 0.004807692307692308
2 0.7956730769230769 0.5612980769230769 0.009615384615384616 0.007211538461538462
2 0.7956730769230769 0.5673076923076923 0.009615384615384616 0.004807692307692308
2 0.7956730769230769 0.5564903846153846 0.009615384615384616 0.007211538461538462
2 0.7932692307692307 0.4987980769230769 0.009615384615384616 0.007211538461538462
2 0.8221153846153846 0.6310096153846154 0.009615384615384616 0.007211538461538462
2 0.8028846153846154 0.5456730769230769 0.004807692307692308 0.004807692307692308
2 0.8100961538461539 0.49399038461538464 0.009615384615384616 0.007211538461538462
2 0.8786057692307693 0.7908653846153846 0.007211538461538462 0.009615384615384616
2 0.8509615384615384 0.6550480769230769 0.009615384615384616 0.007211538461538462
2 0.8509615384615384 0.6586538461538461 0.009615384615384616 0.004807692307692308
2 0.8533653846153846 0.6694711538461539 0.009615384615384616 0.007211538461538462
2 0.8485576923076923 0.6502403846153846 0.009615384615384616 0.007211538461538462
2 0.8317307692307693 0.5504807692307693 0.004807692307692308 0.004807692307692308
2 0.8245192307692307 0.5144230769230769 0.004807692307692308 0.004807692307692308
