1 0.5472473620129871 0.3078887195121951 0.006426542207792208 0.003582317073170732
1 0.5472412743506493 0.3115457317073171 0.00479099025974026 0.003579268292682927
1 0.4747666396103896 0.31526676829268296 0.0026988636363636364 0.00858231707317073
1 0.5471235795454545 0.31561432926829264 0.005367288961038961 0.0031798780487804876
1 0.546953125 0.31956249999999997 0.004214691558441558 0.004368902439024391
1 0.560992288961039 0.3202926829268293 0.005507305194805195 0.0027804878048780486
1 0.6886079545454545 0.3231707317073171 0.0030275974025974024 0.007926829268292683
1 0.5472199675324675 0.3240579268292683 0.005560064935064935 0.0029939024390243903
1 0.561015625 0.3244893292682927 0.005148133116883117 0.0032469512195121954
1 0.4748356331168831 0.3247515243902439 0.002025162337662338 0.006820121951219512
1 0.5531523944805194 0.3273246951219512 0.005655438311688312 0.0040396341463414635
0 0.4226542207792208 0.3283490853658536 0.0019642857142857144 0.006698170731707317
0 0.4326349431818182 0.32878201219512193 0.0016335227272727274 0.008173780487804878
0 0.39188108766233765 0.3288841463414634 0.003323863636363636 0.006548780487804878
0 0.4015198863636364 0.32907926829268297 0.0027150974025974025 0.007548780487804879
0 0.3974147727272727 0.32936280487804875 0.0030275974025974024 0.009335365853658536
0 0.4059598214285714 0.3293612804878049 0.00307224025974026 0.007503048780487805
0 0.4129413555194805 0.32938109756097556 0.0028307629870129867 0.005713414634146341
1 0.3889021915584416 0.3293170731707317 0.00304788961038961 0.00802439024390244
0 0.4265422077922078 0.329327743902439 0.003246753246753247 0.009875
0 0.4168445616883117 0.3294375 0.00333198051948052 0.008265243902439025
1 0.5525304383116882 0.3321661585365854 0.005223214285714285 0.003966463414634146
0 0.43801745129870134 0.3324954268292683 0.004281655844155845 0.0040152439024390245
1 0.6567410714285714 0.3336981707317073 0.0026055194805194807 0.007030487804878048
0 0.6889965503246753 0.3348399390243903 0.0021814123376623375 0.009314024390243902
0 0.3905265827922078 0.3438064024390244 0.004267451298701299 0.0028567073170731707
0 0.5436343344155845 0.34529420731707317 0.0040706168831168826 0.008881097560975609
1 0.4067197646103896 0.3468201219512195 0.005809659090909091 0.003396341463414634
0 0.7450821834415584 0.3505701219512195 0.0023396915584415583 0.0060182926829268285
0 0.4378703327922078 0.35237042682926834 0.005204951298701298 0.004740853658536585
1 0.47521915584415586 0.3555731707317073 0.002386363636363636 0.009317073170731707
1 0.4382426948051948 0.3579176829268293 0.005949675324675325 0.0042499999999999994
0 0.391033887987013 0.3600396341463415 0.006499594155844156 0.0048353658536585365
1 0.543685064935065 0.3678246951219512 0.0029545454545454545 0.010649390243902438
1 0.4749797077922078 0.36915396341463413 0.002313311688311688 0.009649390243902439
0 0.4378703327922078 0.3732942073170732 0.005204951298701298 0.0039054878048780488
0 0.3908553165584416 0.3735533536585366 0.006142451298701298 0.0038140243902439024
1 0.475054788961039 0.37635518292682923 0.0032751623376623376 0.006978658536585366
1 0.7612114448051948 0.3819054878048781 0.00294237012987013 0.009542682926829268
1 0.6814478490259741 0.38289024390243903 0.0033177759740259743 0.007853658536585366
1 0.6566213474025974 0.3876966463414634 0.0027719155844155843 0.0077103658536585365
1 0.39094358766233767 0.3879771341463415 0.005101461038961039 0.004003048780487805
0 0.5244287743506494 0.40374542682926834 0.0034030032467532467 0.008710365853658537
0 0.5147534496753247 0.4067378048780487 0.002721185064935065 0.008597560975609755
0 0.5391122159090909 0.4124969512195122 0.014912743506493506 0.021335365853658538
1 0.7610957792207792 0.41465853658536583 0.002305194805194805 0.007975609756097561
0 0.7586394074675324 0.4250167682926829 0.0034801136363636362 0.009789634146341463
0 0.5366903409090908 0.4442317073170731 0.014533279220779221 0.020780487804878046
0 0.6051846590909091 0.44757164634146346 0.002982954545454545 0.008557926829268293
0 0.5942278814935065 0.44776219512195126 0.003390827922077922 0.009548780487804878
0 0.6211109983766234 0.44783841463414636 0.0023681006493506494 0.008481707317073171
0 0.6013291396103896 0.44802896341463416 0.003388798701298701 0.009472560975609756
0 0.6174594155844156 0.44821951219512196 0.003181818181818182 0.010463414634146342
1 0.6400872564935065 0.44831097560975613 0.0025771103896103896 0.009426829268292683
0 0.6321428571428571 0.44814329268292685 0.0033279220779220777 0.009091463414634146
1 0.5665340909090909 0.44837195121951223 0.002792207792207792 0.007719512195121951
1 0.5692725243506493 0.44856250000000003 0.0021814123376623375 0.008710365853658537
0 0.5763484172077922 0.44844817073170734 0.0033461850649350645 0.009701219512195122
1 0.6273498376623377 0.44871493902439025 0.0034821428571428573 0.009015243902439024
1 0.6364042207792208 0.44871493902439025 0.0037337662337662333 0.009015243902439024
0 0.5531178977272727 0.4488673780487805 0.003557224025974026 0.009320121951219512
1 0.5633887987012988 0.44882926829268294 0.002589285714285714 0.008634146341463415
0 0.5807355925324675 0.44901981707317074 0.00278612012987013 0.009625
0 0.590804586038961 0.4489817073170732 0.0030377435064935067 0.008939024390243902
0 0.5491862824675324 0.4489435975609756 0.0025933441558441558 0.008253048780487805
0 0.5721387987012987 0.4489435975609756 0.002232142857142857 0.008253048780487805
2 0.7565827922077922 0.4521432926829268 0.003831168831168831 0.012213414634146342
2 0.43053774350649354 0.4543033536585366 0.010020292207792209 0.006777439024390244
0 0.4645687905844156 0.45663871951219515 0.0025953733766233764 0.009009146341463416
0 0.4580377435064935 0.4568094512195122 0.002114448051948052 0.0069115853658536595
0 0.451989650974026 0.45694359756097563 0.003005275974025974 0.00839939024390244
0 0.44540787337662335 0.4570762195121951 0.0020170454545454545 0.008054878048780488
0 0.46770089285714284 0.4570960365853659 0.0027719155844155843 0.008704268292682928
0 0.44860389610389606 0.4572286585365854 0.003538961038961039 0.008359756097560976
0 0.4612713068181818 0.4572286585365854 0.0033056006493506493 0.008359756097560976
0 0.45495637175324677 0.4572667682926829 0.002445211038961039 0.007826219512195122
1 0.3990969967532468 0.4582545731707317 0.005580357142857143 0.004923780487804877
0 0.44066964285714283 0.46253810975609755 0.005527597402597402 0.01836890243902439
0 0.7559517045454546 0.4636661585365854 0.005004058441558441 0.004771341463414634
0 0.463846387987013 0.46609146341463414 0.0019622564935064934 0.006573170731707317
1 0.466255073051948 0.46592073170731707 0.0023153409090909093 0.006231707317073171
1 0.46872767857142855 0.46639634146341463 0.001984577922077922 0.007182926829268292
1 0.4462702922077922 0.4664923780487805 0.002930194805194805 0.009204268292682928
1 0.4542725243506494 0.46628353658536587 0.0022950487012987015 0.008176829268292683
1 0.4614742288961039 0.4664344512195122 0.0024939123376623374 0.006649390243902439
1 0.4516974431818182 0.46653048780487805 0.0024208603896103895 0.008670731707317074
1 0.4588372564935065 0.4665106707317073 0.0024959415584415584 0.006801829268292683
1 0.44916193181818176 0.46677896341463415 0.002625811688311688 0.007948170731707317
1 0.45656757305194806 0.4668734756097561 0.002015016233766234 0.006917682926829268
2 0.5238758116883117 0.46805640243902435 0.0039204545454545455 0.013551829268292685
1 0.6623285308441559 0.47009603658536586 0.0036343344155844158 0.008484756097560974
0 0.3987094155844156 0.4701493902439024 0.004805194805194805 0.004932926829268293
1 0.7056594967532467 0.4706539634146341 0.0026339285714285714 0.008990853658536585
1 0.708627232142857 0.4711707317073171 0.0020758928571428573 0.008195121951219513
0 0.7561810064935065 0.4757530487804878 0.009521103896103897 0.013091463414634146
2 0.7471540178571429 0.4795746951219513 0.004859983766233766 0.013417682926829268
1 0.5980702110389611 0.47984756097560977 0.004987824675324675 0.0035975609756097563
1 0.6424289772727273 0.4799359756097561 0.004419642857142857 0.0031646341463414636
1 0.5649198457792208 0.4800076219512195 0.005651379870129871 0.002698170731707317
1 0.6229423701298702 0.48027896341463416 0.005219155844155844 0.0038506097560975614
1 0.6283005275974026 0.4803490853658537 0.004977678571428571 0.0033810975609756097
1 0.5813747970779221 0.4802073170731707 0.004876217532467532 0.003707317073170732
1 0.6372930194805194 0.48027743902439024 0.006728896103896103 0.0032378048780487803
1 0.5709689529220779 0.48034756097560977 0.005168425324675325 0.002768292682926829
1 0.548174715909091 0.48058079268292686 0.0054403409090909086 0.0026249999999999997
1 0.5597717126623376 0.480422256097561 0.004283685064935065 0.003527439024390244
1 0.5758593750000001 0.4807088414634146 0.004397321428571429 0.003490853658536585
0 0.4351907467532467 0.48205792682926835 0.004310064935064935 0.0019207317073170731
0 0.43560775162337667 0.48576067073170737 0.004332386363636364 0.0032286585365853657
0 0.5114163961038961 0.4866692073170732 0.001728896103896104 0.007484756097560976
1 0.421479301948052 0.4881646341463415 0.002861201298701299 0.008036585365853659
0 0.4360896915584416 0.48950914634146336 0.004890422077922078 0.0034085365853658537
2 0.4741599025974026 0.49082012195121955 0.008790584415584416 0.006030487804878049
0 0.43549310064935065 0.49326219512195124 0.004914772727272727 0.004207317073170732
1 0.7193060064935064 0.4950731707317073 0.005576298701298702 0.002951219512195122
0 0.4356381899350649 0.49582774390243906 0.005204951298701298 0.004460365853658537
1 0.7187763798701299 0.49900457317073166 0.004111201298701299 0.003496951219512195
1 0.4357203733766234 0.5030701219512195 0.004963474025974026 0.004310975609756098
0 0.7191122159090909 0.5035685975609756 0.004782873376623377 0.004088414634146342
2 0.5900750811688311 0.5070182926829269 0.008478084415584416 0.006109756097560975
0 0.4677739448051948 0.5070335365853659 0.005353084415584415 0.0030914634146341465
0 0.436044034090909 0.507359756097561 0.005204951298701298 0.0025243902439024387
0 0.7191010551948052 0.5078155487804878 0.004760551948051949 0.0034359756097560976
1 0.5785866477272728 0.5077682926829268 0.002546672077922078 0.006390243902439025
0 0.5839711850649351 0.5080228658536585 0.003169642857142857 0.007509146341463414
0 0.5811525974025974 0.5083231707317073 0.0024025974025974027 0.006280487804878049
0 0.7620484983766234 0.5090960365853658 0.006645698051948052 0.012704268292682928
1 0.43578429383116885 0.5107210365853658 0.0038737824675324677 0.0037591463414634145
1 0.7191122159090909 0.5114817073170732 0.004782873376623377 0.004060975609756098
1 0.5665340909090909 0.5144466463414634 0.0019805194805194806 0.007551829268292683
1 0.4058258928571429 0.514640243902439 0.005239448051948052 0.003670731707317073
0 0.5749533279220779 0.5147896341463415 0.002585227272727273 0.008847560975609755
0 0.4353662743506494 0.5149161585365853 0.003849431818181818 0.0036128048780487802
1 0.4648812905844156 0.5147423780487805 0.002408685064935065 0.007533536585365854
1 0.4675700081168831 0.5149329268292683 0.002510146103896104 0.00852439024390244
0 0.5693232548701299 0.5151707317073171 0.0026887175324675325 0.007780487804878049
1 0.45980925324675326 0.5148948170731708 0.002410714285714286 0.007838414634146341
1 0.572164163961039 0.5152850609756098 0.0022828733766233765 0.007399390243902439
1 0.4514904626623377 0.5152759146341463 0.0020068993506493506 0.006771341463414634
1 0.4470018262987013 0.5154283536585366 0.0023640422077922077 0.007076219512195122
1 0.4442887581168831 0.5155426829268293 0.002619724025974026 0.007304878048780488
1 0.4544074675324676 0.5156189024390244 0.002970779220779221 0.008067073170731708
1 0.4570698051948052 0.5156189024390244 0.0030194805194805195 0.008067073170731708
1 0.46239650974025975 0.5155807926829268 0.002309253246753247 0.00738109756097561
1 0.4387094155844156 0.5156951219512195 0.002824675324675325 0.007609756097560976
1 0.44946225649350646 0.5157332317073171 0.0020089285714285717 0.0076859756097560974
1 0.4416507711038961 0.5158094512195122 0.002619724025974026 0.007228658536585366
1 0.7189082792207793 0.5159984756097561 0.0043749999999999995 0.003948170731707317
0 0.5900852272727273 0.5167179878048781 0.007686688311688312 0.010875000000000001
0 0.7191010551948052 0.5198689024390244 0.004760551948051949 0.0031524390243902437
0 0.5814559659090909 0.5208109756097561 0.00747362012987013 0.011743902439024392
1 0.5706503652597402 0.5235396341463415 0.0025020292207792207 0.007445121951219513
0 0.43495535714285716 0.5240426829268292 0.003433441558441559 0.00845121951219512
0 0.44801643668831165 0.5243094512195121 0.0023640422077922077 0.007765243902439024
0 0.4573498376623377 0.5242713414634146 0.002767857142857143 0.007079268292682926
0 0.46478084415584414 0.5242713414634146 0.002207792207792208 0.007079268292682926
0 0.7190645292207792 0.5240838414634146 0.004687500000000001 0.003655487804878049
0 0.4510856331168831 0.5246143292682927 0.003226461038961039 0.008375
0 0.46018973214285713 0.5245762195121951 0.0023599837662337665 0.007689024390243902
0 0.4446946022727273 0.5247667682926829 0.002619724025974026 0.008679878048780487
0 0.4624979707792208 0.5247286585365853 0.002512175324675325 0.00799390243902439
0 0.4385318587662338 0.5248810975609756 0.0028754058441558443 0.008298780487804878
0 0.4419551542207792 0.5248810975609756 0.0032284902597402598 0.008298780487804878
0 0.45415381493506496 0.5248810975609756 0.0036810064935064936 0.008298780487804878
0 0.4670119724025974 0.5248810975609756 0.0026116071428571425 0.008298780487804878
2 0.5741751217532467 0.5258140243902439 0.003869724025974026 0.011384146341463416
1 0.7190381493506494 0.527952743902439 0.003823051948051948 0.0028567073170731707
0 0.5898498376623377 0.528015243902439 0.008839285714285714 0.0048109756097560975
0 0.754231939935065 0.5293704268292683 0.00562297077922078 0.004472560975609756
1 0.7192897727272727 0.5318109756097561 0.0043262987012987015 0.0038658536585365853
1 0.5925284090909091 0.5341173780487805 0.005267857142857143 0.003600609756097561
0 0.579752435064935 0.5343231707317073 0.004878246753246753 0.002792682926829268
0 0.5855194805194806 0.5346128048780487 0.005048701298701298 0.003371951219512195
0 0.7190300324675325 0.5352225609756097 0.00502435064935065 0.003371951219512195
2 0.7543486201298701 0.5363658536585366 0.008291396103896103 0.005048780487804877
0 0.719099025974026 0.5397637195121952 0.0043506493506493505 0.003917682926829268
1 0.6107741477272727 0.5430853658536585 0.004421672077922077 0.0032439024390243905
1 0.7513910308441558 0.5436128048780487 0.00562297077922078 0.0036890243902439022
1 0.7192704951298702 0.5437621951219512 0.005505275974025974 0.003378048780487805
0 0.7454149756493507 0.5438917682926829 0.0046286525974025975 0.003027439024390244
0 0.39696834415584414 0.5454634146341463 0.001728896103896104 0.006780487804878049
1 0.6109182224025974 0.5470731707317074 0.004709821428571429 0.0032926829268292686
1 0.718887987012987 0.5478536585365854 0.005551948051948052 0.003634146341463415
0 0.751286525974026 0.5481829268292683 0.005008116883116883 0.003073170731707317
1 0.7450842126623377 0.5483597560975609 0.005184659090909091 0.003426829268292683
1 0.4184202516233766 0.5487073170731708 0.005671672077922078 0.004121951219512195
1 0.6111911525974025 0.5503719512195122 0.004443993506493506 0.0031829268292682925
2 0.6022899756493506 0.5507698170731707 0.008557224025974027 0.005198170731707317
0 0.719208603896104 0.5514740853658536 0.00497564935064935 0.002948170731707317
0 0.48945312500000004 0.5534832317073171 0.0056919642857142854 0.0033079268292682926
0 0.6107203733766234 0.55475 0.006343344155844156 0.004621951219512195
0 0.7186962256493507 0.5564268292682927 0.005168425324675325 0.0030975609756097562
0 0.5994429788961039 0.5582439024390243 0.0028632305194805194 0.008560975609756096
0 0.6054586038961038 0.5582271341463414 0.003125 0.008527439024390243
1 0.6026390016233766 0.5581768292682927 0.0023559253246753244 0.009646341463414634
2 0.7513433441558441 0.5591676829268293 0.004310064935064935 0.012847560975609757
2 0.746875 0.5590823170731707 0.00349025974025974 0.011457317073170731
0 0.5659090909090909 0.559547256097561 0.005194805194805195 0.0038506097560975614
1 0.7188534902597403 0.559765243902439 0.005888798701298701 0.003676829268292683
0 0.4231229707792208 0.5605701219512196 0.0024959415584415584 0.007115853658536586
1 0.7191020698051949 0.5642911585365854 0.005168425324675325 0.003582317073170732
1 0.6059659090909091 0.5653704268292683 0.004951298701298701 0.004521341463414634
0 0.6008685064935064 0.5661006097560976 0.004496753246753247 0.0029329268292682923
0 0.7191122159090909 0.5683536585365854 0.004782873376623377 0.0031707317073170734
0 0.7190381493506494 0.5727164634146341 0.003823051948051948 0.003969512195121951
0 0.5994013798701299 0.5738384146341463 0.008056006493506494 0.012310975609756098
0 0.3833512581168831 0.5761051829268292 0.0053388798701298696 0.004649390243902439
1 0.7194338474025974 0.5768216463414634 0.004614448051948052 0.0030335365853658533
0 0.4232203733766234 0.5768612804878048 0.002690746753246753 0.00738109756097561
1 0.7194226866883117 0.5804100609756098 0.004592126623376623 0.003503048780487805
0 0.48845170454545456 0.5836951219512195 0.0061241883116883115 0.003975609756097561
0 0.7192897727272727 0.5846859756097561 0.0043262987012987015 0.003518292682926829
0 0.7191822240259741 0.5884344512195122 0.004111201298701299 0.0030884146341463416
1 0.7195302353896104 0.5923475609756098 0.0048072240259740264 0.0035975609756097563
0 0.42317167207792206 0.5924695121951219 0.0025933441558441558 0.007500000000000001
0 0.3835176542207792 0.5932881097560976 0.005265827922077922 0.004259146341463415
1 0.5256016639610389 0.5963018292682927 0.0029078733766233766 0.007847560975609756
1 0.7195048701298701 0.5968978658536586 0.0043506493506493505 0.003551829268292683
0 0.3855641233766234 0.6129969512195123 0.0024594155844155845 0.007701219512195123
0 0.416369724025974 0.6216448170731707 0.004411525974025974 0.0030457317073170733
1 0.4029931006493507 0.6248048780487805 0.002414772727272727 0.008146341463414634
1 0.4004971590909091 0.6251463414634146 0.002293019480519481 0.008219512195121952
0 0.3967116477272727 0.6254603658536586 0.0024330357142857144 0.007018292682926829
1 0.3876176948051948 0.625842987804878 0.002508116883116883 0.007783536585365854
1 0.41073863636363633 0.6258018292682928 0.002077922077922078 0.009530487804878049
1 0.4055945616883117 0.6260381097560976 0.002341720779220779 0.007564024390243902
1 0.3903520698051948 0.6259695121951219 0.0027008928571428574 0.008036585365853659
1 0.39301440746753247 0.6261158536585365 0.002749594155844156 0.008329268292682927
2 0.7357102272727273 0.6267911585365854 0.004699675324675324 0.011509146341463414
0 0.7369003652597403 0.6380274390243903 0.0026156655844155846 0.0077621951219512195
1 0.7344693587662338 0.6389192073170732 0.0030296266233766234 0.007716463414634146
1 0.7339508928571429 0.6389923780487805 0.002398538961038961 0.007253048780487804
2 0.7357254464285715 0.649342987804878 0.0035125811688311685 0.01210060975609756
0 0.3779038149350649 0.6578643292682927 0.017982954545454545 0.024265243902439025
0 0.42568486201298705 0.6589710365853659 0.01817167207792208 0.03013719512195122
2 0.40231939935064936 0.6590518292682928 0.025418019480519482 0.026030487804878048
0 0.7369490665584415 0.6618231707317074 0.0027130681818181815 0.006573170731707317
1 0.7343090503246754 0.6619192073170731 0.0023031655844155843 0.0073750000000000005
0 0.7500608766233766 0.6720960365853659 0.005397727272727273 0.0033384146341463414
2 0.7585511363636364 0.6725381097560976 0.007767857142857143 0.004832317073170732
2 0.7416599025974027 0.6726341463414633 0.008887987012987012 0.0056341463414634144
1 0.4462418831168831 0.6827545731707317 0.0028733766233766233 0.008801829268292684
1 0.6978622159090909 0.6841509146341463 0.00489650974025974 0.004277439024390243
0 0.662559862012987 0.6858993902439025 0.006937905844155844 0.015091463414634146
0 0.6705955762987014 0.6867286585365853 0.008804788961038961 0.01796951219512195
0 0.44340503246753243 0.6882347560975609 0.003287337662337662 0.007567073170731707
1 0.6982132711038961 0.6885548780487805 0.00559862012987013 0.0033292682926829268
1 0.44087053571428575 0.6888628048780487 0.0026826298701298702 0.0076036585365853665
0 0.4380783279220779 0.6890121951219512 0.0027800324675324676 0.00851219512195122
1 0.68171875 0.6910060975609756 0.0022362012987012987 0.00701219512195122
0 0.6849381087662337 0.6917560975609757 0.0017755681818181818 0.006682926829268293
0 0.7215462662337663 0.6918064024390244 0.002345779220779221 0.006173780487804878
0 0.6928084415584416 0.691907012195122 0.0025 0.007594512195121951
0 0.6900344967532467 0.6918841463414634 0.0018222402597402598 0.0069390243902439025
1 0.6870880681818181 0.6920990853658536 0.0020170454545454545 0.009198170731707318
0 0.725661525974026 0.6926036585365853 0.0020535714285714285 0.007158536585365854
0 0.7185663555194804 0.6926768292682927 0.0028794642857142855 0.007304878048780488
1 0.7110054788961039 0.6932134146341463 0.0019622564935064934 0.009597560975609756
0 0.43494115259740257 0.7063170731707317 0.01679788961038961 0.026048780487804877
1 0.4489711850649351 0.15067225609756096 0.0058969155844155845 0.0037835365853658535
1 0.47916700487012986 0.15403810975609755 0.005006087662337662 0.0031981707317073173
1 0.3983015422077922 0.1562591463414634 0.0027719155844155843 0.00825
0 0.3956310876623377 0.15652439024390244 0.0023011363636363637 0.008170731707317073
1 0.4795332792207792 0.16160060975609755 0.005332792207792208 0.0036890243902439022
1 0.47965300324675325 0.16653658536585367 0.00557224025974026 0.0031951219512195124
1 0.4592207792207792 0.17003810975609757 0.002451298701298701 0.008978658536585365
1 0.44447341720779215 0.17014176829268293 0.0017715097402597403 0.008576219512195121
1 0.44950689935064936 0.17021798780487807 0.0020982142857142857 0.009338414634146341
0 0.45585836038961036 0.1703125 0.0022199675324675325 0.008307926829268293
1 0.4524117288961039 0.17067073170731706 0.0026318993506493507 0.00902439024390244
0 0.4475436282467532 0.17104268292682925 0.0026359577922077924 0.009158536585365853
0 0.3751958198051948 0.17722865853658534 0.010537743506493506 0.011774390243902439
0 0.39050629058441555 0.17766920731707317 0.007067775974025974 0.012045731707317072
1 0.6607883522727273 0.17865091463414634 0.002989042207792208 0.0073018292682926825
1 0.6802840909090909 0.17920121951219511 0.002207792207792208 0.007792682926829268
1 0.6657061688311688 0.17938109756097562 0.0022727272727272726 0.008152439024390244
1 0.675721387987013 0.17972408536585366 0.0024168019480519482 0.009448170731707317
1 0.6711241883116883 0.17981402439024388 0.002150974025974026 0.009628048780487805
1 0.6415411931818181 0.182515243902439 0.0026440746753246753 0.009542682926829268
1 0.6527648133116882 0.18316463414634146 0.0031757305194805197 0.010841463414634147
0 0.6140878652597402 0.18308689024390243 0.0033380681818181816 0.008246951219512196
0 0.6323812905844156 0.18356250000000002 0.0025872564935064935 0.007978658536585366
0 0.6189549512987013 0.18372408536585366 0.002114448051948052 0.007082317073170732
0 0.6073701298701298 0.18382774390243903 0.002077922077922078 0.006679878048780488
1 0.600551948051948 0.18389786585365853 0.00224025974025974 0.00864939024390244
1 0.6459730113636364 0.1840015243902439 0.0029849837662337666 0.008246951219512196
0 0.6279423701298701 0.1840060975609756 0.002232142857142857 0.007036585365853658
1 0.534255275974026 0.18403810975609755 0.0023579545454545455 0.008929878048780487
1 0.6043080357142857 0.18416615853658538 0.00244724025974026 0.009185975609756097
1 0.5203916396103896 0.1843094512195122 0.0030397727272727273 0.010082317073170732
1 0.5250355113636364 0.1843094512195122 0.0029931006493506495 0.010082317073170732
1 0.5692217938311688 0.18447865853658538 0.003297483766233766 0.009810975609756098
1 0.5276948051948052 0.1843094512195122 0.00262987012987013 0.007643292682926829
1 0.5648478084415585 0.18446951219512192 0.0034780844155844156 0.009182926829268292
0 0.6233756087662338 0.1844542682926829 0.003244724025974026 0.007932926829268293
1 0.5374563717532468 0.1844451219512195 0.0022666396103896104 0.00852439024390244
0 0.5522270698051948 0.18466310975609757 0.0025872564935064935 0.008960365853658538
1 0.5415878652597403 0.18466768292682928 0.0024127435064935066 0.007750000000000001
1 0.5454190340909091 0.1847515243902439 0.0027698863636363637 0.009137195121951219
1 0.5058959009740259 0.18458079268292682 0.0028632305194805194 0.008795731707317074
1 0.5152059659090908 0.18502134146341465 0.0028145292207792205 0.007847560975609756
1 0.5305133928571428 0.18485213414634147 0.002585227272727273 0.009338414634146341
1 0.4942116477272727 0.18482012195121952 0.0034395292207792206 0.00927439024390244
1 0.5603043831168831 0.18482012195121952 0.002913961038961039 0.00927439024390244
1 0.49703125 0.18502591463414633 0.0029910714285714284 0.008466463414634147
0 0.5556270292207792 0.18512957317073173 0.0020819805194805196 0.008064024390243903
2 0.38370637175324673 0.18536890243902437 0.0044257305194805195 0.012201219512195122
0 0.54791700487013 0.18519664634146343 0.00208400974025974 0.008198170731707317
1 0.723648538961039 0.18622408536585366 0.0024918831168831168 0.008423780487804879
1 0.7135541801948052 0.18621036585365852 0.0030012175324675323 0.009006097560975609
1 0.6708674918831169 0.18775152439024392 0.0024492694805194806 0.007820121951219512
1 0.6802303165584416 0.18776829268292683 0.0025060876623376623 0.009073170731707318
1 0.6608512581168832 0.18794207317073172 0.0023031655844155843 0.008201219512195122
1 0.6657203733766234 0.18832012195121953 0.0023011363636363637 0.007128048780487804
1 0.675721387987013 0.1882484756097561 0.0024168019480519482 0.007594512195121951
0 0.3781229707792208 0.1901448170731707 0.0029991883116883117 0.007728658536585367
0 0.4646956168831169 0.19176371951219512 0.002849025974025974 0.007917682926829268
0 0.7601816152597403 0.2003993902439024 0.004535308441558442 0.003847560975609756
1 0.4672321428571429 0.2053841463414634 0.00224025974025974 0.008329268292682927
0 0.3847504058441558 0.20533993902439024 0.015442370129870129 0.02165548780487805
1 0.4592755681818182 0.20546493902439023 0.0021550324675324675 0.00788109756097561
1 0.4647027191558441 0.2055746951219512 0.0016456980519480519 0.0062713414634146345
0 0.4616507711038961 0.2055609756097561 0.0020353084415584413 0.006853658536585366
1 0.469935064935065 0.20571951219512194 0.002775974025974026 0.009
0 0.4292410714285715 0.21897408536585367 0.016761363636363637 0.022704268292682926
0 0.4472219967532467 0.21988871951219513 0.016603084415584415 0.026972560975609756
2 0.40758218344155844 0.22244512195121952 0.02701501623376623 0.020499999999999997
1 0.7026491477272727 0.22709451219512194 0.0035125811688311685 0.00845731707317073
1 0.6995413961038961 0.22786128048780488 0.002573051948051948 0.00938109756097561
0 0.4797230113636363 0.23842225609756096 0.0028713474025974027 0.009771341463414632
1 0.5020008116883117 0.24315548780487803 0.0023782467532467533 0.007652439024390245
0 0.4975040584415584 0.2433719512195122 0.003125 0.008085365853658537
0 0.39245941558441555 0.24389329268292684 0.013003246753246753 0.017054878048780486
0 0.42693689123376627 0.24435670731707318 0.017023133116883117 0.022859756097560975
1 0.3804403409090909 0.24548323170731706 0.003169642857142857 0.007429878048780488
1 0.3760846185064935 0.24577439024390244 0.0025750811688311686 0.00801219512195122
0 0.4446519886363636 0.24577896341463415 0.015115665584415584 0.023875
1 0.4572666396103896 0.24896341463414634 0.002601461038961039 0.00951219512195122
1 0.4604241071428571 0.2496859756097561 0.003234577922077922 0.00973780487804878
1 0.4812905844155845 0.2550731707317073 0.0031655844155844153 0.009536585365853658
1 0.4777607548701299 0.255125 0.0021935876623376625 0.00903048780487805
0 0.4746124188311688 0.25539481707317074 0.0027962662337662337 0.008960365853658538
1 0.4045140016233766 0.263467987804878 0.0022098214285714286 0.006814024390243903
1 0.4073934659090909 0.2639375 0.002286931818181818 0.007753048780487805
0 0.7603277191558442 0.2652515243902439 0.004827516233766233 0.004283536585365854
1 0.497224025974026 0.26726067073170734 0.0033766233766233766 0.00891158536585366
1 0.5004951298701299 0.26764176829268294 0.002613636363636364 0.008454268292682927
1 0.5069622564935065 0.26802286585365853 0.002560876623376623 0.00738719512195122
1 0.5038433441558442 0.2679481707317073 0.0032224025974025975 0.009067073170731707
2 0.4922778003246754 0.2736661585365854 0.004441964285714286 0.012576219512195123
0 0.5005204951298702 0.276219512195122 0.003070211038961039 0.007926829268292683
0 0.5072412743506494 0.2766387195121951 0.0027130681818181815 0.008155487804878049
0 0.49719866071428576 0.27660060975609757 0.0029200487012987016 0.007469512195121951
0 0.504122362012987 0.2767530487804878 0.00296875 0.007774390243902439
1 0.5140381493506493 0.27747713414634145 0.0021022727272727274 0.008003048780487805
1 0.5114762581168831 0.27751524390243903 0.0026603084415584414 0.009298780487804878
1 0.5317907873376624 0.2893338414634146 0.0031107954545454546 0.009765243902439024
0 0.5391710633116883 0.3029420731707317 0.0052901785714285715 0.004054878048780488
1 0.5471164772727273 0.3033109756097561 0.006570616883116884 0.004182926829268293
