2 0.5300480769230769 0.4266826923076923 0.021634615384615384 0.03125
2 0.5853365384615384 0.43028846153846156 0.09375 0.04807692307692308
2 0.37259615384615385 0.47115384615384615 0.0673076923076923 0.0625
2 0.5132211538461539 0.4831730769230769 0.021634615384615384 0.028846153846153848
2 0.6995192307692307 0.4891826923076923 0.028846153846153848 0.016826923076923076
2 0.375 0.5276442307692307 0.0673076923076923 0.06490384615384616
2 0.7403846153846154 0.5096153846153846 0.052884615384615384 0.08653846153846154
2 0.46634615384615385 0.5492788461538461 0.028846153846153848 0.016826923076923076
2 0.4699519230769231 0.609375 0.06490384615384616 0.10817307692307693
2 0.6983173076923077 0.6081730769230769 0.016826923076923076 0.019230769230769232
2 0.6790865384615384 0.6165865384615384 0.021634615384615384 0.026442307692307692
2 0.765625 0.6237980769230769 0.021634615384615384 0.026442307692307692
2 0.7091346153846154 0.6274038461538461 0.019230769230769232 0.02403846153846154
2 0.7487980769230769 0.6262019230769231 0.021634615384615384 0.026442307692307692
