1 0.6110815746753246 0.30526219512195124 0.0046306818181818185 0.013573170731707319
1 0.7762144886363637 0.3096920731707317 0.0037276785714285715 0.01023780487804878
1 0.7669034090909091 0.309827743902439 0.0037743506493506497 0.010509146341463414
1 0.780768060064935 0.3100990853658537 0.004312094155844156 0.010442073170731708
1 0.771750202922078 0.310234756097561 0.0037276785714285715 0.010713414634146342
1 0.4573143262987013 0.3663185975609756 0.07209618506493506 0.019222560975609756
1 0.40735085227272727 0.3669359756097561 0.0034192370129870133 0.010091463414634147
0 0.4033258928571428 0.3672515243902439 0.0055154220779220775 0.010722560975609757
1 0.41124289772727274 0.3675137195121951 0.003898133116883117 0.011246951219512195
2 0.35024655032467533 0.3806783536585366 0.006905438311688312 0.03208841463414634
0 0.3562155032467533 0.3819359756097561 0.005450487012987013 0.010823170731707316
0 0.4109902597402597 0.38210060975609755 0.005016233766233766 0.011152439024390243
1 0.40249999999999997 0.38323475609756097 0.004269480519480519 0.012810975609756099
1 0.4065868506493507 0.38348475609756094 0.003108766233766234 0.01148170731707317
1 0.5791061282467532 0.38437347560975604 0.0035856331168831173 0.011429878048780488
1 0.5532934253246753 0.3848125 0.003096590909090909 0.009259146341463414
1 0.5697950487012987 0.3850838414634146 0.003226461038961039 0.01163109756097561
1 0.5584111201298702 0.3850838414634146 0.003997564935064935 0.009801829268292683
1 0.5490107548701298 0.38521951219512196 0.0038656655844155844 0.010682926829268292
1 0.5655123782467532 0.38521951219512196 0.0035896915584415585 0.010682926829268292
1 0.5744622564935065 0.38521951219512196 0.003226461038961039 0.010682926829268292
1 0.58375 0.38535518292682924 0.003944805194805195 0.010954268292682926
1 0.5445464691558441 0.38549085365853664 0.003053977272727273 0.01000609756097561
0 0.4751968344155844 0.3858353658536585 0.00518262987012987 0.010085365853658537
0 0.49381797889610385 0.3861067073170732 0.004275568181818182 0.011847560975609756
0 0.4888808847402597 0.38617378048780493 0.004547483766233766 0.011371951219512195
0 0.4666304788961039 0.38651371951219515 0.004689529220779221 0.011442073170731707
0 0.47986302759740257 0.38651371951219515 0.004774756493506494 0.010832317073170733
0 0.4845971996753246 0.38664939024390244 0.0040969967532467535 0.011713414634146341
0 0.47129667207792214 0.3867850609756098 0.004281655844155845 0.011984756097560976
0 0.46216720779220777 0.3867850609756098 0.004285714285714286 0.011375000000000001
0 0.44392958603896104 0.3867835365853659 0.00393060064935065 0.010152439024390243
0 0.45761363636363633 0.38705487804878047 0.004512987012987013 0.011304878048780487
0 0.43946631493506494 0.38705487804878047 0.004744318181818182 0.010695121951219511
0 0.45305905032467536 0.38705487804878047 0.004332386363636364 0.010695121951219511
0 0.4485734577922078 0.38719054878048775 0.004289772727272727 0.011576219512195122
0 0.4348214285714286 0.38763109756097563 0.004383116883116884 0.010628048780487804
0 0.42578226461038965 0.3877667682926829 0.0037560876623376625 0.010899390243902438
0 0.43015523538961037 0.3879024390243902 0.003979301948051948 0.010560975609756098
1 0.5746418425324675 0.39850304878048776 0.003991477272727273 0.011640243902439024
1 0.5851247970779221 0.39850304878048776 0.0034476461038961035 0.011640243902439024
1 0.356328125 0.3994801829268293 0.004458198051948052 0.011765243902439026
1 0.6341599025974026 0.3992774390243903 0.00411525974025974 0.011359756097560975
1 0.5800071022727273 0.4008079268292683 0.004575892857142857 0.016859756097560973
1 0.7770038555194805 0.4046173780487805 0.003683035714285714 0.012283536585365854
1 0.6285014204545455 0.40571646341463413 0.004161931818181818 0.011432926829268292
1 0.5722524350649351 0.41290396341463415 0.004082792207792208 0.011173780487804878
1 0.6283218344155844 0.4173719512195122 0.003396915584415584 0.010353658536585366
1 0.5718019480519481 0.4279832317073171 0.003181818181818182 0.011454268292682927
1 0.5762875405844157 0.4281189024390244 0.003224431818181818 0.011115853658536585
1 0.5805712256493506 0.42852439024390243 0.0032690746753246754 0.008878048780487806
1 0.5880326704545454 0.43550609756097564 0.004393262987012986 0.011865853658536585
1 0.5729961444805195 0.4429268292682927 0.0035409902597402596 0.010853658536585367
1 0.5775507305194806 0.44346798780487806 0.004127435064935065 0.010106707317073171
1 0.6406300730519481 0.45671341463414633 0.004068587662337662 0.011597560975609756
1 0.6450030438311688 0.45671341463414633 0.0038859577922077918 0.011597560975609756
1 0.5765584415584416 0.4580060975609756 0.003766233766233766 0.011134146341463416
1 0.5717116477272727 0.45800457317073173 0.004218749999999999 0.010521341463414633
1 0.6927242288961039 0.4649862804878049 0.0035491071428571425 0.010460365853658537
1 0.6828723620129871 0.4653917682926829 0.003731737012987013 0.010661585365853658
1 0.6882599431818182 0.4653917682926829 0.0035491071428571425 0.010661585365853658
1 0.7046560470779221 0.4660685975609756 0.0034679383116883117 0.010185975609756096
1 0.7088494318181818 0.46637347560975606 0.003737824675324676 0.009576219512195122
1 0.700914163961039 0.46633993902439025 0.003695211038961039 0.010728658536585365
1 0.6970068993506493 0.466782012195122 0.003185876623376623 0.009783536585365855
1 0.676650771103896 0.4678993902439024 0.006710633116883117 0.005310975609756098
0 0.7922433035714286 0.46808384146341464 0.0037236201298701302 0.011777439024390244
1 0.7970271915584416 0.4682759146341463 0.0035511363636363635 0.012161585365853659
1 0.6012510146103897 0.47009146341463415 0.003638392857142857 0.010304878048780487
2 0.7327201704545454 0.47534908536585363 0.018605925324675324 0.014112804878048781
1 0.7135836038961039 0.4762576219512195 0.0038717532467532462 0.009832317073170732
1 0.6739306006493506 0.4763932926829268 0.003705357142857143 0.010713414634146342
1 0.6508624188311688 0.4803125 0.004241071428571428 0.010625
1 0.5154545454545454 0.48560670731707317 0.0041233766233766235 0.011457317073170731
1 0.5300629058441558 0.4869618902439024 0.004119318181818182 0.011728658536585366
1 0.6746519886363637 0.4877454268292683 0.00393060064935065 0.01085670731707317
1 0.7299056412337662 0.4880503048780488 0.004048295454545455 0.00963719512195122
1 0.48955255681818177 0.4882164634146341 0.00507913961038961 0.009969512195121951
0 0.7216943993506494 0.48829268292682926 0.004265422077922078 0.011341463414634148
1 0.5482102272727273 0.4891646341463415 0.003887987012987013 0.010646341463414635
1 0.5537560876623376 0.49025 0.0044277597402597405 0.011597560975609756
1 0.47196834415584416 0.4925868902439024 0.004407467532467532 0.011393292682926829
1 0.6497706980519481 0.4933094512195122 0.004086850649350649 0.009789634146341463
1 0.6397585227272727 0.4970228658536585 0.004354707792207793 0.010509146341463414
1 0.4618465909090909 0.4986189024390244 0.0036444805194805197 0.011871951219512195
1 0.4365655438311688 0.49885365853658536 0.003812905844155844 0.010512195121951218
1 0.45273944805194805 0.49889024390243897 0.003287337662337662 0.010585365853658536
1 0.43171875000000004 0.49898932926829265 0.004265422077922078 0.010783536585365853
1 0.4415706168831169 0.49912500000000004 0.004488636363636364 0.011664634146341463
1 0.4569318181818182 0.49916158536585364 0.003961038961038961 0.009908536585365854
1 0.42105620941558447 0.49953201219512194 0.0032325487012987014 0.011259146341463414
1 0.4252495941558442 0.49980335365853656 0.003502435064935065 0.011192073170731707
1 0.7917989042207793 0.5042149390243903 0.004864042207792208 0.011478658536585366
1 0.6659780844155845 0.504530487804878 0.0032224025974025975 0.009670731707317073
1 0.7878196022727273 0.5046371951219513 0.003804788961038961 0.009884146341463415
1 0.6704880275974026 0.5049283536585366 0.003313717532467532 0.010466463414634145
0 0.6750142045454545 0.5048109756097561 0.003843344155844156 0.010231707317073171
1 0.644393262987013 0.5093155487804878 0.004695616883116883 0.009484756097560975
1 0.6399928977272727 0.5092225609756098 0.0036059253246753247 0.011128048780487804
1 0.7065564123376623 0.5173856707317074 0.0036160714285714286 0.009771341463414632
1 0.7202901785714286 0.5175731707317074 0.0034862012987012985 0.010146341463414634
1 0.7304342532467533 0.5175975609756097 0.004699675324675324 0.012024390243902438
1 0.7246753246753246 0.5176676829268293 0.0033279220779220777 0.009725609756097561
1 0.7154677353896104 0.5175731707317074 0.0031757305194805197 0.01075609756097561
1 0.6977303165584415 0.5177057926829268 0.0038210227272727267 0.009801829268292683
1 0.6888037743506494 0.5178932926829268 0.0034192370129870133 0.010176829268292683
1 0.6795951704545454 0.5179878048780487 0.0036708603896103897 0.010365853658536586
1 0.6933289366883116 0.5181753048780487 0.0031351461038961036 0.009521341463414634
1 0.6429109172077921 0.5185350609756098 0.007818587662337662 0.00536280487804878
1 0.6840432224025974 0.5186448170731707 0.0032325487012987014 0.009240853658536585
2 0.3645535714285714 0.5437881097560976 0.004675324675324675 0.0180640243902439
2 0.35278510551948056 0.5440259146341463 0.005083198051948052 0.02036890243902439
2 0.35853388798701297 0.5441615853658537 0.004811282467532468 0.02003048780487805
0 0.3720342938311688 0.5583414634146341 0.0038088474025974027 0.010585365853658536
0 0.468479099025974 0.5673262195121951 0.004328327922077922 0.010871951219512194
1 0.39990665584415586 0.5688429878048781 0.0035470779220779223 0.011466463414634146
1 0.39113737824675326 0.5688429878048781 0.0038656655844155844 0.01085670731707317
1 0.3695403814935065 0.572905487804878 0.0036911525974025975 0.009835365853658537
1 0.3742999188311688 0.5728521341463414 0.004281655844155845 0.01155792682926829
1 0.4002668425324675 0.5818551829268293 0.0030499188311688312 0.010661585365853658
1 0.3958035714285714 0.5819908536585366 0.003457792207792208 0.010323170731707318
1 0.3913169642857143 0.5821265243902439 0.0038189935064935066 0.011204268292682926
1 0.37974736201298703 0.583719512195122 0.0034070616883116883 0.010121951219512195
1 0.3914072646103896 0.5947317073170731 0.00359375 0.011414634146341463
1 0.6417674512987013 0.6137789634146341 0.003908279220779221 0.011704268292682927
1 0.6175679788961039 0.6357179878048781 0.004210633116883117 0.01289939024390244
1 0.606612215909091 0.6356493902439024 0.004214691558441558 0.012152439024390244
1 0.6014265422077922 0.6361234756097561 0.003989448051948052 0.01310060975609756
1 0.5958583603896104 0.6366661585365854 0.004622564935064935 0.012966463414634147
1 0.623023538961039 0.6366661585365854 0.004163961038961039 0.009917682926829268
1 0.6122696834415584 0.6368689024390244 0.00416599025974026 0.013371951219512195
1 0.5429149756493507 0.6370594512195121 0.004255275974025974 0.012533536585365853
1 0.5854099025974027 0.6371935975609756 0.004017857142857143 0.012192073170731708
1 0.5801116071428571 0.6374649390243903 0.0035673701298701297 0.011515243902439026
1 0.5577719155844155 0.6376006097560976 0.0035308441558441557 0.011786585365853657
1 0.5486637581168832 0.6380076219512195 0.004795048701298701 0.01260060975609756
0 0.5020596590909091 0.638685975609756 0.003713474025974026 0.010298780487804879
1 0.5067035308441559 0.638685975609756 0.004072646103896104 0.009689024390243902
1 0.5114377029220779 0.6388216463414634 0.004206574675324676 0.009960365853658537
1 0.5167349837662337 0.6389573170731708 0.0042491883116883115 0.010841463414634147
1 0.6412002840909091 0.652983231707317 0.003179788961038961 0.010234756097560976
1 0.3901034902597403 0.6895198170731708 0.0038271103896103894 0.01013719512195122
0 0.4917573051948052 0.6936478658536586 0.004212662337662338 0.011076219512195121
1 0.6161992694805195 0.6993048780487804 0.003908279220779221 0.01019512195121951
2 0.7156686282467533 0.7061128048780488 0.02265219155844156 0.019542682926829265
1 0.7732700892857143 0.7066310975609756 0.00473823051948052 0.010823170731707316
1 0.7689265422077922 0.7077210365853658 0.0037621753246753244 0.011783536585365854
1 0.7364021915584416 0.7079725609756098 0.004460227272727273 0.011067073170731707
1 0.7646205357142858 0.7083414634146342 0.004078733766233767 0.012414634146341462
1 0.7408299512987013 0.7086676829268292 0.0035754870129870134 0.01001829268292683
1 0.7453875811688312 0.7087073170731707 0.005385551948051948 0.013146341463414634
1 0.6904707792207792 0.7092774390243902 0.004318181818181818 0.01123780487804878
1 0.6552404626623377 0.7132896341463415 0.004474431818181818 0.013164634146341463
1 0.6552221996753247 0.7260396341463414 0.0036262175324675325 0.010615853658536586
1 0.7882366071428571 0.7272012195121951 0.004232954545454545 0.011109756097560975
1 0.793612012987013 0.7277012195121951 0.004837662337662338 0.0115
0 0.7833674918831168 0.7288826219512196 0.004234983766233767 0.010204268292682927
1 0.5651836444805195 0.7412713414634146 0.005367288961038961 0.013640243902439024
1 0.5488403003246753 0.7419695121951219 0.004336444805194805 0.013207317073170731
1 0.4532913961038961 0.7550198170731708 0.004391233766233766 0.01186890243902439
1 0.438143262987013 0.7550198170731708 0.004127435064935065 0.011259146341463414
1 0.4600324675324675 0.7550198170731708 0.0036688311688311687 0.011259146341463414
1 0.4330478896103896 0.755155487804878 0.004488636363636364 0.011530487804878049
1 0.44682224025974027 0.755155487804878 0.004034090909090909 0.010920731707317072
1 0.3526308847402598 0.7559405487804879 0.003557224025974026 0.01188109756097561
1 0.7877982954545455 0.7676615853658536 0.004979707792207792 0.013371951219512195
1 0.7828155438311689 0.7680045731707317 0.005971996753246753 0.011009146341463414
1 0.6398894074675324 0.7680914634146342 0.003398944805194805 0.010573170731707318
1 0.7929281655844156 0.7682560975609757 0.004687500000000001 0.01273170731707317
1 0.7710206980519481 0.21604725609756098 0.004703733766233766 0.010753048780487806
1 0.7558938717532467 0.21618292682926832 0.004076704545454546 0.011024390243902438
1 0.7949928977272727 0.25693292682926827 0.004352678571428572 0.010817073170731707
2 0.36160206980519477 0.25777743902439026 0.019876217532467533 0.009457317073170731
1 0.6193922483766233 0.2594420731707317 0.004206574675324676 0.010957317073170731
1 0.6146418425324676 0.26129725609756094 0.004446022727272727 0.009789634146341463
