2 0.7216923701298701 0.4861280487804878 0.007102272727272727 0.0375
0 0.617288961038961 0.48765243902439026 0.011363636363636364 0.020426829268292684
1 0.7338676948051948 0.531859756097561 0.009131493506493506 0.02774390243902439
0 0.7593344155844156 0.5332317073170731 0.033279220779220776 0.029878048780487804
0 0.6143465909090909 0.5504573170731707 0.00588474025974026 0.01920731707317073
1 0.606737012987013 0.563109756097561 0.009334415584415584 0.048170731707317074
2 0.48731737012987014 0.5667682926829268 0.013189935064935064 0.023170731707317073
0 0.5655438311688312 0.5708841463414634 0.023133116883116884 0.013109756097560975
1 0.6777597402597403 0.5766768292682927 0.024756493506493508 0.011280487804878048
2 0.7555803571428571 0.5814024390243903 0.03875811688311688 0.056707317073170734
0 0.6688311688311688 0.6100609756097561 0.012175324675324676 0.01097560975609756
2 0.48914366883116883 0.6150914634146342 0.01278409090909091 0.02530487804878049
1 0.637987012987013 0.6239329268292683 0.03449675324675325 0.0125
1 0.7568993506493507 0.6405487804878048 0.012175324675324676 0.04085365853658537
0 0.6045048701298701 0.6414634146341464 0.013798701298701298 0.0475609756097561
0 0.6751217532467533 0.6510670731707318 0.015422077922077922 0.05030487804878049
2 0.725270900974026 0.6608094512195122 0.04469764610389611 0.07283841463414634
2 0.49705762987012986 0.6684451219512195 0.014813311688311688 0.024085365853658537
0 0.601765422077922 0.6716463414634146 0.01359577922077922 0.009146341463414634
