1 0.4526176948051948 0.30609756097560975 0.002637987012987013 0.00853658536585366
1 0.447849025974026 0.30625 0.006493506493506494 0.009451219512195122
1 0.4554586038961039 0.30640243902439024 0.002232142857142857 0.009146341463414634
1 0.45819805194805197 0.3065548780487805 0.002840909090909091 0.008841463414634146
1 0.4128449675324675 0.3086890243902439 0.002637987012987013 0.008841463414634146
1 0.6254058441558441 0.31387195121951217 0.006493506493506494 0.004573170731707317
1 0.6364650974025974 0.31722560975609754 0.002232142857142857 0.009451219512195122
0 0.6500608766233766 0.3173780487804878 0.002637987012987013 0.009146341463414634
1 0.645799512987013 0.317530487804878 0.003043831168831169 0.009451219512195122
1 0.7064732142857143 0.31905487804878047 0.003043831168831169 0.009451219512195122
1 0.7012987012987013 0.31920731707317074 0.002840909090909091 0.00975609756097561
1 0.625101461038961 0.3202743902439024 0.006696428571428571 0.0039634146341463415
1 0.41243912337662336 0.3259146341463415 0.009537337662337662 0.003658536585365854
1 0.43455762987012986 0.3271341463414634 0.006290584415584416 0.00426829268292683
0 0.6362621753246753 0.32759146341463413 0.002232142857142857 0.008841463414634146
1 0.6392045454545454 0.32759146341463413 0.002840909090909091 0.008841463414634146
1 0.43922483766233766 0.32957317073170733 0.002637987012987013 0.00853658536585366
1 0.41233766233766234 0.3307926829268293 0.009334415584415584 0.00548780487804878
1 0.4346590909090909 0.3315548780487805 0.006087662337662338 0.0039634146341463415
1 0.7568993506493507 0.3359756097560976 0.002435064935064935 0.00975609756097561
1 0.674310064935065 0.3411585365853659 0.006493506493506494 0.003658536585365854
0 0.6443790584415584 0.34222560975609756 0.00588474025974026 0.004573170731707317
1 0.6740056818181818 0.34573170731707314 0.006290584415584416 0.003658536585365854
0 0.6686282467532467 0.34984756097560976 0.006087662337662338 0.0039634146341463415
2 0.7757711038961039 0.34984756097560976 0.0036525974025974025 0.011280487804878048
1 0.78125 0.35030487804878047 0.002435064935064935 0.00975609756097561
0 0.7245332792207793 0.35289634146341464 0.006290584415584416 0.0039634146341463415
1 0.7182426948051948 0.3559451219512195 0.002232142857142857 0.010060975609756098
1 0.7587256493506493 0.3583841463414634 0.002435064935064935 0.009451219512195122
0 0.674411525974026 0.36051829268292684 0.006290584415584416 0.003353658536585366
1 0.6742086038961039 0.3646341463414634 0.00588474025974026 0.003658536585365854
1 0.7615452516233766 0.3687560975609756 0.004015827922077922 0.010073170731707317
1 0.7586150568181818 0.37090548780487803 0.002619724025974026 0.008884146341463416
1 0.674512987012987 0.37164634146341463 0.005681818181818182 0.00426829268292683
2 0.5554991883116883 0.3803353658536585 0.002232142857142857 0.009451219512195122
2 0.5490056818181818 0.380640243902439 0.002637987012987013 0.009451219512195122
2 0.5517451298701299 0.3807926829268293 0.002435064935064935 0.009146341463414634
1 0.5604707792207793 0.3826219512195122 0.005681818181818182 0.003658536585365854
0 0.674310064935065 0.3878048780487805 0.005681818181818182 0.003658536585365854
2 0.5580357142857143 0.3960365853658537 0.002840909090909091 0.00853658536585366
2 0.5510349025974026 0.3961890243902439 0.002637987012987013 0.008231707317073171
0 0.5538758116883117 0.3961890243902439 0.002637987012987013 0.008231707317073171
2 0.562297077922078 0.40807926829268293 0.0036525974025974025 0.0125
0 0.6740056818181818 0.411890243902439 0.00588474025974026 0.00426829268292683
0 0.6740056818181818 0.4198170731707317 0.006290584415584416 0.00426829268292683
2 0.5505275974025974 0.4304878048780488 0.002435064935064935 0.009146341463414634
0 0.5533685064935064 0.4304878048780488 0.002840909090909091 0.00853658536585366
2 0.557224025974026 0.4304878048780488 0.002435064935064935 0.00853658536585366
1 0.6739042207792207 0.43567073170731707 0.006087662337662338 0.00426829268292683
1 0.6739042207792207 0.4405487804878049 0.006087662337662338 0.004878048780487805
0 0.6237824675324676 0.44192073170731705 0.002840909090909091 0.008841463414634146
1 0.6088676948051948 0.4420731707317073 0.002232142857142857 0.009146341463414634
1 0.612012987012987 0.4423780487804878 0.002840909090909091 0.00853658536585366
2 0.5506290584415584 0.44359756097560976 0.002637987012987013 0.009146341463414634
0 0.5537743506493507 0.44359756097560976 0.002435064935064935 0.00853658536585366
2 0.5579342532467533 0.44375 0.002637987012987013 0.008841463414634146
0 0.6735998376623377 0.4513719512195122 0.00588474025974026 0.004573170731707317
0 0.622260551948052 0.45198170731707316 0.003043831168831169 0.009451219512195122
1 0.7338676948051948 0.45746951219512194 0.003043831168831169 0.010060975609756098
2 0.6261160714285714 0.4582317073170732 0.0038555194805194805 0.012195121951219513
0 0.6295657467532467 0.45975609756097563 0.002637987012987013 0.00975609756097561
0 0.6325081168831169 0.45990853658536585 0.002435064935064935 0.009451219512195122
0 0.6357548701298701 0.46021341463414633 0.002029220779220779 0.008841463414634146
1 0.6389001623376623 0.4603658536585366 0.003043831168831169 0.00975609756097561
0 0.7704951298701299 0.4725609756097561 0.005681818181818182 0.00426829268292683
0 0.781452922077922 0.47530487804878047 0.006087662337662338 0.00426829268292683
1 0.6735998376623377 0.47560975609756095 0.006696428571428571 0.00426829268292683
0 0.7705965909090909 0.4798780487804878 0.005478896103896104 0.00426829268292683
1 0.6738027597402597 0.48064024390243903 0.006290584415584416 0.004573170731707317
1 0.8244724025974026 0.4873475609756098 0.002840909090909091 0.010060975609756098
1 0.6734983766233766 0.48826219512195124 0.006087662337662338 0.004573170731707317
1 0.46273234577922073 0.48935060975609757 0.0058218344155844155 0.003701219512195122
1 0.48163555194805197 0.4897865853658537 0.00588474025974026 0.00274390243902439
0 0.42243607954545453 0.49043902439024395 0.0023396915584415583 0.007097560975609756
0 0.4580965909090909 0.4923780487804878 0.002637987012987013 0.009146341463414634
1 0.48579545454545453 0.4923780487804878 0.002029220779220779 0.00853658536585366
0 0.43556412337662337 0.49229420731707313 0.003433441558441559 0.010807926829268294
0 0.47564935064935066 0.49314024390243905 0.005681818181818182 0.0039634146341463415
0 0.48163555194805197 0.49329268292682926 0.00588474025974026 0.003048780487804878
1 0.5111607142857143 0.49344512195121953 0.002435064935064935 0.008841463414634146
1 0.47564935064935066 0.4969512195121951 0.005681818181818182 0.003658536585365854
1 0.781452922077922 0.4971036585365854 0.006087662337662338 0.0039634146341463415
1 0.481838474025974 0.4972560975609756 0.00588474025974026 0.003658536585365854
1 0.7107609577922078 0.49915701219512193 0.0022849025974025976 0.008070121951219512
2 0.49198457792207795 0.499390243902439 0.005478896103896104 0.003048780487804878
1 0.6713676948051948 0.4995426829268293 0.003043831168831169 0.010060975609756098
1 0.6747159090909091 0.4995426829268293 0.002840909090909091 0.010060975609756098
2 0.5635866477272727 0.5005045731707317 0.036264204545454544 0.033326219512195124
1 0.43192471590909093 0.5009710365853658 0.007924107142857142 0.004381097560975609
1 0.46315746753246756 0.5018231707317073 0.005454545454545454 0.0036463414634146343
1 0.6480316558441559 0.5032012195121951 0.006290584415584416 0.004573170731707317
1 0.6480316558441559 0.5076219512195121 0.006290584415584416 0.00426829268292683
1 0.453125 0.510670731707317 0.004464285714285714 0.012804878048780487
1 0.6674502840909091 0.5106585365853659 0.0029200487012987016 0.009121951219512196
0 0.44835633116883117 0.5108231707317074 0.004261363636363636 0.011890243902439025
1 0.6417410714285714 0.5147865853658536 0.007102272727272727 0.0039634146341463415
1 0.510247564935065 0.5157012195121952 0.004261363636363636 0.013109756097560975
1 0.6200405844155844 0.5166859756097562 0.005909090909090909 0.0034939024390243903
1 0.5390817775974026 0.5175411585365854 0.009170048701298701 0.005204268292682927
1 0.6416396103896104 0.5196646341463415 0.007305194805194805 0.004573170731707317
1 0.6741710633116883 0.5211387195121951 0.0025629058441558445 0.009350609756097562
1 0.670924310064935 0.5213704268292683 0.0025629058441558445 0.009204268292682928
1 0.668010349025974 0.5216875 0.002822646103896104 0.009228658536585365
0 0.5390635146103896 0.5225015243902439 0.005886769480519481 0.004149390243902439
1 0.6417410714285714 0.524390243902439 0.007508116883116883 0.004878048780487805
1 0.6417410714285714 0.5294207317073171 0.007102272727272727 0.005182926829268293
1 0.43563108766233766 0.5306859756097562 0.003161525974025974 0.011371951219512195
0 0.43117187500000004 0.5306173780487805 0.003983360389610389 0.012454268292682927
1 0.43898031655844155 0.5307652439024391 0.002554788961038961 0.009091463414634146
1 0.6745383522727273 0.531015243902439 0.0024857954545454545 0.008371951219512196
1 0.41279829545454544 0.5314405487804879 0.004979707792207792 0.003125
1 0.41823559253246756 0.531422256097561 0.005302353896103896 0.0030884146341463416
1 0.6153612012987013 0.531859756097561 0.0034496753246753245 0.010060975609756098
1 0.4235592532467533 0.531890243902439 0.005803571428571429 0.0034146341463414634
1 0.40608360389610393 0.5321859756097561 0.0021022727272727274 0.007664634146341463
1 0.5009963474025974 0.5325289634146342 0.018632305194805195 0.04920426829268292
1 0.4084750405844156 0.5323368902439024 0.0024208603896103895 0.00735670731707317
1 0.6333198051948052 0.5367378048780488 0.005275974025974026 0.0039634146341463415
1 0.6395089285714286 0.5367378048780488 0.006290584415584416 0.0039634146341463415
1 0.645900974025974 0.5367378048780488 0.006087662337662338 0.003353658536585366
0 0.7696834415584416 0.5390243902439025 0.007305194805194805 0.003658536585365854
1 0.7803368506493507 0.5397865853658537 0.00588474025974026 0.004573170731707317
0 0.7334618506493507 0.5434451219512195 0.005073051948051948 0.004573170731707317
2 0.4519328327922078 0.5498628048780487 0.021154626623376624 0.05765243902439024
1 0.7802353896103896 0.5533536585365854 0.006493506493506494 0.00426829268292683
0 0.7804383116883117 0.558079268292683 0.006087662337662338 0.004573170731707317
1 0.7801339285714286 0.5628048780487804 0.006290584415584416 0.00426829268292683
1 0.48396915584415584 0.5663109756097561 0.004464285714285714 0.013109756097560975
1 0.4805194805194805 0.5676829268292682 0.002029220779220779 0.00975609756097561
2 0.7735836038961038 0.590094512195122 0.0069886363636363635 0.005189024390243903
0 0.7753652597402597 0.5967987804878049 0.006087662337662338 0.0039634146341463415
1 0.7751623376623377 0.6010670731707317 0.006493506493506494 0.004573170731707317
2 0.5789366883116883 0.6048780487804878 0.008116883116883116 0.006097560975609756
1 0.6201298701298701 0.6064024390243903 0.002435064935064935 0.009146341463414634
1 0.6228693181818182 0.6064024390243903 0.002637987012987013 0.00853658536585366
2 0.5914163961038961 0.6082317073170732 0.007913961038961038 0.006707317073170732
1 0.6712662337662337 0.6091463414634146 0.002029220779220779 0.00975609756097561
1 0.6686282467532467 0.6092987804878048 0.002029220779220779 0.009451219512195122
2 0.679586038961039 0.6096036585365854 0.007711038961038961 0.005182926829268293
1 0.5788352272727273 0.6112804878048781 0.009537337662337662 0.006097560975609756
1 0.5788352272727273 0.6114329268292683 0.009131493506493506 0.0064024390243902435
1 0.674512987012987 0.6167682926829269 0.002029220779220779 0.00853658536585366
1 0.6775568181818182 0.6169207317073171 0.002029220779220779 0.007621951219512195
1 0.622260551948052 0.6173780487804879 0.0038555194805194805 0.012804878048780487
0 0.6308847402597403 0.618140243902439 0.006087662337662338 0.0039634146341463415
1 0.515463676948052 0.6213384146341463 0.0021124188311688313 0.007920731707317073
1 0.5253064123376624 0.6217835365853659 0.00231737012987013 0.008201219512195122
0 0.6308847402597403 0.6217987804878049 0.005681818181818182 0.0039634146341463415
1 0.6164772727272727 0.6219512195121951 0.002029220779220779 0.009146341463414634
1 0.5284090909090909 0.6221036585365853 0.002840909090909091 0.008841463414634146
1 0.6191152597402597 0.6221036585365853 0.002029220779220779 0.009451219512195122
1 0.7254464285714286 0.6234756097560976 0.004058441558441558 0.013414634146341463
1 0.8037743506493507 0.6324695121951219 0.002435064935064935 0.008841463414634146
0 0.8061079545454546 0.6326219512195121 0.002232142857142857 0.00853658536585366
0 0.8014407467532467 0.6327743902439025 0.002232142857142857 0.008231707317073171
1 0.8086444805194806 0.6327743902439025 0.002435064935064935 0.008841463414634146
1 0.5322646103896104 0.6344512195121951 0.002840909090909091 0.009146341463414634
1 0.7504058441558441 0.6346036585365854 0.006493506493506494 0.0039634146341463415
1 0.6814123376623377 0.6365853658536585 0.006087662337662338 0.003658536585365854
2 0.6949066558441559 0.6365853658536585 0.00588474025974026 0.003658536585365854
0 0.7896712662337663 0.6365853658536585 0.005478896103896104 0.003658536585365854
2 0.6880073051948052 0.6367378048780488 0.006290584415584416 0.0039634146341463415
2 0.4158887987012987 0.6394817073170732 0.002637987012987013 0.008231707317073171
2 0.42359983766233766 0.6394817073170732 0.003043831168831169 0.008231707317073171
2 0.4197443181818182 0.6397865853658536 0.002232142857142857 0.008841463414634146
2 0.4273538961038961 0.6397865853658536 0.002435064935064935 0.008231707317073171
0 0.7896712662337663 0.6400914634146342 0.005478896103896104 0.00274390243902439
1 0.6813108766233766 0.6402439024390244 0.00588474025974026 0.003658536585365854
2 0.4081777597402597 0.6405487804878048 0.0038555194805194805 0.011585365853658536
0 0.6950081168831169 0.6410060975609756 0.005681818181818182 0.0039634146341463415
1 0.7231128246753247 0.6413109756097561 0.006696428571428571 0.0039634146341463415
0 0.6882102272727273 0.6416158536585366 0.007913961038961038 0.0064024390243902435
1 0.4511972402597403 0.6431402439024391 0.003043831168831169 0.008841463414634146
1 0.45413961038961037 0.6431402439024391 0.002029220779220779 0.008231707317073171
0 0.7895698051948052 0.6432926829268293 0.005681818181818182 0.003658536585365854
0 0.4637784090909091 0.6435975609756097 0.002637987012987013 0.009146341463414634
1 0.46732954545454547 0.6435975609756097 0.002435064935064935 0.009146341463414634
2 0.5419034090909091 0.6435975609756097 0.0038555194805194805 0.012195121951219513
1 0.6813108766233766 0.6439024390243903 0.00588474025974026 0.003658536585365854
1 0.5107548701298701 0.6448170731707317 0.002435064935064935 0.00853658536585366
1 0.525974025974026 0.6448170731707317 0.002435064935064935 0.009146341463414634
1 0.5293222402597403 0.6451219512195122 0.002637987012987013 0.009146341463414634
0 0.5324675324675324 0.6451219512195122 0.002840909090909091 0.00853658536585366
1 0.5357142857142857 0.6451219512195122 0.002840909090909091 0.00853658536585366
0 0.5385551948051948 0.6452743902439024 0.002435064935064935 0.008231707317073171
0 0.6948051948051948 0.6458841463414634 0.006087662337662338 0.0039634146341463415
1 0.6813108766233766 0.6477134146341463 0.00588474025974026 0.003353658536585366
1 0.8170657467532467 0.6477134146341463 0.006290584415584416 0.003353658536585366
0 0.7896712662337663 0.6480182926829269 0.00588474025974026 0.0039634146341463415
0 0.6882102272727273 0.6489329268292683 0.007508116883116883 0.0064024390243902435
1 0.7893668831168831 0.6515243902439024 0.005681818181818182 0.003048780487804878
1 0.8170657467532467 0.6516768292682927 0.006290584415584416 0.003353658536585366
1 0.6812094155844156 0.651829268292683 0.006087662337662338 0.00426829268292683
0 0.5518465909090909 0.6530487804878049 0.002637987012987013 0.00975609756097561
0 0.5458603896103896 0.6532012195121951 0.002840909090909091 0.009451219512195122
1 0.5488027597402597 0.6532012195121951 0.002232142857142857 0.010060975609756098
0 0.7893668831168831 0.655030487804878 0.005681818181818182 0.0039634146341463415
0 0.6814123376623377 0.6554878048780488 0.005681818181818182 0.003048780487804878
2 0.6879058441558441 0.6554878048780488 0.006087662337662338 0.003658536585365854
1 0.7893668831168831 0.6591463414634147 0.006493506493506494 0.0024390243902439024
0 0.6816152597402597 0.6594512195121951 0.005681818181818182 0.00426829268292683
2 0.6878043831168831 0.6594512195121951 0.006290584415584416 0.00426829268292683
0 0.7893668831168831 0.6625 0.006087662337662338 0.003658536585365854
1 0.5457589285714286 0.6637195121951219 0.002232142857142857 0.00853658536585366
1 0.5481939935064936 0.6640243902439025 0.002232142857142857 0.00853658536585366
1 0.5506290584415584 0.6641768292682927 0.002232142857142857 0.008231707317073171
1 0.5532670454545454 0.6641768292682927 0.002232142857142857 0.008841463414634146
1 0.5558035714285714 0.6641768292682927 0.002435064935064935 0.008231707317073171
1 0.5582386363636364 0.6643292682926829 0.002029220779220779 0.00853658536585366
1 0.7895698051948052 0.6666158536585366 0.006087662337662338 0.0039634146341463415
0 0.7118506493506493 0.6682926829268293 0.006493506493506494 0.003658536585365854
1 0.7190543831168831 0.6685975609756097 0.006290584415584416 0.00426829268292683
0 0.7299107142857143 0.6699695121951219 0.002435064935064935 0.008841463414634146
1 0.7325487012987013 0.6701219512195122 0.002029220779220779 0.00853658536585366
0 0.7351866883116883 0.6702743902439025 0.002840909090909091 0.008231707317073171
1 0.750101461038961 0.6704268292682927 0.002232142857142857 0.009146341463414634
0 0.747463474025974 0.6705792682926829 0.002637987012987013 0.009451219512195122
1 0.752739448051948 0.6705792682926829 0.002232142857142857 0.008841463414634146
1 0.7118506493506493 0.6721036585365854 0.006493506493506494 0.003353658536585366
0 0.718952922077922 0.6725609756097561 0.006087662337662338 0.00426829268292683
1 0.8090503246753247 0.6731707317073171 0.002435064935064935 0.009146341463414634
1 0.8115868506493507 0.6731707317073171 0.002232142857142857 0.009146341463414634
1 0.5551948051948052 0.6734756097560975 0.002029220779220779 0.007926829268292683
1 0.5457589285714286 0.6736280487804878 0.002232142857142857 0.008841463414634146
1 0.551948051948052 0.6737804878048781 0.002435064935064935 0.00853658536585366
1 0.5488027597402597 0.6739329268292683 0.002637987012987013 0.008231707317073171
1 0.5577313311688312 0.6739329268292683 0.002637987012987013 0.008231707317073171
1 0.7120535714285714 0.6759146341463415 0.006493506493506494 0.003658536585365854
0 0.6987621753246753 0.6797256097560975 0.006290584415584416 0.004573170731707317
2 0.7052556818181818 0.6800304878048781 0.00588474025974026 0.004573170731707317
0 0.7120535714285714 0.6800304878048781 0.006087662337662338 0.003353658536585366
1 0.7119521103896104 0.6835365853658537 0.006290584415584416 0.003048780487804878
1 0.8063108766233766 0.6839939024390244 0.0018262987012987013 0.008841463414634146
0 0.6988636363636364 0.6861280487804878 0.006087662337662338 0.004573170731707317
2 0.7052556818181818 0.6861280487804878 0.00588474025974026 0.004573170731707317
1 0.7146915584415584 0.6875 0.01176948051948052 0.003658536585365854
1 0.45221185064935066 0.1298780487804878 0.003043831168831169 0.009146341463414634
1 0.6894277597402597 0.13185975609756098 0.006696428571428571 0.004573170731707317
1 0.7141842532467533 0.13201219512195123 0.003043831168831169 0.01097560975609756
1 0.5568181818181818 0.13216463414634147 0.006087662337662338 0.00274390243902439
0 0.549310064935065 0.1323170731707317 0.006493506493506494 0.00426829268292683
1 0.562601461038961 0.1323170731707317 0.005478896103896104 0.003658536585365854
1 0.46256087662337664 0.13597560975609757 0.006290584415584416 0.00426829268292683
1 0.6894277597402597 0.13597560975609757 0.006696428571428571 0.003658536585365854
1 0.5567167207792207 0.13689024390243903 0.00588474025974026 0.003658536585365854
1 0.5625 0.13689024390243903 0.00487012987012987 0.003658536585365854
0 0.5492086038961039 0.13704268292682928 0.006290584415584416 0.0039634146341463415
1 0.788192978896104 0.1397545731707317 0.0025223214285714285 0.008167682926829269
1 0.7858614042207792 0.13995274390243903 0.002729301948051948 0.009173780487804878
1 0.6894277597402597 0.14009146341463416 0.006696428571428571 0.0039634146341463415
1 0.7833624188311687 0.14002439024390242 0.002601461038961039 0.009317073170731707
0 0.4624594155844156 0.14085365853658535 0.005681818181818182 0.003658536585365854
0 0.5570211038961039 0.14192073170731706 0.005681818181818182 0.003353658536585366
1 0.4083806818181818 0.14298780487804877 0.006290584415584416 0.00426829268292683
1 0.8018465909090909 0.14466463414634145 0.002637987012987013 0.007621951219512195
1 0.8154423701298701 0.14496951219512194 0.003043831168831169 0.008231707317073171
0 0.557224025974026 0.14527439024390243 0.006087662337662338 0.003353658536585366
1 0.4622564935064935 0.14603658536585365 0.006087662337662338 0.00426829268292683
0 0.549310064935065 0.1461890243902439 0.006087662337662338 0.003353658536585366
1 0.40848214285714285 0.1475609756097561 0.006493506493506494 0.003658536585365854
1 0.5645292207792207 0.1486280487804878 0.006087662337662338 0.004573170731707317
1 0.6834364853896103 0.14985213414634146 0.00648336038961039 0.003972560975609756
1 0.7830793425324675 0.15094817073170733 0.0024411525974025973 0.008603658536585365
1 0.7924107142857143 0.1510670731707317 0.002840909090909091 0.009451219512195122
1 0.40848214285714285 0.15182926829268292 0.006087662337662338 0.00426829268292683
0 0.5647321428571429 0.1527439024390244 0.006087662337662338 0.004878048780487805
2 0.7246347402597403 0.15365853658536585 0.008116883116883116 0.006707317073170732
1 0.4159902597402597 0.15457317073170732 0.006087662337662338 0.00426829268292683
1 0.40868506493506496 0.15670731707317073 0.006087662337662338 0.00426829268292683
0 0.5645292207792207 0.1573170731707317 0.006087662337662338 0.00426829268292683
0 0.5118709415584416 0.15807926829268293 0.00588474025974026 0.0039634146341463415
1 0.4158887987012987 0.1597560975609756 0.006290584415584416 0.003658536585365854
1 0.4083806818181818 0.1611280487804878 0.00588474025974026 0.0039634146341463415
0 0.5645292207792207 0.16128048780487805 0.006087662337662338 0.003658536585365854
1 0.7113433441558441 0.16173780487804879 0.006696428571428571 0.003353658536585366
1 0.5119724025974026 0.16234756097560976 0.006493506493506494 0.0039634146341463415
1 0.5492086038961039 0.1649390243902439 0.006696428571428571 0.003658536585365854
0 0.5643262987012987 0.1649390243902439 0.005681818181818182 0.003658536585365854
2 0.7262581168831169 0.1649390243902439 0.004058441558441558 0.012804878048780487
1 0.4160917207792208 0.1652439024390244 0.00588474025974026 0.003658536585365854
1 0.4083806818181818 0.16615853658536586 0.006290584415584416 0.003658536585365854
0 0.5194805194805194 0.16646341463414635 0.006087662337662338 0.004878048780487805
2 0.7436079545454546 0.16814024390243903 0.008319805194805194 0.0064024390243902435
0 0.5096387987012987 0.169359756097561 0.003043831168831169 0.008841463414634146
0 0.513189935064935 0.169359756097561 0.002840909090909091 0.008231707317073171
0 0.5644277597402597 0.16966463414634148 0.006290584415584416 0.004573170731707317
1 0.5491071428571429 0.1701219512195122 0.006899350649350649 0.003658536585365854
1 0.4083806818181818 0.17073170731707318 0.006290584415584416 0.00426829268292683
1 0.4159902597402597 0.17073170731707318 0.006087662337662338 0.003658536585365854
1 0.5194805194805194 0.17134146341463416 0.005681818181818182 0.00426829268292683
0 0.760247564935065 0.17347560975609755 0.003043831168831169 0.009146341463414634
0 0.5643262987012987 0.174390243902439 0.006087662337662338 0.00426829268292683
1 0.5490056818181818 0.17484756097560974 0.006696428571428571 0.004573170731707317
1 0.5116680194805194 0.17530487804878048 0.006290584415584416 0.003658536585365854
1 0.40848214285714285 0.17560975609756097 0.006087662337662338 0.003658536585365854
1 0.4159902597402597 0.1760670731707317 0.006087662337662338 0.0039634146341463415
0 0.7450284090909091 0.17682926829268292 0.002232142857142857 0.009146341463414634
1 0.7233157467532467 0.17728658536585365 0.006696428571428571 0.004573170731707317
0 0.5644277597402597 0.17865853658536585 0.006290584415584416 0.00426829268292683
1 0.5115665584415584 0.1795731707317073 0.006899350649350649 0.003048780487804878
1 0.4083806818181818 0.18033536585365853 0.006290584415584416 0.0039634146341463415
1 0.41578733766233766 0.18109756097560975 0.006493506493506494 0.00426829268292683
1 0.5568181818181818 0.18170731707317073 0.006493506493506494 0.004878048780487805
1 0.6828327922077922 0.18201219512195121 0.006493506493506494 0.004878048780487805
1 0.5116680194805194 0.18292682926829268 0.006290584415584416 0.003048780487804878
0 0.5645292207792207 0.18323170731707317 0.006087662337662338 0.003658536585365854
1 0.46185064935064934 0.18353658536585366 0.002840909090909091 0.00975609756097561
1 0.7600446428571429 0.18353658536585366 0.002637987012987013 0.00975609756097561
1 0.46499594155844154 0.18384146341463414 0.002637987012987013 0.00975609756097561
1 0.4083806818181818 0.18521341463414634 0.006290584415584416 0.004573170731707317
1 0.41578733766233766 0.18551829268292683 0.006493506493506494 0.0039634146341463415
0 0.7454342532467533 0.1861280487804878 0.003043831168831169 0.008841463414634146
0 0.5117694805194806 0.18658536585365854 0.006087662337662338 0.003658536585365854
1 0.5567167207792207 0.18658536585365854 0.006696428571428571 0.004878048780487805
0 0.5645292207792207 0.18795731707317073 0.005681818181818182 0.004573170731707317
1 0.682325487012987 0.18948170731707317 0.007102272727272727 0.004573170731707317
1 0.5191761363636364 0.1899390243902439 0.006290584415584416 0.004878048780487805
1 0.4083806818181818 0.19009146341463415 0.006290584415584416 0.0039634146341463415
1 0.5117694805194806 0.19039634146341464 0.006087662337662338 0.0039634146341463415
1 0.5569196428571429 0.19146341463414634 0.006290584415584416 0.003658536585365854
1 0.682426948051948 0.1940548780487805 0.007305194805194805 0.003353658536585366
1 0.4083806818181818 0.19451219512195123 0.006290584415584416 0.003658536585365854
1 0.4158887987012987 0.1948170731707317 0.006290584415584416 0.00426829268292683
0 0.7772930194805194 0.19588414634146342 0.006290584415584416 0.0039634146341463415
1 0.565036525974026 0.19603658536585367 0.006290584415584416 0.003658536585365854
0 0.5578327922077922 0.1975609756097561 0.008116883116883116 0.00548780487804878
1 0.700588474025974 0.1978658536585366 0.006696428571428571 0.004878048780487805
1 0.4082792207792208 0.1992378048780488 0.006087662337662338 0.0039634146341463415
1 0.4158887987012987 0.19954268292682928 0.006290584415584416 0.0039634146341463415
0 0.564935064935065 0.2003048780487805 0.005681818181818182 0.00426829268292683
1 0.7774959415584416 0.200609756097561 0.006696428571428571 0.00426829268292683
1 0.6077516233766234 0.2030487804878049 0.006493506493506494 0.00426829268292683
1 0.7486810064935064 0.20335365853658535 0.002637987012987013 0.00975609756097561
1 0.4158887987012987 0.20411585365853657 0.006290584415584416 0.0039634146341463415
1 0.4080762987012987 0.20442073170731706 0.006087662337662338 0.0039634146341463415
0 0.7278814935064936 0.20640243902439023 0.002840909090909091 0.009146341463414634
0 0.734172077922078 0.20640243902439023 0.002435064935064935 0.00853658536585366
0 0.7373173701298701 0.20640243902439023 0.003043831168831169 0.00853658536585366
0 0.7306209415584416 0.20655487804878048 0.002637987012987013 0.008841463414634146
1 0.7620738636363636 0.20655487804878048 0.00588474025974026 0.0039634146341463415
1 0.41578733766233766 0.20853658536585365 0.006087662337662338 0.003658536585365854
1 0.4080762987012987 0.20884146341463414 0.006087662337662338 0.003658536585365854
1 0.7772930194805194 0.20929878048780487 0.006696428571428571 0.004573170731707317
1 0.7428977272727273 0.21265243902439024 0.002840909090909091 0.009451219512195122
1 0.7485795454545454 0.21371951219512195 0.002435064935064935 0.00975609756097561
1 0.760450487012987 0.21371951219512195 0.002637987012987013 0.009146341463414634
1 0.7633928571428571 0.2138719512195122 0.002840909090909091 0.009451219512195122
0 0.7312297077922078 0.21539634146341463 0.002637987012987013 0.008841463414634146
0 0.737114448051948 0.21539634146341463 0.002637987012987013 0.008841463414634146
0 0.7339691558441559 0.21554878048780488 0.002435064935064935 0.00853658536585366
0 0.7399553571428571 0.21570121951219512 0.002637987012987013 0.008841463414634146
1 0.7428977272727273 0.22195121951219512 0.002435064935064935 0.009146341463414634
1 0.760450487012987 0.22378048780487805 0.002637987012987013 0.00975609756097561
0 0.7633928571428571 0.2239329268292683 0.002840909090909091 0.008841463414634146
1 0.7484780844155844 0.22469512195121952 0.003043831168831169 0.00975609756097561
1 0.7669439935064936 0.22469512195121952 0.002637987012987013 0.00975609756097561
1 0.7699878246753247 0.22484756097560976 0.002637987012987013 0.009451219512195122
1 0.7428977272727273 0.23201219512195123 0.002840909090909091 0.00975609756097561
1 0.7727272727272727 0.2420731707317073 0.006493506493506494 0.00426829268292683
1 0.6854707792207793 0.2434451219512195 0.002840909090909091 0.0125
1 0.6879058441558441 0.2434451219512195 0.002029220779220779 0.011890243902439025
1 0.6907467532467533 0.2434451219512195 0.002435064935064935 0.011280487804878048
0 0.773336038961039 0.24923780487804878 0.006087662337662338 0.004573170731707317
2 0.7002840909090909 0.2605182926829268 0.004058441558441558 0.0125
1 0.7748579545454546 0.2736280487804878 0.006696428571428571 0.004573170731707317
1 0.7815543831168831 0.2736280487804878 0.006290584415584416 0.004573170731707317
1 0.632711038961039 0.27484756097560975 0.002840909090909091 0.011890243902439025
1 0.6502637987012987 0.27652439024390246 0.002637987012987013 0.00975609756097561
1 0.6765422077922078 0.280640243902439 0.006087662337662338 0.0039634146341463415
1 0.6832386363636364 0.2809451219512195 0.006087662337662338 0.004573170731707317
1 0.7887581168831169 0.2823170731707317 0.002435064935064935 0.00975609756097561
1 0.7913961038961039 0.2823170731707317 0.002435064935064935 0.009146341463414634
1 0.4291801948051948 0.2839939024390244 0.002840909090909091 0.009451219512195122
1 0.43242694805194803 0.2839939024390244 0.002840909090909091 0.009451219512195122
1 0.4353693181818182 0.2839939024390244 0.002232142857142857 0.009451219512195122
1 0.43861607142857145 0.2842987804878049 0.002637987012987013 0.009451219512195122
1 0.44490665584415584 0.29573170731707316 0.002637987012987013 0.009146341463414634
