1 0.8569784902597402 0.3060426829268293 0.0029180194805194805 0.007207317073170732
1 0.8485014204545455 0.30652591463414636 0.0026034902597402597 0.006954268292682926
1 0.853395900974026 0.3066920731707317 0.0026521915584415585 0.007896341463414634
0 0.8288453733766235 0.30682317073170734 0.0030641233766233763 0.00876829268292683
1 0.6752069805194806 0.30973018292682925 0.0026055194805194807 0.008484756097560974
1 0.8235196834415585 0.3146036585365854 0.0025588474025974024 0.007865853658536585
1 0.848799715909091 0.3155655487804878 0.002388392857142857 0.006740853658536585
0 0.6751359577922078 0.31877286585365855 0.002463474025974026 0.008277439024390244
1 0.7153804788961039 0.3195990853658537 0.003812905844155844 0.011149390243902439
0 0.7254626623376623 0.32453658536585367 0.0032792207792207793 0.010048780487804878
0 0.800270900974026 0.3247240853658537 0.00557426948051948 0.0043262195121951215
1 0.7253764204545455 0.32458993902439026 0.0035125811688311685 0.010155487804878049
1 0.7356635551948052 0.3255762195121952 0.005418019480519481 0.003591463414634146
1 0.7220282061688312 0.32631707317073166 0.0020921266233766235 0.006902439024390244
1 0.6751359577922078 0.327202743902439 0.002463474025974026 0.0074542682926829265
0 0.7975750811688311 0.3292621951219512 0.005864448051948051 0.00425609756097561
0 0.7299411525974027 0.33191768292682927 0.002090097402597403 0.00773780487804878
0 0.7400994318181818 0.3335685975609756 0.005361201298701299 0.004942073170731707
0 0.7332680600649351 0.33416920731707317 0.002250405844155844 0.00736280487804878
0 0.7359496753246754 0.33397713414634145 0.0023376623376623377 0.008198170731707317
0 0.6741842532467532 0.33810670731707315 0.00299512987012987 0.009140243902439024
1 0.7291862824675325 0.3410975609756097 0.005044642857142857 0.004146341463414634
0 0.803304586038961 0.34409298780487807 0.005959821428571429 0.003429878048780488
0 0.740372362012987 0.36597408536585363 0.0030661525974025974 0.00938719512195122
0 0.8514245129870129 0.36649085365853656 0.002767857142857143 0.008591463414634147
0 0.8486657873376624 0.3666143292682926 0.00252637987012987 0.008228658536585366
1 0.6743628246753247 0.3679496951219512 0.0021347402597402597 0.009679878048780488
0 0.8294734172077922 0.36872713414634145 0.0022909902597402594 0.007576219512195123
0 0.7643090503246753 0.3785365853658536 0.0026440746753246753 0.00951219512195122
1 0.7804383116883117 0.37902439024390244 0.002029220779220779 0.007439024390243902
0 0.7892096185064935 0.3798262195121951 0.005773133116883117 0.003554878048780488
0 0.7744754464285714 0.38050152439024393 0.0018729707792207793 0.008564024390243903
0 0.7483350243506494 0.3804070121951219 0.0031635551948051947 0.007765243902439024
0 0.7717329545454545 0.3805609756097561 0.0020698051948051946 0.008682926829268293
0 0.7689417613636363 0.38066463414634144 0.002169237012987013 0.008890243902439024
0 0.6739519074675325 0.38297713414634144 0.0029362824675324677 0.009246951219512195
0 0.7639245129870129 0.39218902439024395 0.0018750000000000001 0.008158536585365854
1 0.6505042613636364 0.4005701219512195 0.006365665584415585 0.004798780487804878
0 0.41951603084415584 0.41497713414634146 0.014356737012987012 0.022027439024390243
0 0.760523538961039 0.41568292682926833 0.0027840909090909092 0.009414634146341463
0 0.37734983766233765 0.4166905487804878 0.01403409090909091 0.02179573170731707
0 0.6051268262987013 0.41660975609756096 0.0024614448051948055 0.008829268292682928
0 0.6226856737012987 0.4205579268292683 0.002270698051948052 0.008189024390243903
0 0.44886566558441565 0.4207835365853659 0.003250811688311688 0.008640243902439025
0 0.5425781249999999 0.4219542682926829 0.015351055194805195 0.02195731707317073
0 0.45017857142857143 0.43049237804878054 0.005876623376623377 0.003667682926829268
0 0.5598944805194805 0.4304939024390244 0.0061525974025974026 0.004280487804878048
1 0.45571935876623376 0.431125 0.0055945616883116885 0.004323170731707317
1 0.4070880681818182 0.43559756097560975 0.005734577922077922 0.004121951219512195
1 0.4001105925324675 0.4358948170731707 0.0035491071428571425 0.009594512195121951
0 0.4528003246753247 0.43620426829268294 0.005438311688311688 0.00350609756097561
0 0.5481097808441558 0.4365929878048781 0.006122159090909091 0.004283536585365854
1 0.4118171672077922 0.4370792682926829 0.0026116071428571425 0.008914634146341463
1 0.4073295454545454 0.4395945121951219 0.005 0.003579268292682927
0 0.652169237012987 0.4417637195121951 0.013754058441558442 0.021942073170731706
1 0.6204646915584415 0.44813719512195127 0.0026988636363636364 0.007859756097560976
1 0.6235541801948052 0.44818140243902443 0.0027901785714285715 0.008557926829268293
1 0.3996103896103896 0.44900914634146344 0.002548701298701299 0.00899390243902439
0 0.4016091720779221 0.4561478658536585 0.006140422077922078 0.004368902439024391
1 0.390583400974026 0.4613201219512195 0.005192775974025974 0.0037378048780487803
1 0.537674512987013 0.46335975609756097 0.002702922077922078 0.007207317073170732
0 0.5406006493506493 0.46359298780487807 0.0024675324675324677 0.008283536585365854
0 0.5715401785714286 0.46350762195121953 0.006310876623376624 0.0044542682926829264
1 0.6447585227272727 0.4643018292682927 0.002179383116883117 0.007871951219512195
1 0.37601156655844153 0.46484603658536583 0.005269886363636364 0.003472560975609756
0 0.5323579545454545 0.46728506097560973 0.002621753246753247 0.008960365853658538
0 0.45029626623376623 0.46738567073170734 0.006112012987012987 0.0036737804878048783
1 0.5297595373376623 0.4675106707317073 0.0022950487012987015 0.008192073170731708
0 0.5350659496753246 0.4676006097560976 0.0023559253246753244 0.0077621951219512195
0 0.3758198051948052 0.46895426829268294 0.004886363636363636 0.0037621951219512194
0 0.544315137987013 0.4721768292682927 0.002591314935064935 0.008378048780487805
0 0.5524746347402597 0.4723612804878049 0.0026765422077922076 0.008746951219512196
1 0.5495931412337662 0.4726234756097561 0.0025953733766233764 0.009271341463414634
0 0.541801948051948 0.47260365853658537 0.002435064935064935 0.00801219512195122
1 0.5468344155844156 0.4728307926829268 0.00275974025974026 0.00785670731707317
0 0.4515787337662338 0.4733307926829269 0.0021834415584415586 0.008246951219512196
1 0.4549370941558441 0.47333536585365854 0.002406655844155844 0.007646341463414634
1 0.6446347402597403 0.47335670731707313 0.0023376623376623377 0.008298780487804878
1 0.621424512987013 0.4734801829268293 0.00502435064935065 0.003667682926829268
0 0.44779829545454547 0.4738567073170732 0.002333603896103896 0.007469512195121951
1 0.4452566964285714 0.47401829268292683 0.00252637987012987 0.008402439024390243
1 0.621479301948052 0.4778490853658537 0.005133928571428571 0.0026493902439024388
1 0.6574096996753247 0.4818719512195122 0.0047544642857142855 0.003378048780487805
0 0.6445758928571428 0.48251524390243905 0.0018141233766233765 0.008932926829268294
1 0.5695271915584416 0.48386890243902436 0.005531655844155844 0.0031036585365853656
1 0.37439021915584414 0.48567530487804883 0.005273944805194805 0.003667682926829268
1 0.3547950487012987 0.48622408536585365 0.003421266233766234 0.010253048780487805
1 0.3704230925324675 0.4864176829268293 0.0026156655844155846 0.007591463414634146
1 0.3750507305194805 0.49310518292682926 0.006189123376623377 0.0038932926829268293
0 0.35587966720779224 0.4951737804878049 0.005590503246753247 0.0037621951219512194
1 0.39413555194805194 0.4985823170731707 0.0037743506493506497 0.010579268292682928
0 0.5512185470779222 0.5000533536585365 0.0054403409090909086 0.0037652439024390243
0 0.4019368912337662 0.5027591463414633 0.005984172077922078 0.0036890243902439022
1 0.3648275162337662 0.5033643292682927 0.004005681818181818 0.01038719512195122
0 0.5297585227272728 0.5090655487804878 0.005945616883116883 0.004106707317073171
0 0.5402810470779221 0.5108170731707317 0.005075081168831169 0.0033414634146341467
1 0.40856737012987016 0.5108399390243903 0.005852272727272728 0.0033871951219512195
0 0.5298001217532468 0.5129298780487805 0.006434659090909091 0.003908536585365854
1 0.3643922483766234 0.5144801829268293 0.002729301948051948 0.010057926829268293
0 0.5401511769480519 0.5146463414634146 0.005627029220779221 0.003682926829268293
1 0.3691497564935065 0.5183475609756097 0.004939123376623377 0.003768292682926829
0 0.5733451704545455 0.5230823170731708 0.005862418831168831 0.004701219512195122
1 0.4896682224025974 0.5261189024390244 0.005716314935064935 0.0040670731707317075
0 0.43878551136363636 0.5276326219512195 0.0025710227272727273 0.007704268292682927
1 0.3556178977272727 0.5278201219512195 0.005472808441558442 0.0038109756097560975
1 0.36152901785714286 0.5277499999999999 0.004308035714285715 0.003670731707317073
0 0.564802150974026 0.5284268292682927 0.011503652597402598 0.015390243902439024
0 0.4900487012987013 0.5302576219512195 0.005665584415584416 0.0031981707317073173
0 0.7250273944805194 0.5315060975609756 0.0028145292207792205 0.00874390243902439
0 0.4893902191558442 0.5346280487804878 0.0055661525974025974 0.003402439024390244
0 0.5756544237012987 0.534782012195122 0.01088676948051948 0.014685975609756098
1 0.7606889204545455 0.5381067073170732 0.0023031655844155843 0.00853048780487805
1 0.49001724837662336 0.5389771341463415 0.00479099025974026 0.002954268292682927
1 0.39550121753246753 0.5413246951219512 0.0048823051948051945 0.0033810975609756097
1 0.4018922483766234 0.5417835365853658 0.005083198051948052 0.0036890243902439022
0 0.4386749188311688 0.5449481707317073 0.002755681818181818 0.008798780487804877
1 0.3600192775974026 0.5575792682926829 0.0029119318181818183 0.00723170731707317
0 0.720929383116883 0.5729100609756097 0.0027353896103896103 0.008624999999999999
1 0.756158685064935 0.5910731707317073 0.0025771103896103896 0.008365853658536586
1 0.4725760957792208 0.5969039634146341 0.005217126623376624 0.002954268292682927
0 0.4665767045454545 0.5969009146341464 0.005799512987012987 0.0041676829268292685
0 0.4606209415584416 0.5988810975609756 0.006063311688311688 0.0038597560975609756
0 0.5270819805194805 0.6000350609756098 0.005868506493506494 0.004338414634146342
1 0.5267096185064936 0.6041189024390244 0.004717938311688312 0.0033597560975609756
0 0.45944805194805194 0.6050167682926829 0.002094155844155844 0.008814024390243903
0 0.46237520292207795 0.6051478658536585 0.0022666396103896104 0.008466463414634147
0 0.3989042207792208 0.6062881097560976 0.013717532467532467 0.021722560975609755
1 0.758497362012987 0.6105198170731707 0.0031960227272727275 0.008234756097560976
0 0.46262987012987017 0.6143582317073171 0.00237012987012987 0.007984756097560976
0 0.4595322646103896 0.6144710365853658 0.0030742694805194807 0.008820121951219511
0 0.445437297077922 0.6196935975609756 0.00572849025974026 0.004021341463414634
0 0.451130275974026 0.61975 0.006156655844155844 0.004134146341463415
1 0.500698051948052 0.6207865853658536 0.004642857142857143 0.0031585365853658534
1 0.7430448457792208 0.6229283536585366 0.002323457792207792 0.008051829268292683
1 0.7460247564935064 0.6234237804878049 0.002601461038961039 0.007213414634146342
0 0.46232041396103896 0.6242378048780488 0.0025629058441558445 0.008841463414634146
0 0.6934354707792207 0.6256158536585366 0.0017248376623376623 0.008548780487804877
1 0.5028612012987013 0.6266265243902439 0.0069399350649350655 0.004472560975609756
0 0.7054788961038961 0.6269634146341464 0.00551948051948052 0.0033170731707317077
0 0.697981939935065 0.6275594512195122 0.0059476461038961035 0.0038993902439024386
0 0.4567035308441559 0.6286189024390244 0.002286931818181818 0.009067073170731707
0 0.45372564935064935 0.6291310975609756 0.002824675324675325 0.008871951219512196
1 0.6562936282467533 0.6295350609756097 0.0053632305194805194 0.004192073170731708
1 0.6281463068181818 0.6296478658536585 0.005480925324675325 0.004417682926829269
0 0.5027495941558442 0.632282012195122 0.00671672077922078 0.004807926829268293
1 0.4625415990259741 0.6331768292682928 0.0025994318181818184 0.007817073170731707
0 0.49665482954545453 0.6365731707317074 0.005484983766233766 0.0042439024390243905
1 0.4714377029220779 0.6368521341463415 0.005375405844155844 0.004801829268292683
0 0.47797483766233767 0.6371402439024391 0.005868506493506494 0.003548780487804878
0 0.4904099025974026 0.6370167682926829 0.005576298701298702 0.0039115853658536585
0 0.48400872564935066 0.6372378048780487 0.006166801948051948 0.00374390243902439
1 0.4673183847402598 0.6386890243902439 0.0024127435064935066 0.007865853658536585
1 0.4870434253246753 0.6411341463414635 0.005742694805194805 0.0042195121951219515
1 0.4804657061688312 0.6414786585365854 0.005168425324675325 0.0036890243902439022
1 0.4933766233766234 0.6413993902439025 0.005016233766233766 0.002920731707317073
1 0.47462865259740256 0.6414496951219512 0.0056696428571428575 0.00363109756097561
0 0.8506990665584415 0.6422881097560975 0.002940340909090909 0.007746951219512195
1 0.4631960227272727 0.6424771341463414 0.0022849025974025976 0.007515243902439024
1 0.8577587256493506 0.6428673780487805 0.003260957792207792 0.008295731707317074
1 0.4982305194805195 0.6437240853658537 0.002142857142857143 0.006960365853658536
1 0.4702932224025974 0.6441600609756097 0.0026806006493506496 0.007832317073170732
1 0.4869237012987013 0.6456951219512196 0.005909090909090909 0.0041951219512195125
0 0.4931686282467532 0.6459710365853658 0.005817775974025974 0.00413719512195122
1 0.4805397727272727 0.6465259146341463 0.005722402597402598 0.004027439024390244
1 0.47483766233766234 0.6466905487804878 0.005275974025974026 0.0031371951219512193
1 0.4668120941558441 0.6479253048780488 0.002617694805194805 0.008045731707317073
2 0.35521205357142854 0.6498567073170732 0.003849431818181818 0.011908536585365854
2 0.3591710633116883 0.6502560975609757 0.0028388798701298704 0.01026829268292683
2 0.36307426948051946 0.6502240853658537 0.002528409090909091 0.009594512195121951
0 0.4936941964285715 0.6504923780487805 0.005651379870129871 0.004643292682926829
1 0.48691254058441563 0.650577743902439 0.005075081168831169 0.003594512195121951
1 0.4806879058441558 0.6511326219512196 0.005612824675324675 0.004094512195121951
1 0.4747453327922078 0.6511875 0.005497159090909091 0.003594512195121951
0 0.44075588474025973 0.6540121951219512 0.005294237012987013 0.0031463414634146343
0 0.3691152597402597 0.6541448170731706 0.007305194805194805 0.005240853658536586
0 0.4472747564935065 0.6541067073170731 0.005750811688311689 0.003945121951219512
0 0.42935267857142856 0.6545106707317073 0.0060267857142857146 0.002923780487804878
1 0.41941558441558446 0.6580655487804877 0.004821428571428572 0.003326219512195122
1 0.41305093344155847 0.6580213414634146 0.005484983766233766 0.003847560975609756
0 0.4296712662337662 0.6581341463414634 0.006258116883116883 0.004073170731707317
1 0.7242126623376623 0.6587210365853658 0.0028084415584415582 0.008295731707317074
2 0.3742339691558441 0.6600884146341464 0.0029322240259740256 0.009201219512195121
1 0.36046570616883117 0.6606310975609756 0.00583400974025974 0.003579268292682927
1 0.8380803571428572 0.6608323170731708 0.005706168831168831 0.003371951219512195
0 0.4994429788961039 0.6616920731707316 0.0025385551948051946 0.008749999999999999
0 0.49660917207792205 0.6617103658536585 0.00255275974025974 0.008176829268292683
0 0.50203125 0.6616478658536585 0.0024391233766233767 0.008051829268292683
0 0.48270089285714285 0.661829268292683 0.002333603896103896 0.00902439024390244
0 0.5049928977272727 0.661829268292683 0.003086444805194805 0.00902439024390244
0 0.507692775974026 0.6620899390243903 0.002804383116883117 0.008326219512195122
0 0.514117288961039 0.6621905487804879 0.00307224025974026 0.008527439024390243
0 0.47789163961038966 0.6621585365853659 0.002861201298701299 0.009073170731707318
0 0.3556929788961039 0.6623231707317073 0.0023762175324675327 0.008182926829268293
0 0.48692167207792214 0.662420731707317 0.0030641233766233763 0.008378048780487805
0 0.49409496753246757 0.662420731707317 0.0028003246753246754 0.008378048780487805
0 0.5113798701298701 0.662358231707317 0.0028733766233766233 0.009472560975609756
0 0.4592573051948052 0.662295731707317 0.002524350649350649 0.008128048780487805
0 0.4727556818181818 0.6623948170731708 0.002329545454545455 0.008326219512195122
0 0.49055397727272726 0.6624756097560975 0.002617694805194805 0.007878048780487805
0 0.46734679383116884 0.6626067073170732 0.0028754058441558443 0.009969512195121951
0 0.46182934253246755 0.6625442073170732 0.0023924512987012984 0.008624999999999999
0 0.46455965909090907 0.6628185975609756 0.0025771103896103896 0.009173780487804878
1 0.3607244318181818 0.6638887195121951 0.005539772727272727 0.0033871951219512195
1 0.6825608766233766 0.6665655487804878 0.005137987012987013 0.0032530487804878047
1 0.8626998782467533 0.6665853658536586 0.03830560064935065 0.013658536585365854
1 0.6704403409090909 0.6672606707317073 0.005247564935064935 0.004033536585365854
0 0.6456960227272727 0.6672439024390244 0.005271915584415585 0.004
1 0.6617715097402598 0.6679039634146341 0.005767045454545455 0.004710365853658536
2 0.3892146915584416 0.6692759146341463 0.009354707792207793 0.006234756097560975
0 0.3985734577922078 0.6700701219512195 0.0025040584415584417 0.008432926829268293
0 0.4014092938311688 0.6700579268292682 0.0028997564935064933 0.008408536585365852
0 0.4076866883116883 0.6701753048780489 0.0024675324675324677 0.008033536585365854
0 0.39569094967532464 0.6705182926829268 0.0024208603896103895 0.009329268292682926
0 0.4043364448051948 0.6707042682926829 0.002666396103896104 0.008481707317073171
2 0.5572666396103896 0.6713826219512196 0.02362418831168831 0.03910670731707317
0 0.426236810064935 0.6751646341463414 0.013999594155844154 0.019841463414634147
1 0.7494937094155845 0.6767698170731706 0.0026400162337662336 0.00963719512195122
0 0.7970535714285715 0.6780396341463414 0.005633116883116883 0.003640243902439024
1 0.8045819805194805 0.678123475609756 0.005673701298701299 0.004417682926829269
2 0.5901674107142857 0.6799192073170732 0.02976663961038961 0.04520426829268293
1 0.86955762987013 0.6821814024390244 0.002508116883116883 0.007045731707317073
0 0.7934222808441559 0.6820213414634146 0.005675730519480519 0.003676829268292683
0 0.6564640827922078 0.6860853658536585 0.00570413961038961 0.0032682926829268296
1 0.7249117288961039 0.6868231707317074 0.002583198051948052 0.007792682926829268
1 0.7495464691558441 0.6875152439024391 0.0023396915584415583 0.006737804878048781
0 0.7298701298701299 0.687297256097561 0.005194805194805195 0.0038628048780487804
0 0.7932376217532467 0.6880533536585366 0.004494724025974025 0.002935975609756098
1 0.656452922077922 0.6911082317073171 0.005275974025974026 0.002948170731707317
1 0.7934425730519481 0.6922926829268292 0.005310470779220779 0.0034878048780487805
1 0.8101237824675325 0.6941875 0.005393668831168831 0.00361890243902439
1 0.8101755275974026 0.694185975609756 0.005091314935064935 0.0030060975609756094
1 0.7264864042207793 0.6958155487804878 0.0020799512987012985 0.007484756097560976
0 0.7236089691558442 0.6958658536585366 0.0024127435064935066 0.008195121951219513
0 0.7295789366883116 0.6964314024390245 0.002583198051948052 0.009326219512195122
1 0.7855458603896104 0.6978612804878049 0.0020982142857142857 0.007917682926829268
1 0.7496002435064936 0.698484756097561 0.00244724025974026 0.009164634146341463
1 0.788239650974026 0.6986158536585366 0.0026156655844155846 0.008207317073170732
0 0.810018262987013 0.6988887195121951 0.005994318181818181 0.0032652439024390247
0 0.8319470373376624 0.6996524390243903 0.006020698051948052 0.004182926829268293
0 0.6567725243506494 0.7011295731707317 0.005509334415584415 0.004698170731707317
1 0.5442512175324675 0.701344512195122 0.00205762987012987 0.007567073170731707
0 0.5483969155844156 0.7048323170731707 0.005073051948051948 0.003567073170731707
0 0.756760349025974 0.21551829268292683 0.005403814935064935 0.0035975609756097563
0 0.8550355113636363 0.21554268292682927 0.005931412337662338 0.00425609756097561
1 0.7497027191558441 0.2167637195121951 0.004681412337662338 0.004259146341463415
0 0.7440665584415584 0.21696798780487805 0.005178571428571428 0.004057926829268293
0 0.7359374999999999 0.2171143292682927 0.00596590909090909 0.0037408536585365852
0 0.8313788555194805 0.2180457317073171 0.0024492694805194806 0.008042682926829268
0 0.8149584009740259 0.21795579268292684 0.002481737012987013 0.00786280487804878
0 0.7252769886363636 0.21889481707317074 0.0025020292207792207 0.008521341463414635
1 0.7288616071428571 0.21900000000000003 0.0023660714285714288 0.008121951219512195
0 0.7566284496753247 0.21989481707317074 0.006357548701298701 0.0032042682926829266
1 0.3972006899350649 0.21997713414634146 0.005034496753246753 0.0033689024390243906
0 0.8547290990259739 0.22054725609756096 0.006130275974025975 0.0038993902439024386
0 0.4406858766233766 0.22085823170731705 0.005154220779220779 0.003301829268292683
0 0.4473538961038961 0.2213185975609756 0.005503246753246754 0.0036128048780487802
1 0.736929788961039 0.22159451219512197 0.004703733766233766 0.002945121951219512
1 0.7433319805194805 0.22190701219512196 0.005332792207792208 0.0035701219512195123
0 0.4935856331168831 0.22217682926829269 0.010304383116883116 0.011426829268292683
1 0.4780133928571429 0.22211432926829267 0.004728084415584415 0.003984756097560976
0 0.4615827922077922 0.22233079268292683 0.005551948051948052 0.0038079268292682926
0 0.5020718344155845 0.22326371951219512 0.002520292207792208 0.008722560975609755
0 0.39732447240259744 0.2238109756097561 0.005282061688311688 0.003719512195121951
0 0.7566051136363636 0.2242515243902439 0.005499188311688312 0.002771341463414634
1 0.8594937094155845 0.2241417682926829 0.0026724837662337663 0.00864939024390244
1 0.7473873782467533 0.2256905487804878 0.0024857954545454545 0.007478658536585366
0 0.7507984983766234 0.22583079268292683 0.002408685064935065 0.00836890243902439
0 0.4473863636363636 0.22598932926829268 0.0055681818181818185 0.0031981707317073173
0 0.7367938311688312 0.22612042682926828 0.004837662337662338 0.0034603658536585366
0 0.4401430600649351 0.2260045731707317 0.0056919642857142854 0.0032286585365853657
1 0.855070008116883 0.22625609756097562 0.0055945616883116885 0.004951219512195121
1 0.4616101866883117 0.2265030487804878 0.004795048701298701 0.003615853658536585
1 0.7428926542207792 0.22627743902439026 0.005265827922077922 0.0037743902439024393
0 0.514242086038961 0.2269359756097561 0.005351055194805195 0.003871951219512195
1 0.8192146915584416 0.2271371951219512 0.003283279220779221 0.009762195121951221
2 0.5071570616883117 0.22730030487804878 0.007008928571428571 0.005210365853658537
1 0.7291812094155845 0.2274344512195122 0.0021935876623376625 0.007917682926829268
0 0.725679788961039 0.2277576219512195 0.0029017857142857144 0.007954268292682927
1 0.6930864448051949 0.22783993902439026 0.0054910714285714285 0.0038506097560975614
0 0.7562966720779222 0.22858536585365855 0.0052881493506493505 0.0035121951219512196
1 0.3974411525974026 0.22947256097560975 0.004703733766233766 0.002847560975609756
0 0.4401430600649351 0.22997256097560975 0.0056919642857142854 0.003847560975609756
1 0.8676156655844155 0.23010823170731706 0.004711850649350649 0.00411890243902439
0 0.4474015827922078 0.23015396341463415 0.005192775974025974 0.003600609756097561
1 0.7419754464285714 0.23040396341463415 0.005054788961038961 0.0028810975609756097
0 0.854968547077922 0.23061280487804878 0.0062033279220779225 0.004518292682926829
1 0.8614275568181817 0.23061280487804878 0.004916801948051948 0.004518292682926829
0 0.4844490665584415 0.23062042682926828 0.005424107142857143 0.0033140243902439023
1 0.45419135551948053 0.23089329268292685 0.005379464285714286 0.00325
0 0.3979890422077922 0.23290853658536587 0.005799512987012987 0.0036219512195121953
0 0.756158685064935 0.23315853658536584 0.005823863636363637 0.0035121951219512196
1 0.7495566152597403 0.2334969512195122 0.004795048701298701 0.003579268292682927
0 0.4847077922077922 0.23430182926829268 0.005941558441558442 0.00275
0 0.4406422483766234 0.23448323170731708 0.005878652597402597 0.0037225609756097564
1 0.7432558847402597 0.23460213414634146 0.005180600649350649 0.003350609756097561
0 0.8676978490259741 0.23485518292682928 0.004470373376623377 0.004466463414634147
0 0.4541081574675324 0.23520731707317075 0.005213068181818182 0.0033414634146341467
1 0.39765827922077923 0.23733993902439024 0.005137987012987013 0.0033384146341463414
0 0.8151085633116883 0.23721798780487807 0.003187905844155844 0.009192073170731707
0 0.7567989042207792 0.23737042682926832 0.005480925324675325 0.0027896341463414637
1 0.8537347808441559 0.23880030487804876 0.0037357954545454547 0.009307926829268292
1 0.8576176948051948 0.23916310975609759 0.0037905844155844155 0.010033536585365852
1 0.8621296672077922 0.2392362804878049 0.0034801136363636362 0.010179878048780488
0 0.44021814123376624 0.23925 0.005030438311688311 0.0035
0 0.4849228896103896 0.23930030487804876 0.005154220779220779 0.003600609756097561
1 0.4915838068181818 0.2399314024390244 0.005894886363636363 0.004253048780487804
1 0.7495231331168831 0.23995884146341465 0.005133928571428571 0.0036981707317073173
1 0.8201958198051948 0.24010060975609757 0.0024046266233766233 0.008859756097560975
1 0.743799715909091 0.24107469512195123 0.004644886363636364 0.004100609756097561
1 0.8676826298701298 0.24097256097560976 0.005251623376623376 0.003896341463414634
0 0.4988169642857143 0.2418079268292683 0.005750811688311689 0.004347560975609756
0 0.45387378246753246 0.2425594512195122 0.005150162337662337 0.004021341463414634
1 0.7557934253246754 0.24281859756097562 0.005499188311688312 0.003929878048780488
1 0.7277719155844156 0.24321189024390244 0.004650974025974026 0.003496951219512195
0 0.48461444805194803 0.24340396341463416 0.00575487012987013 0.0038810975609756097
0 0.44072747564935066 0.24351676829268293 0.005237418831168831 0.003496951219512195
0 0.49160815746753245 0.24370884146341465 0.00513189935064935 0.0038810975609756097
0 0.44712053571428567 0.24459603658536586 0.00544237012987013 0.0032164634146341466
0 0.8675710227272728 0.2450228658536585 0.005434253246753247 0.004070121951219512
0 0.498846387987013 0.2456935975609756 0.005403814935064935 0.003582317073170732
0 0.7437540584415584 0.2454969512195122 0.0057711038961038965 0.0031890243902439027
1 0.7495068993506494 0.24602896341463415 0.004695616883116883 0.003643292682926829
1 0.3688687094155844 0.24708689024390246 0.0060004058441558445 0.004539634146341464
0 0.8544957386363636 0.24721646341463416 0.005257711038961039 0.003579268292682927
1 0.3630204951298701 0.24704268292682927 0.0052617694805194805 0.0032317073170731706
1 0.8182670454545454 0.24710365853658536 0.005040584415584416 0.003353658536585366
1 0.7561343344155844 0.2473109756097561 0.004963474025974026 0.0031585365853658534
0 0.48458299512987013 0.24769664634146343 0.0056919642857142854 0.002710365853658537
1 0.3871286525974026 0.2481341463414634 0.00518262987012987 0.0041951219512195125
0 0.4475202922077922 0.24914329268292684 0.005836038961038961 0.0037743902439024393
0 0.4988818993506493 0.24978048780487805 0.005880681818181818 0.003829268292682927
1 0.8678246753246754 0.2509893292682927 0.005941558441558442 0.0031981707317073173
1 0.7490290178571429 0.25110823170731705 0.0053632305194805194 0.004045731707317073
0 0.7431787743506494 0.2511798780487805 0.00502637987012987 0.004189024390243903
1 0.8187773944805194 0.25228810975609756 0.005249594155844156 0.0033567073170731707
0 0.8554616477272727 0.25246646341463413 0.0051603084415584415 0.0037134146341463413
0 0.4845068993506494 0.2533048780487805 0.005133928571428571 0.004170731707317073
0 0.44692167207792205 0.2535381097560976 0.005856331168831169 0.002807926829268293
0 0.49862418831168825 0.25369664634146344 0.0057711038961038965 0.0037347560975609755
1 0.8674015827922078 0.2549969512195122 0.007124594155844156 0.004506097560975609
1 0.7335765016233766 0.25516158536585365 0.0032731331168831166 0.009103658536585365
1 0.8551034902597402 0.2566524390243903 0.005255681818181818 0.004158536585365854
1 0.8188940746753247 0.25677896341463413 0.005077110389610389 0.002582317073170732
0 0.447619724025974 0.2572332317073171 0.005629058441558441 0.003490853658536585
1 0.440950689935065 0.2575228658536585 0.005278003246753247 0.004070121951219512
0 0.49888798701298703 0.2579725609756097 0.005487012987012986 0.0031402439024390246
0 0.7363139204545455 0.25830335365853657 0.0026603084415584414 0.008070121951219512
0 0.45423904220779215 0.25834146341463415 0.005068993506493507 0.0038780487804878053
1 0.8622341720779221 0.25884603658536587 0.0053124999999999995 0.0030579268292682924
0 0.7496448863636364 0.259125 0.002536525974025974 0.009103658536585365
0 0.7457244318181818 0.25993292682926833 0.0020008116883116884 0.010109756097560974
0 0.4848234577922078 0.2598536585365854 0.005361201298701299 0.0038536585365853662
1 0.36205762987012985 0.25985060975609753 0.002524350649350649 0.006896341463414634
0 0.7423630275974026 0.2600685975609756 0.002583198051948052 0.009161585365853658
0 0.5170586444805195 0.26015853658536586 0.002867288961038961 0.008121951219512195
1 0.36476562500000004 0.2603506097560976 0.0022585227272727275 0.008506097560975609
1 0.49152191558441555 0.2604314024390244 0.0053652597402597405 0.0037896341463414633
1 0.867919034090909 0.26035670731707317 0.005724431818181819 0.003640243902439024
0 0.8190797483766235 0.2606432926829268 0.005042613636363637 0.0023841463414634146
0 0.4409821428571428 0.26129420731707315 0.005340909090909091 0.0042957317073170735
0 0.498598823051948 0.2621219512195122 0.005314529220779221 0.0035121951219512196
0 0.7550669642857143 0.2623612804878049 0.0056696428571428575 0.004600609756097561
0 0.4473275162337662 0.26247103658536586 0.005856331168831169 0.0029908536585365854
1 0.4541801948051948 0.26246036585365856 0.005357142857142857 0.003579268292682927
1 0.8144855925324676 0.2643003048780488 0.0023478084415584416 0.00786890243902439
1 0.49172077922077917 0.26463871951219514 0.004951298701298701 0.003667682926829268
0 0.48467228084415587 0.2646844512195122 0.0054646915584415584 0.004368902439024391
2 0.39976968344155844 0.2651128048780488 0.02721793831168831 0.03937195121951219
1 0.42352577110389616 0.26527743902439027 0.002489853896103896 0.00799390243902439
1 0.8187175324675324 0.2659573170731707 0.005535714285714286 0.002646341463414634
0 0.45413961038961037 0.26654725609756097 0.005275974025974026 0.004435975609756098
1 0.42711546266233763 0.2667698170731707 0.0023640422077922077 0.007929878048780488
0 0.49154017857142857 0.26877439024390243 0.006213474025974026 0.00401219512195122
0 0.4480854301948052 0.26926371951219513 0.00453125 0.003771341463414634
0 0.41997666396103894 0.26940396341463413 0.0026968344155844154 0.008929878048780487
0 0.5353287337662338 0.269375 0.005316558441558442 0.0033841463414634146
1 0.4848731737012987 0.2697362804878049 0.004243100649350649 0.003496951219512195
1 0.44093750000000004 0.27055792682926827 0.0028165584415584415 0.008189024390243903
0 0.4436952110389611 0.2706661585365854 0.002650162337662338 0.00840548780487805
1 0.45438717532467526 0.27084451219512196 0.0057711038961038965 0.003274390243902439
1 0.7644612418831168 0.2718993902439025 0.005383522727272727 0.004164634146341464
0 0.491604099025974 0.2728810975609756 0.005935470779220779 0.0030792682926829265
0 0.4478185876623376 0.27333689024390245 0.005215097402597403 0.002771341463414634
0 0.7989620535714286 0.2734496951219512 0.0057974837662337665 0.004216463414634147
0 0.4847128652597403 0.27377896341463415 0.005140016233766234 0.0030457317073170733
1 0.42346185064935066 0.27451524390243903 0.0031737012987012986 0.008176829268292683
0 0.4542633928571429 0.2748780487804878 0.005523538961038961 0.004024390243902439
0 0.7758512581168832 0.27528658536585365 0.002189529220779221 0.008499999999999999
0 0.491387987012987 0.2766875 0.005097402597402598 0.0027652439024390247
0 0.4272301136363636 0.2771707317073171 0.0025933441558441558 0.008
1 0.7848051948051948 0.27764481707317074 0.002646103896103896 0.007728658536585367
0 0.7931767451298701 0.2777987804878049 0.0023437500000000003 0.008036585365853659
0 0.4849472402597403 0.27813719512195123 0.005608766233766234 0.003225609756097561
1 0.7659080762987013 0.27953201219512197 0.0025953733766233764 0.007844512195121951
0 0.7990797483766233 0.2803064024390244 0.005221185064935065 0.0039054878048780488
1 0.49166294642857145 0.2808414634146341 0.005241477272727273 0.0031463414634146343
0 0.4459831574675324 0.28178201219512194 0.006008522727272727 0.004417682926829269
0 0.7786252029220779 0.2849817073170732 0.0024614448051948055 0.00898780487804878
1 0.49177658279220776 0.2850609756097561 0.005062905844155844 0.00426829268292683
2 0.4508553165584416 0.2851463414634146 0.003171672077922078 0.009926829268292683
0 0.7703835227272727 0.2861265243902439 0.0022118506493506492 0.00761890243902439
0 0.7927414772727273 0.2865426829268293 0.0022849025974025976 0.007841463414634146
0 0.7730113636363637 0.2868643292682927 0.002191558441558442 0.007875
0 0.44604301948051944 0.28765243902439025 0.004910714285714286 0.003353658536585366
0 0.5089671266233766 0.2875548780487805 0.005758928571428571 0.003768292682926829
0 0.7821966314935065 0.2881387195121951 0.0031107954545454546 0.007984756097560976
0 0.7546651785714286 0.2883109756097561 0.005271915584415585 0.004060975609756098
1 0.4228561282467532 0.2892469512195122 0.0019622564935064934 0.007152439024390244
0 0.4912571022727273 0.28949542682926827 0.005241477272727273 0.0039908536585365854
0 0.5852790178571429 0.28985060975609755 0.006191152597402598 0.004701219512195122
1 0.7461556412337662 0.28980335365853654 0.0032690746753246754 0.007045731707317073
1 0.7593313717532468 0.2905426829268293 0.002023133116883117 0.007304878048780488
0 0.3908999594155844 0.29051524390243905 0.0025791396103896106 0.009079268292682928
0 0.3881290584415584 0.2910167682926829 0.002719155844155844 0.008862804878048781
1 0.39390523538961036 0.29114176829268296 0.002096185064935065 0.00911280487804878
0 0.6732508116883117 0.29129725609756096 0.002345779220779221 0.007594512195121951
0 0.6699563717532467 0.29127134146341466 0.002250405844155844 0.008152439024390244
0 0.76234375 0.2920564024390244 0.0023660714285714288 0.00911280487804878
1 0.8238727678571429 0.2932393292682927 0.0032650162337662337 0.009039634146341463
0 0.7859577922077922 0.2936006097560976 0.002516233766233766 0.007932926829268293
1 0.8617846996753247 0.29379268292682925 0.0023843344155844155 0.0077073170731707325
0 0.7895698051948052 0.2941890243902439 0.002029220779220779 0.006670731707317073
1 0.4639092938311688 0.2965564024390244 0.006958198051948051 0.004698170731707317
1 0.8568668831168832 0.2984557926829268 0.0022889610389610388 0.007277439024390244
1 0.7075040584415584 0.29853353658536586 0.0030762987012987013 0.008042682926829268
1 0.704466314935065 0.29870884146341464 0.0022767857142857143 0.00839329268292683
1 0.3730265827922078 0.29983384146341463 0.005387581168831169 0.003326219512195122
0 0.4504464285714286 0.30122256097560973 0.006006493506493507 0.0042743902439024385
1 0.4657792207792208 0.30228353658536583 0.006233766233766234 0.004567073170731707
1 0.4906503652597403 0.302359756097561 0.004839691558441559 0.004109756097560976
1 0.49984577922077916 0.3027469512195122 0.005373376623376624 0.0030548780487804875
0 0.3726116071428571 0.30415396341463413 0.006181006493506494 0.0040396341463414635
1 0.8234232954545454 0.30459451219512196 0.0023660714285714288 0.007969512195121951
