2 0.25961538461538464 0.25961538461538464 0.004807692307692308 0.004807692307692308
2 0.3713942307692308 0.28846153846153844 0.007211538461538462 0.009615384615384616
2 0.2932692307692308 0.30288461538461536 0.004807692307692308 0.009615384615384616
2 0.4495192307692308 0.3485576923076923 0.004807692307692308 0.004807692307692308
2 0.4411057692307692 0.3629807692307692 0.007211538461538462 0.009615384615384616
1 0.6430288461538461 0.4206730769230769 0.007211538461538462 0.009615384615384616
1 0.26802884615384615 0.35096153846153844 0.007211538461538462 0.009615384615384616
1 0.2920673076923077 0.4230769230769231 0.007211538461538462 0.009615384615384616
1 0.2536057692307692 0.41586538461538464 0.007211538461538462 0.009615384615384616
2 0.44591346153846156 0.4639423076923077 0.007211538461538462 0.009615384615384616
1 0.28725961538461536 0.4375 0.007211538461538462 0.009615384615384616
2 0.6177884615384616 0.5384615384615384 0.004807692307692308 0.009615384615384616
2 0.6105769230769231 0.5360576923076923 0.004807692307692308 0.009615384615384616
2 0.39903846153846156 0.4879807692307692 0.004807692307692308 0.009615384615384616
2 0.41947115384615385 0.5048076923076923 0.007211538461538462 0.009615384615384616
2 0.16466346153846154 0.4567307692307692 0.01201923076923077 0.009615384615384616
2 0.16466346153846154 0.47475961538461536 0.007211538461538462 0.007211538461538462
2 0.1622596153846154 0.49158653846153844 0.007211538461538462 0.007211538461538462
2 0.6394230769230769 0.6045673076923077 0.028846153846153848 0.05048076923076923
2 0.6538461538461539 0.6189903846153846 0.028846153846153848 0.05048076923076923
2 0.49038461538461536 0.5841346153846154 0.03365384615384615 0.028846153846153848
1 0.19831730769230768 0.5168269230769231 0.007211538461538462 0.009615384615384616
2 0.14783653846153846 0.5132211538461539 0.007211538461538462 0.007211538461538462
1 0.19591346153846154 0.53125 0.007211538461538462 0.009615384615384616
2 0.14543269230769232 0.5228365384615384 0.007211538461538462 0.007211538461538462
2 0.2127403846153846 0.5673076923076923 0.007211538461538462 0.009615384615384616
2 0.40384615384615385 0.6213942307692307 0.004807692307692308 0.01201923076923077
1 0.2439903846153846 0.5889423076923077 0.007211538461538462 0.009615384615384616
0 0.5997596153846154 0.6730769230769231 0.007211538461538462 0.009615384615384616
0 0.5913461538461539 0.671875 0.009615384615384616 0.01201923076923077
2 0.45913461538461536 0.6442307692307693 0.004807692307692308 0.009615384615384616
2 0.453125 0.6418269230769231 0.007211538461538462 0.009615384615384616
2 0.40865384615384615 0.6322115384615384 0.004807692307692308 0.009615384615384616
2 0.4567307692307692 0.6442307692307693 0.004807692307692308 0.009615384615384616
2 0.41225961538461536 0.6322115384615384 0.007211538461538462 0.009615384615384616
2 0.4050480769230769 0.6322115384615384 0.007211538461538462 0.009615384615384616
2 0.41586538461538464 0.6346153846153846 0.004807692307692308 0.009615384615384616
1 0.5516826923076923 0.6670673076923077 0.007211538461538462 0.007211538461538462
1 0.5180288461538461 0.6586538461538461 0.007211538461538462 0.009615384615384616
1 0.5661057692307693 0.6694711538461539 0.01201923076923077 0.01201923076923077
1 0.5324519230769231 0.6610576923076923 0.007211538461538462 0.009615384615384616
2 0.29086538461538464 0.6081730769230769 0.004807692307692308 0.004807692307692308
2 0.6286057692307693 0.6850961538461539 0.007211538461538462 0.009615384615384616
2 0.625 0.6850961538461539 0.004807692307692308 0.009615384615384616
2 0.6334134615384616 0.6875 0.007211538461538462 0.009615384615384616
2 0.6213942307692307 0.6850961538461539 0.007211538461538462 0.009615384615384616
2 0.6430288461538461 0.6899038461538461 0.007211538461538462 0.014423076923076924
1 0.24158653846153846 0.5985576923076923 0.007211538461538462 0.009615384615384616
2 0.5973557692307693 0.6850961538461539 0.007211538461538462 0.009615384615384616
2 0.6021634615384616 0.6875 0.007211538461538462 0.009615384615384616
2 0.5817307692307693 0.6826923076923077 0.004807692307692308 0.009615384615384616
2 0.5889423076923077 0.6826923076923077 0.004807692307692308 0.009615384615384616
2 0.5997596153846154 0.6875 0.007211538461538462 0.009615384615384616
2 0.59375 0.6850961538461539 0.004807692307692308 0.009615384615384616
2 0.5925480769230769 0.6850961538461539 0.007211538461538462 0.009615384615384616
2 0.5853365384615384 0.6826923076923077 0.007211538461538462 0.009615384615384616
2 0.5432692307692307 0.6754807692307693 0.004807692307692308 0.009615384615384616
0 0.5168269230769231 0.6670673076923077 0.009615384615384616 0.01201923076923077
0 0.5661057692307693 0.6802884615384616 0.007211538461538462 0.009615384615384616
0 0.5492788461538461 0.6754807692307693 0.007211538461538462 0.009615384615384616
0 0.5300480769230769 0.6706730769230769 0.007211538461538462 0.009615384615384616
1 0.23798076923076922 0.6069711538461539 0.009615384615384616 0.01201923076923077
2 0.4891826923076923 0.6682692307692307 0.007211538461538462 0.014423076923076924
2 0.28725961538461536 0.6262019230769231 0.007211538461538462 0.007211538461538462
1 0.23677884615384615 0.6177884615384616 0.007211538461538462 0.009615384615384616
1 0.23557692307692307 0.6286057692307693 0.009615384615384616 0.01201923076923077
1 0.2403846153846154 0.640625 0.009615384615384616 0.01201923076923077
1 0.23197115384615385 0.6394230769230769 0.007211538461538462 0.009615384615384616
2 0.59375 0.21634615384615385 0.004807692307692308 0.004807692307692308
2 0.24519230769230768 0.16105769230769232 0.004807692307692308 0.004807692307692308
2 0.24278846153846154 0.1658653846153846 0.004807692307692308 0.004807692307692308
2 0.24278846153846154 0.17067307692307693 0.004807692307692308 0.004807692307692308
2 0.42908653846153844 0.21754807692307693 0.007211538461538462 0.007211538461538462
2 0.2403846153846154 0.17548076923076922 0.004807692307692308 0.004807692307692308
2 0.4338942307692308 0.22956730769230768 0.007211538461538462 0.007211538461538462
2 0.2247596153846154 0.19951923076923078 0.01201923076923077 0.009615384615384616
1 0.30408653846153844 0.22115384615384615 0.007211538461538462 0.009615384615384616
1 0.3161057692307692 0.22596153846153846 0.007211538461538462 0.009615384615384616
2 0.4206730769230769 0.25961538461538464 0.004807692307692308 0.004807692307692308
2 0.2668269230769231 0.23076923076923078 0.004807692307692308 0.004807692307692308
1 0.5588942307692307 0.30528846153846156 0.007211538461538462 0.009615384615384616
1 0.5516826923076923 0.30288461538461536 0.007211538461538462 0.009615384615384616
1 0.5108173076923077 0.2956730769230769 0.007211538461538462 0.009615384615384616
1 0.4987980769230769 0.2932692307692308 0.007211538461538462 0.009615384615384616
1 0.5048076923076923 0.29447115384615385 0.009615384615384616 0.01201923076923077
1 0.4855769230769231 0.28966346153846156 0.009615384615384616 0.01201923076923077
1 0.49278846153846156 0.2920673076923077 0.009615384615384616 0.01201923076923077
1 0.5228365384615384 0.3004807692307692 0.007211538461538462 0.009615384615384616
1 0.5420673076923077 0.30528846153846156 0.007211538461538462 0.009615384615384616
