1 0.5889423076923077 0.7764423076923077 0.009615384615384616 0.009615384615384616
1 0.5528846153846154 0.765625 0.009615384615384616 0.007211538461538462
1 0.4951923076923077 0.7560096153846154 0.009615384615384616 0.007211538461538462
1 0.4855769230769231 0.7175480769230769 0.009615384615384616 0.007211538461538462
2 0.5096153846153846 0.42908653846153844 0.009615384615384616 0.007211538461538462
2 0.5024038461538461 0.43149038461538464 0.004807692307692308 0.007211538461538462
1 0.45913461538461536 0.6033653846153846 0.009615384615384616 0.009615384615384616
1 0.4807692307692308 0.44711538461538464 0.009615384615384616 0.009615384615384616
2 0.4519230769230769 0.6225961538461539 0.009615384615384616 0.004807692307692308
1 0.4254807692307692 0.7463942307692307 0.009615384615384616 0.007211538461538462
1 0.42788461538461536 0.6165865384615384 0.009615384615384616 0.007211538461538462
1 0.4182692307692308 0.6141826923076923 0.009615384615384616 0.007211538461538462
1 0.4206730769230769 0.5733173076923077 0.009615384615384616 0.007211538461538462
1 0.3870192307692308 0.7391826923076923 0.009615384615384616 0.007211538461538462
2 0.40384615384615385 0.5793269230769231 0.004807692307692308 0.004807692307692308
2 0.4230769230769231 0.3894230769230769 0.038461538461538464 0.038461538461538464
2 0.4014423076923077 0.5132211538461539 0.038461538461538464 0.036057692307692304
2 0.36899038461538464 0.6502403846153846 0.007211538461538462 0.002403846153846154
1 0.34615384615384615 0.6959134615384616 0.009615384615384616 0.007211538461538462
1 0.3389423076923077 0.6862980769230769 0.009615384615384616 0.007211538461538462
1 0.3269230769230769 0.6838942307692307 0.009615384615384616 0.007211538461538462
2 0.32572115384615385 0.6526442307692307 0.007211538461538462 0.002403846153846154
2 0.33653846153846156 0.5697115384615384 0.004807692307692308 0.004807692307692308
2 0.31971153846153844 0.6706730769230769 0.004807692307692308 0.004807692307692308
2 0.34615384615384615 0.47836538461538464 0.004807692307692308 0.004807692307692308
2 0.34615384615384615 0.47115384615384615 0.004807692307692308 0.004807692307692308
2 0.34615384615384615 0.46634615384615385 0.004807692307692308 0.004807692307692308
2 0.3173076923076923 0.6514423076923077 0.009615384615384616 0.004807692307692308
1 0.35096153846153844 0.4326923076923077 0.009615384615384616 0.009615384615384616
1 0.3485576923076923 0.44711538461538464 0.009615384615384616 0.009615384615384616
1 0.3557692307692308 0.39903846153846156 0.009615384615384616 0.009615384615384616
1 0.35336538461538464 0.41586538461538464 0.009615384615384616 0.009615384615384616
2 0.3581730769230769 0.3713942307692308 0.009615384615384616 0.007211538461538462
2 0.3581730769230769 0.3737980769230769 0.009615384615384616 0.007211538461538462
1 0.3317307692307692 0.5216346153846154 0.009615384615384616 0.009615384615384616
2 0.3485576923076923 0.37740384615384615 0.009615384615384616 0.004807692307692308
2 0.34615384615384615 0.3798076923076923 0.009615384615384616 0.004807692307692308
1 0.3485576923076923 0.37259615384615385 0.009615384615384616 0.009615384615384616
2 0.3485576923076923 0.3629807692307692 0.009615384615384616 0.004807692307692308
2 0.3485576923076923 0.36538461538461536 0.009615384615384616 0.004807692307692308
2 0.2860576923076923 0.6298076923076923 0.004807692307692308 0.004807692307692308
2 0.27283653846153844 0.6983173076923077 0.007211538461538462 0.002403846153846154
1 0.7548076923076923 0.5420673076923077 0.02403846153846154 0.01201923076923077
1 0.7572115384615384 0.5300480769230769 0.02403846153846154 0.01201923076923077
1 0.6754807692307693 0.7896634615384616 0.009615384615384616 0.007211538461538462
