2 0.6153846153846154 0.33653846153846156 0.004807692307692308 0.004807692307692308
2 0.6165865384615384 0.3425480769230769 0.007211538461538462 0.007211538461538462
2 0.6153846153846154 0.35096153846153844 0.004807692307692308 0.004807692307692308
2 0.5432692307692307 0.6442307692307693 0.02403846153846154 0.03365384615384615
2 0.5709134615384616 0.6466346153846154 0.026442307692307692 0.038461538461538464
2 0.38822115384615385 0.6574519230769231 0.021634615384615384 0.03125
2 0.6706730769230769 0.6778846153846154 0.009615384615384616 0.004807692307692308
2 0.5240384615384616 0.6778846153846154 0.028846153846153848 0.038461538461538464
2 0.5564903846153846 0.6802884615384616 0.03125 0.038461538461538464
2 0.3545673076923077 0.6814903846153846 0.021634615384615384 0.03125
2 0.4795673076923077 0.6911057692307693 0.03125 0.036057692307692304
2 0.41225961538461536 0.6971153846153846 0.021634615384615384 0.03365384615384615
2 0.296875 0.7247596153846154 0.016826923076923076 0.026442307692307692
