2 0.34615384615384615 0.35096153846153844 0.02403846153846154 0.014423076923076924
2 0.3858173076923077 0.4951923076923077 0.021634615384615384 0.014423076923076924
2 0.36177884615384615 0.39903846153846156 0.021634615384615384 0.014423076923076924
2 0.40865384615384615 0.59375 0.019230769230769232 0.014423076923076924
2 0.39783653846153844 0.5432692307692307 0.021634615384615384 0.014423076923076924
2 0.4362980769230769 0.6899038461538461 0.021634615384615384 0.014423076923076924
2 0.421875 0.6394230769230769 0.021634615384615384 0.014423076923076924
2 0.375 0.44711538461538464 0.02403846153846154 0.014423076923076924
2 0.4579326923076923 0.27884615384615385 0.026442307692307692 0.014423076923076924
2 0.5360576923076923 0.24759615384615385 0.014423076923076924 0.019230769230769232
2 0.5853365384615384 0.29086538461538464 0.021634615384615384 0.014423076923076924
2 0.609375 0.3870192307692308 0.021634615384615384 0.014423076923076924
2 0.6213942307692307 0.43509615384615385 0.021634615384615384 0.014423076923076924
2 0.6346153846153846 0.484375 0.019230769230769232 0.01201923076923077
2 0.6478365384615384 0.53125 0.026442307692307692 0.014423076923076924
2 0.6598557692307693 0.5841346153846154 0.021634615384615384 0.014423076923076924
2 0.5997596153846154 0.3389423076923077 0.021634615384615384 0.014423076923076924
2 0.6730769230769231 0.6274038461538461 0.02403846153846154 0.014423076923076924
2 0.5973557692307693 0.234375 0.021634615384615384 0.021634615384615384
2 0.18629807692307693 0.35096153846153844 0.021634615384615384 0.014423076923076924
