2 0.6875 0.4951923076923077 0.02403846153846154 0.02403846153846154
2 0.6634615384615384 0.3798076923076923 0.028846153846153848 0.019230769230769232
2 0.6754807692307693 0.4735576923076923 0.038461538461538464 0.03365384615384615
1 0.6081730769230769 0.1502403846153846 0.009615384615384616 0.007211538461538462
1 0.6057692307692307 0.48197115384615385 0.009615384615384616 0.007211538461538462
1 0.5576923076923077 0.2704326923076923 0.009615384615384616 0.007211538461538462
1 0.6057692307692307 0.5276442307692307 0.009615384615384616 0.007211538461538462
1 0.5889423076923077 0.48677884615384615 0.009615384615384616 0.007211538461538462
1 0.5961538461538461 0.5276442307692307 0.009615384615384616 0.007211538461538462
1 0.5793269230769231 0.48677884615384615 0.009615384615384616 0.007211538461538462
1 0.5865384615384616 0.5324519230769231 0.009615384615384616 0.007211538461538462
2 0.53125 0.2932692307692308 0.004807692307692308 0.004807692307692308
1 0.5673076923076923 0.49158653846153844 0.009615384615384616 0.007211538461538462
1 0.5745192307692307 0.5348557692307693 0.009615384615384616 0.007211538461538462
2 0.5216346153846154 0.2956730769230769 0.004807692307692308 0.004807692307692308
1 0.5576923076923077 0.49399038461538464 0.009615384615384616 0.007211538461538462
1 0.5649038461538461 0.5348557692307693 0.009615384615384616 0.007211538461538462
1 0.5480769230769231 0.4963942307692308 0.009615384615384616 0.007211538461538462
1 0.5552884615384616 0.5372596153846154 0.009615384615384616 0.007211538461538462
1 0.5432692307692307 0.5396634615384616 0.009615384615384616 0.007211538461538462
1 0.5336538461538461 0.4987980769230769 0.009615384615384616 0.007211538461538462
1 0.53125 0.5420673076923077 0.009615384615384616 0.007211538461538462
2 0.484375 0.32211538461538464 0.007211538461538462 0.009615384615384616
1 0.5144230769230769 0.5012019230769231 0.009615384615384616 0.007211538461538462
1 0.5192307692307693 0.5444711538461539 0.009615384615384616 0.007211538461538462
1 0.5048076923076923 0.5036057692307693 0.009615384615384616 0.007211538461538462
1 0.46153846153846156 0.30288461538461536 0.009615384615384616 0.009615384615384616
1 0.5096153846153846 0.5444711538461539 0.009615384615384616 0.007211538461538462
1 0.49278846153846156 0.5036057692307693 0.009615384615384616 0.007211538461538462
1 0.5 0.5492788461538461 0.009615384615384616 0.007211538461538462
2 0.4362980769230769 0.24278846153846154 0.03125 0.02403846153846154
1 0.49038461538461536 0.5492788461538461 0.009615384615384616 0.007211538461538462
1 0.4807692307692308 0.5084134615384616 0.009615384615384616 0.007211538461538462
1 0.47836538461538464 0.5516826923076923 0.009615384615384616 0.007211538461538462
1 0.46875 0.5108173076923077 0.009615384615384616 0.007211538461538462
1 0.46875 0.5540865384615384 0.009615384615384616 0.007211538461538462
1 0.45913461538461536 0.5132211538461539 0.009615384615384616 0.007211538461538462
1 0.4567307692307692 0.5564903846153846 0.009615384615384616 0.007211538461538462
1 0.4495192307692308 0.515625 0.009615384615384616 0.007211538461538462
1 0.44711538461538464 0.5588942307692307 0.009615384615384616 0.007211538461538462
1 0.43509615384615385 0.515625 0.009615384615384616 0.007211538461538462
1 0.4230769230769231 0.5204326923076923 0.009615384615384616 0.007211538461538462
1 0.43028846153846156 0.5612980769230769 0.009615384615384616 0.007211538461538462
1 0.38461538461538464 0.33533653846153844 0.009615384615384616 0.007211538461538462
1 0.41346153846153844 0.5228365384615384 0.009615384615384616 0.007211538461538462
1 0.4206730769230769 0.5637019230769231 0.009615384615384616 0.007211538461538462
1 0.40865384615384615 0.5661057692307693 0.009615384615384616 0.007211538461538462
2 0.34975961538461536 0.2776442307692308 0.04567307692307692 0.026442307692307692
1 0.39903846153846156 0.5276442307692307 0.009615384615384616 0.007211538461538462
1 0.39663461538461536 0.5685096153846154 0.009615384615384616 0.007211538461538462
1 0.3870192307692308 0.5709134615384616 0.009615384615384616 0.007211538461538462
1 0.37740384615384615 0.5300480769230769 0.009615384615384616 0.007211538461538462
1 0.37740384615384615 0.5733173076923077 0.009615384615384616 0.007211538461538462
1 0.3629807692307692 0.5324519230769231 0.009615384615384616 0.007211538461538462
0 0.30288461538461536 0.23918269230769232 0.009615384615384616 0.007211538461538462
0 0.30528846153846156 0.24639423076923078 0.009615384615384616 0.007211538461538462
1 0.36778846153846156 0.5733173076923077 0.009615384615384616 0.007211538461538462
1 0.34615384615384615 0.5348557692307693 0.009615384615384616 0.007211538461538462
1 0.35336538461538464 0.5757211538461539 0.009615384615384616 0.007211538461538462
0 0.2800480769230769 0.2439903846153846 0.01201923076923077 0.007211538461538462
1 0.33653846153846156 0.5372596153846154 0.009615384615384616 0.007211538461538462
1 0.34134615384615385 0.578125 0.009615384615384616 0.007211538461538462
1 0.31971153846153844 0.47115384615384615 0.009615384615384616 0.009615384615384616
1 0.3269230769230769 0.5396634615384616 0.009615384615384616 0.007211538461538462
1 0.3317307692307692 0.5805288461538461 0.009615384615384616 0.007211538461538462
2 0.2704326923076923 0.29447115384615385 0.04567307692307692 0.021634615384615384
1 0.31490384615384615 0.5420673076923077 0.009615384615384616 0.007211538461538462
1 0.32211538461538464 0.5829326923076923 0.009615384615384616 0.007211538461538462
1 0.30528846153846156 0.5444711538461539 0.009615384615384616 0.007211538461538462
1 0.31009615384615385 0.5853365384615384 0.009615384615384616 0.007211538461538462
1 0.2932692307692308 0.546875 0.009615384615384616 0.007211538461538462
0 0.21394230769230768 0.23076923076923078 0.009615384615384616 0.009615384615384616
0 0.21634615384615385 0.23798076923076922 0.009615384615384616 0.009615384615384616
1 0.23317307692307693 0.3918269230769231 0.009615384615384616 0.009615384615384616
1 0.2283653846153846 0.375 0.009615384615384616 0.009615384615384616
1 0.23076923076923078 0.4014423076923077 0.009615384615384616 0.009615384615384616
1 0.23076923076923078 0.4098557692307692 0.009615384615384616 0.007211538461538462
1 0.22115384615384615 0.3954326923076923 0.009615384615384616 0.007211538461538462
1 0.19951923076923078 0.2764423076923077 0.009615384615384616 0.009615384615384616
2 0.19471153846153846 0.2668269230769231 0.004807692307692308 0.004807692307692308
2 0.19230769230769232 0.2668269230769231 0.004807692307692308 0.004807692307692308
2 0.1971153846153846 0.3088942307692308 0.04807692307692308 0.026442307692307692
2 0.1875 0.2668269230769231 0.004807692307692308 0.004807692307692308
1 0.1875 0.27403846153846156 0.009615384615384616 0.009615384615384616
2 0.18509615384615385 0.2692307692307692 0.004807692307692308 0.004807692307692308
1 0.25240384615384615 0.6274038461538461 0.009615384615384616 0.009615384615384616
2 0.17548076923076922 0.26322115384615385 0.009615384615384616 0.007211538461538462
2 0.8509615384615384 0.47716346153846156 0.009615384615384616 0.007211538461538462
1 0.8112980769230769 0.31490384615384615 0.026442307692307692 0.019230769230769232
1 0.78125 0.2283653846153846 0.009615384615384616 0.009615384615384616
1 0.8052884615384616 0.43509615384615385 0.009615384615384616 0.009615384615384616
1 0.8028846153846154 0.45072115384615385 0.009615384615384616 0.007211538461538462
1 0.7283653846153846 0.23677884615384615 0.009615384615384616 0.007211538461538462
0 0.7620192307692307 0.5408653846153846 0.009615384615384616 0.009615384615384616
0 0.7596153846153846 0.5336538461538461 0.009615384615384616 0.009615384615384616
1 0.7235576923076923 0.49399038461538464 0.009615384615384616 0.007211538461538462
1 0.6971153846153846 0.44350961538461536 0.009615384615384616 0.007211538461538462
1 0.6430288461538461 0.18629807692307693 0.01201923076923077 0.007211538461538462
