2 0.5192307692307693 0.3137019230769231 0.02403846153846154 0.021634615384615384
2 0.40024038461538464 0.3233173076923077 0.016826923076923076 0.026442307692307692
2 0.49399038461538464 0.3233173076923077 0.03125 0.036057692307692304
1 0.16826923076923078 0.35096153846153844 0.004807692307692308 0.009615384615384616
1 0.4951923076923077 0.3942307692307692 0.004807692307692308 0.009615384615384616
1 0.28125 0.41586538461538464 0.004807692307692308 0.009615384615384616
1 0.5408653846153846 0.39903846153846156 0.004807692307692308 0.009615384615384616
1 0.49759615384615385 0.4110576923076923 0.004807692307692308 0.009615384615384616
1 0.5408653846153846 0.40865384615384615 0.004807692307692308 0.009615384615384616
1 0.49759615384615385 0.4206730769230769 0.004807692307692308 0.009615384615384616
1 0.5408653846153846 0.4182692307692308 0.004807692307692308 0.009615384615384616
2 0.2980769230769231 0.44471153846153844 0.004807692307692308 0.004807692307692308
1 0.5 0.4326923076923077 0.004807692307692308 0.009615384615384616
1 0.5432692307692307 0.43028846153846156 0.004807692307692308 0.009615384615384616
2 0.3004807692307692 0.4567307692307692 0.004807692307692308 0.004807692307692308
1 0.5 0.4423076923076923 0.004807692307692308 0.009615384615384616
1 0.5432692307692307 0.43990384615384615 0.004807692307692308 0.009615384615384616
1 0.5 0.4543269230769231 0.004807692307692308 0.009615384615384616
1 0.5432692307692307 0.4519230769230769 0.004807692307692308 0.009615384615384616
1 0.5432692307692307 0.4639423076923077 0.004807692307692308 0.009615384615384616
1 0.5024038461538461 0.46875 0.004807692307692308 0.009615384615384616
1 0.5456730769230769 0.4735576923076923 0.004807692307692308 0.009615384615384616
2 0.31971153846153844 0.49278846153846156 0.009615384615384616 0.004807692307692308
1 0.5024038461538461 0.4855769230769231 0.004807692307692308 0.009615384615384616
1 0.5456730769230769 0.4855769230769231 0.004807692307692308 0.009615384615384616
1 0.5048076923076923 0.49759615384615385 0.004807692307692308 0.009615384615384616
1 0.29927884615384615 0.5144230769230769 0.007211538461538462 0.009615384615384616
1 0.5456730769230769 0.49759615384615385 0.004807692307692308 0.009615384615384616
1 0.5024038461538461 0.5072115384615384 0.004807692307692308 0.009615384615384616
1 0.5480769230769231 0.5072115384615384 0.004807692307692308 0.009615384615384616
2 0.23677884615384615 0.5324519230769231 0.021634615384615384 0.03125
1 0.5480769230769231 0.5168269230769231 0.004807692307692308 0.009615384615384616
1 0.5072115384615384 0.5216346153846154 0.004807692307692308 0.009615384615384616
1 0.5504807692307693 0.5288461538461539 0.004807692307692308 0.009615384615384616
1 0.5072115384615384 0.5336538461538461 0.004807692307692308 0.009615384615384616
1 0.5504807692307693 0.5384615384615384 0.004807692307692308 0.009615384615384616
1 0.5072115384615384 0.5432692307692307 0.004807692307692308 0.009615384615384616
1 0.5504807692307693 0.5504807692307693 0.004807692307692308 0.009615384615384616
1 0.5096153846153846 0.5552884615384616 0.004807692307692308 0.009615384615384616
1 0.5528846153846154 0.5600961538461539 0.004807692307692308 0.009615384615384616
1 0.5072115384615384 0.5673076923076923 0.004807692307692308 0.009615384615384616
1 0.5120192307692307 0.5793269230769231 0.004807692307692308 0.009615384615384616
1 0.5528846153846154 0.5769230769230769 0.004807692307692308 0.009615384615384616
1 0.32211538461538464 0.5961538461538461 0.004807692307692308 0.009615384615384616
1 0.5120192307692307 0.5913461538461539 0.004807692307692308 0.009615384615384616
1 0.5528846153846154 0.5889423076923077 0.004807692307692308 0.009615384615384616
1 0.5552884615384616 0.5985576923076923 0.004807692307692308 0.009615384615384616
2 0.2608173076923077 0.6213942307692307 0.021634615384615384 0.04567307692307692
1 0.5144230769230769 0.6033653846153846 0.004807692307692308 0.009615384615384616
1 0.5552884615384616 0.6105769230769231 0.004807692307692308 0.009615384615384616
1 0.5552884615384616 0.6201923076923077 0.004807692307692308 0.009615384615384616
1 0.5144230769230769 0.6274038461538461 0.004807692307692308 0.009615384615384616
1 0.5576923076923077 0.6322115384615384 0.004807692307692308 0.009615384615384616
1 0.5144230769230769 0.6418269230769231 0.004807692307692308 0.009615384615384616
0 0.21875 0.6658653846153846 0.004807692307692308 0.009615384615384616
0 0.22355769230769232 0.6634615384615384 0.004807692307692308 0.009615384615384616
1 0.5576923076923077 0.6418269230769231 0.004807692307692308 0.009615384615384616
1 0.5168269230769231 0.65625 0.004807692307692308 0.009615384615384616
1 0.5576923076923077 0.65625 0.004807692307692308 0.009615384615384616
0 0.21875 0.6887019230769231 0.004807692307692308 0.01201923076923077
1 0.5168269230769231 0.6682692307692307 0.004807692307692308 0.009615384615384616
1 0.5576923076923077 0.6682692307692307 0.004807692307692308 0.009615384615384616
1 0.4483173076923077 0.6778846153846154 0.007211538461538462 0.009615384615384616
1 0.5168269230769231 0.6778846153846154 0.004807692307692308 0.009615384615384616
1 0.5576923076923077 0.6778846153846154 0.004807692307692308 0.009615384615384616
2 0.265625 0.7043269230769231 0.016826923076923076 0.04326923076923077
1 0.5192307692307693 0.6899038461538461 0.004807692307692308 0.009615384615384616
1 0.5600961538461539 0.6875 0.004807692307692308 0.009615384615384616
1 0.5192307692307693 0.6995192307692307 0.004807692307692308 0.009615384615384616
1 0.5600961538461539 0.6995192307692307 0.004807692307692308 0.009615384615384616
1 0.5192307692307693 0.7115384615384616 0.004807692307692308 0.009615384615384616
0 0.19831730769230768 0.7524038461538461 0.007211538461538462 0.009615384615384616
0 0.20552884615384615 0.7524038461538461 0.007211538461538462 0.009615384615384616
1 0.359375 0.7524038461538461 0.007211538461538462 0.009615384615384616
1 0.3425480769230769 0.7548076923076923 0.007211538461538462 0.009615384615384616
1 0.3713942307692308 0.7572115384615384 0.007211538461538462 0.009615384615384616
1 0.37740384615384615 0.7572115384615384 0.004807692307692308 0.009615384615384616
1 0.3605769230769231 0.7644230769230769 0.004807692307692308 0.009615384615384616
1 0.23918269230769232 0.7740384615384616 0.007211538461538462 0.009615384615384616
2 0.23076923076923078 0.7764423076923077 0.004807692307692308 0.004807692307692308
2 0.23076923076923078 0.7788461538461539 0.004807692307692308 0.004807692307692308
2 0.27524038461538464 0.7788461538461539 0.021634615384615384 0.04807692307692308
2 0.23076923076923078 0.78125 0.004807692307692308 0.004807692307692308
1 0.23677884615384615 0.7836538461538461 0.007211538461538462 0.009615384615384616
2 0.23076923076923078 0.7860576923076923 0.004807692307692308 0.004807692307692308
1 0.5949519230769231 0.7620192307692307 0.007211538461538462 0.009615384615384616
2 0.22596153846153846 0.7956730769230769 0.004807692307692308 0.009615384615384616
2 0.5216346153846154 0.15144230769230768 0.004807692307692308 0.009615384615384616
1 0.3545673076923077 0.16826923076923078 0.016826923076923076 0.02403846153846154
1 0.26322115384615385 0.18870192307692307 0.007211538461538462 0.007211538461538462
1 0.47475961538461536 0.18990384615384615 0.007211538461538462 0.009615384615384616
1 0.4879807692307692 0.19471153846153846 0.004807692307692308 0.009615384615384616
1 0.2644230769230769 0.2403846153846154 0.004807692307692308 0.009615384615384616
0 0.5733173076923077 0.24519230769230768 0.007211538461538462 0.009615384615384616
0 0.5661057692307693 0.24759615384615385 0.007211538461538462 0.009615384615384616
1 0.5216346153846154 0.2764423076923077 0.004807692307692308 0.009615384615384616
1 0.46634615384615385 0.2980769230769231 0.004807692307692308 0.009615384615384616
1 0.20673076923076922 0.32091346153846156 0.004807692307692308 0.01201923076923077
