2 0.5336538461538461 0.4338942307692308 0.004807692307692308 0.007211538461538462
2 0.5132211538461539 0.27524038461538464 0.036057692307692304 0.026442307692307692
2 0.5048076923076923 0.2247596153846154 0.028846153846153848 0.016826923076923076
2 0.4795673076923077 0.17427884615384615 0.036057692307692304 0.026442307692307692
2 0.47716346153846156 0.14543269230769232 0.036057692307692304 0.026442307692307692
2 0.5072115384615384 0.4831730769230769 0.004807692307692308 0.004807692307692308
2 0.47115384615384615 0.5264423076923077 0.009615384615384616 0.004807692307692308
2 0.4206730769230769 0.15144230769230768 0.004807692307692308 0.009615384615384616
2 0.39302884615384615 0.5420673076923077 0.01201923076923077 0.026442307692307692
2 0.38341346153846156 0.5492788461538461 0.01201923076923077 0.026442307692307692
2 0.3737980769230769 0.5552884615384616 0.01201923076923077 0.02403846153846154
2 0.34615384615384615 0.5072115384615384 0.004807692307692308 0.004807692307692308
2 0.3401442307692308 0.5072115384615384 0.007211538461538462 0.009615384615384616
2 0.2247596153846154 0.16105769230769232 0.007211538461538462 0.009615384615384616
2 0.23317307692307693 0.24519230769230768 0.004807692307692308 0.009615384615384616
2 0.22355769230769232 0.24759615384615385 0.004807692307692308 0.009615384615384616
2 0.21394230769230768 0.16346153846153846 0.004807692307692308 0.004807692307692308
2 0.21394230769230768 0.15625 0.004807692307692308 0.009615384615384616
2 0.2620192307692308 0.6730769230769231 0.009615384615384616 0.004807692307692308
2 0.19951923076923078 0.15625 0.004807692307692308 0.009615384615384616
2 0.2283653846153846 0.5036057692307693 0.009615384615384616 0.002403846153846154
2 0.2283653846153846 0.5060096153846154 0.009615384615384616 0.002403846153846154
2 0.21394230769230768 0.3954326923076923 0.009615384615384616 0.002403846153846154
2 0.21394230769230768 0.39903846153846156 0.009615384615384616 0.004807692307692308
2 0.21153846153846154 0.39302884615384615 0.009615384615384616 0.002403846153846154
2 0.21394230769230768 0.4074519230769231 0.009615384615384616 0.002403846153846154
2 0.21153846153846154 0.38822115384615385 0.009615384615384616 0.002403846153846154
2 0.21394230769230768 0.40865384615384615 0.009615384615384616 0.004807692307692308
2 0.21394230769230768 0.4026442307692308 0.009615384615384616 0.002403846153846154
2 0.21394230769230768 0.41346153846153844 0.009615384615384616 0.004807692307692308
2 0.2091346153846154 0.47115384615384615 0.009615384615384616 0.004807692307692308
2 0.19471153846153846 0.33653846153846156 0.009615384615384616 0.004807692307692308
2 0.20432692307692307 0.4230769230769231 0.004807692307692308 0.004807692307692308
2 0.19230769230769232 0.4735576923076923 0.009615384615384616 0.004807692307692308
2 0.15625 0.17307692307692307 0.004807692307692308 0.009615384615384616
2 0.16826923076923078 0.31009615384615385 0.009615384615384616 0.004807692307692308
2 0.16826923076923078 0.30649038461538464 0.009615384615384616 0.002403846153846154
2 0.16826923076923078 0.2956730769230769 0.009615384615384616 0.004807692307692308
2 0.16826923076923078 0.31490384615384615 0.009615384615384616 0.004807692307692308
2 0.1778846153846154 0.41586538461538464 0.004807692307692308 0.004807692307692308
2 0.18028846153846154 0.4519230769230769 0.004807692307692308 0.004807692307692308
