2 0.3737980769230769 0.328125 0.01201923076923077 0.007211538461538462
2 0.3762019230769231 0.33653846153846156 0.01201923076923077 0.009615384615384616
2 0.4182692307692308 0.3629807692307692 0.004807692307692308 0.009615384615384616
2 0.41466346153846156 0.3629807692307692 0.007211538461538462 0.009615384615384616
2 0.6129807692307693 0.49759615384615385 0.009615384615384616 0.009615384615384616
2 0.6141826923076923 0.5048076923076923 0.01201923076923077 0.009615384615384616
2 0.5637019230769231 0.515625 0.03125 0.04567307692307692
2 0.5588942307692307 0.6310096153846154 0.01201923076923077 0.01201923076923077
2 0.40384615384615385 0.6887019230769231 0.04807692307692308 0.06009615384615385
2 0.5685096153846154 0.6935096153846154 0.01201923076923077 0.01201923076923077
2 0.47596153846153844 0.16346153846153846 0.004807692307692308 0.009615384615384616
2 0.4735576923076923 0.16466346153846154 0.004807692307692308 0.007211538461538462
2 0.5396634615384616 0.16105769230769232 0.007211538461538462 0.009615384615384616
2 0.5612980769230769 0.1875 0.007211538461538462 0.009615384615384616
2 0.4855769230769231 0.21394230769230768 0.004807692307692308 0.004807692307692308
2 0.48677884615384615 0.21634615384615385 0.007211538461538462 0.004807692307692308
2 0.49038461538461536 0.23317307692307693 0.004807692307692308 0.004807692307692308
2 0.3737980769230769 0.32091346153846156 0.01201923076923077 0.007211538461538462
