2 0.3557692307692308 0.375 0.009615384615384616 0.03365384615384615
1 0.6574519230769231 0.41586538461538464 0.036057692307692304 0.009615384615384616
1 0.6538461538461539 0.4254807692307692 0.03365384615384615 0.009615384615384616
2 0.7355769230769231 0.4879807692307692 0.019230769230769232 0.014423076923076924
1 0.4338942307692308 0.4831730769230769 0.036057692307692304 0.009615384615384616
1 0.35216346153846156 0.4855769230769231 0.007211538461538462 0.052884615384615384
2 0.3629807692307692 0.5360576923076923 0.004807692307692308 0.019230769230769232
2 0.35096153846153844 0.5384615384615384 0.004807692307692308 0.019230769230769232
2 0.3557692307692308 0.5384615384615384 0.004807692307692308 0.019230769230769232
2 0.7043269230769231 0.7175480769230769 0.02403846153846154 0.021634615384615384
1 0.6959134615384616 0.22596153846153846 0.036057692307692304 0.009615384615384616
1 0.6959134615384616 0.234375 0.036057692307692304 0.01201923076923077
1 0.6550480769230769 0.23317307692307693 0.036057692307692304 0.009615384615384616
1 0.6935096153846154 0.2439903846153846 0.036057692307692304 0.007211538461538462
1 0.6550480769230769 0.2439903846153846 0.036057692307692304 0.01201923076923077
2 0.375 0.25 0.019230769230769232 0.009615384615384616
