1 0.765625 0.33653846153846156 0.007211538461538462 0.009615384615384616
1 0.4170673076923077 0.3004807692307692 0.007211538461538462 0.009615384615384616
2 0.7415865384615384 0.33653846153846156 0.007211538461538462 0.004807692307692308
1 0.7884615384615384 0.34375 0.004807692307692308 0.009615384615384616
1 0.796875 0.34615384615384615 0.007211538461538462 0.009615384615384616
1 0.7632211538461539 0.3485576923076923 0.007211538461538462 0.009615384615384616
1 0.7896634615384616 0.3629807692307692 0.007211538461538462 0.009615384615384616
1 0.7199519230769231 0.3629807692307692 0.007211538461538462 0.009615384615384616
2 0.4230769230769231 0.3317307692307692 0.009615384615384616 0.004807692307692308
1 0.7884615384615384 0.37740384615384615 0.004807692307692308 0.009615384615384616
1 0.71875 0.37259615384615385 0.004807692307692308 0.009615384615384616
1 0.7043269230769231 0.3870192307692308 0.004807692307692308 0.009615384615384616
1 0.7175480769230769 0.3870192307692308 0.007211538461538462 0.009615384615384616
1 0.7151442307692307 0.39903846153846156 0.007211538461538462 0.009615384615384616
1 0.703125 0.39663461538461536 0.007211538461538462 0.009615384615384616
1 0.7019230769230769 0.4074519230769231 0.009615384615384616 0.01201923076923077
2 0.8149038461538461 0.42788461538461536 0.004807692307692308 0.009615384615384616
2 0.8137019230769231 0.4411057692307692 0.007211538461538462 0.01201923076923077
2 0.7391826923076923 0.45913461538461536 0.007211538461538462 0.014423076923076924
2 0.7379807692307693 0.47115384615384615 0.004807692307692308 0.009615384615384616
1 0.44591346153846156 0.4543269230769231 0.007211538461538462 0.009615384615384616
1 0.4519230769230769 0.4543269230769231 0.004807692307692308 0.009615384615384616
1 0.6971153846153846 0.5673076923076923 0.004807692307692308 0.009615384615384616
1 0.44711538461538464 0.5528846153846154 0.004807692307692308 0.009615384615384616
1 0.41947115384615385 0.5504807692307693 0.007211538461538462 0.009615384615384616
1 0.4326923076923077 0.5504807692307693 0.004807692307692308 0.009615384615384616
1 0.4266826923076923 0.5504807692307693 0.007211538461538462 0.009615384615384616
1 0.43990384615384615 0.5528846153846154 0.004807692307692308 0.009615384615384616
1 0.6959134615384616 0.5817307692307693 0.007211538461538462 0.009615384615384616
1 0.4254807692307692 0.5673076923076923 0.004807692307692308 0.009615384615384616
1 0.4375 0.5697115384615384 0.004807692307692308 0.009615384615384616
1 0.44471153846153844 0.5697115384615384 0.004807692307692308 0.009615384615384616
1 0.43028846153846156 0.5673076923076923 0.004807692307692308 0.009615384615384616
1 0.49158653846153844 0.5793269230769231 0.007211538461538462 0.009615384615384616
1 0.421875 0.5841346153846154 0.007211538461538462 0.009615384615384616
1 0.42908653846153844 0.5841346153846154 0.007211538461538462 0.009615384615384616
1 0.4411057692307692 0.5865384615384616 0.007211538461538462 0.009615384615384616
1 0.43509615384615385 0.5865384615384616 0.004807692307692308 0.009615384615384616
1 0.4206730769230769 0.6009615384615384 0.004807692307692308 0.009615384615384616
1 0.41346153846153844 0.5985576923076923 0.004807692307692308 0.009615384615384616
1 0.42788461538461536 0.6009615384615384 0.004807692307692308 0.009615384615384616
1 0.43509615384615385 0.6009615384615384 0.004807692307692308 0.009615384615384616
1 0.4411057692307692 0.6033653846153846 0.007211538461538462 0.009615384615384616
2 0.3701923076923077 0.6201923076923077 0.004807692307692308 0.009615384615384616
2 0.6165865384615384 0.6466346153846154 0.007211538461538462 0.004807692307692308
1 0.484375 0.6370192307692307 0.007211538461538462 0.009615384615384616
1 0.49158653846153844 0.6394230769230769 0.007211538461538462 0.009615384615384616
2 0.5901442307692307 0.6502403846153846 0.007211538461538462 0.01201923076923077
1 0.36899038461538464 0.6346153846153846 0.007211538461538462 0.009615384615384616
1 0.3713942307692308 0.6442307692307693 0.007211538461538462 0.009615384615384616
1 0.3641826923076923 0.6442307692307693 0.007211538461538462 0.009615384615384616
2 0.5889423076923077 0.6778846153846154 0.004807692307692308 0.009615384615384616
1 0.5588942307692307 0.7067307692307693 0.007211538461538462 0.009615384615384616
1 0.5336538461538461 0.7115384615384616 0.004807692307692308 0.009615384615384616
1 0.38221153846153844 0.7091346153846154 0.004807692307692308 0.009615384615384616
1 0.546875 0.734375 0.007211538461538462 0.01201923076923077
1 0.7007211538461539 0.27884615384615385 0.007211538461538462 0.009615384615384616
1 0.5192307692307693 0.27163461538461536 0.004807692307692308 0.009615384615384616
1 0.7644230769230769 0.2980769230769231 0.004807692307692308 0.009615384615384616
1 0.7704326923076923 0.2980769230769231 0.007211538461538462 0.009615384615384616
1 0.3786057692307692 0.2668269230769231 0.007211538461538462 0.009615384615384616
2 0.4423076923076923 0.2764423076923077 0.004807692307692308 0.009615384615384616
1 0.4170673076923077 0.28125 0.007211538461538462 0.009615384615384616
1 0.7728365384615384 0.32211538461538464 0.002403846153846154 0.009615384615384616
1 0.7800480769230769 0.3317307692307692 0.002403846153846154 0.009615384615384616
