2 0.3125 0.36778846153846156 0.03365384615384615 0.02403846153846154
2 0.3161057692307692 0.49158653846153844 0.021634615384615384 0.01201923076923077
2 0.6081730769230769 0.6442307692307693 0.014423076923076924 0.009615384615384616
2 0.6778846153846154 0.3581730769230769 0.009615384615384616 0.009615384615384616
2 0.6923076923076923 0.35697115384615385 0.014423076923076924 0.007211538461538462
2 0.6995192307692307 0.18028846153846154 0.004807692307692308 0.004807692307692308
2 0.6995192307692307 0.18509615384615385 0.004807692307692308 0.004807692307692308
2 0.27524038461538464 0.44711538461538464 0.021634615384615384 0.014423076923076924
2 0.2776442307692308 0.31009615384615385 0.016826923076923076 0.009615384615384616
2 0.27884615384615385 0.33653846153846156 0.014423076923076924 0.014423076923076924
2 0.2956730769230769 0.5120192307692307 0.019230769230769232 0.014423076923076924
2 0.29927884615384615 0.4230769230769231 0.026442307692307692 0.019230769230769232
2 0.3004807692307692 0.3112980769230769 0.019230769230769232 0.01201923076923077
2 0.3004807692307692 0.33413461538461536 0.019230769230769232 0.014423076923076924
