0 0.6984811282467532 0.3079268292682927 0.006946022727272727 0.00426829268292683
0 0.6332883522727273 0.30942225609756097 0.010894886363636364 0.049332317073170734
0 0.38999188311688315 0.3118246951219512 0.00685064935064935 0.00413719512195122
1 0.6992562905844155 0.31680335365853657 0.008496347402597403 0.004338414634146342
0 0.8474178165584415 0.3174801829268293 0.018699269480519483 0.01239939024390244
0 0.4933847402597403 0.3184954268292683 0.004626623376623376 0.0022347560975609754
0 0.5282295048701299 0.31869969512195123 0.006134334415584416 0.0026432926829268294
0 0.4851085633116883 0.32052896341463416 0.00024959415584415584 0.001423780487804878
0 0.4829657061688311 0.3214435975609756 0.005298295454545455 0.0032530487804878047
1 0.6994673295454545 0.3251890243902439 0.008918425324675325 0.003426829268292683
0 0.4933167613636364 0.32571189024390246 0.004084821428571428 0.0026432926829268294
0 0.565294237012987 0.32601676829268295 0.007211850649350649 0.0026432926829268294
0 0.7673873782467532 0.32609298780487805 0.005959821428571429 0.002795731707317073
0 0.7804109172077922 0.32604115853658533 0.005627029220779221 0.003301829268292683
0 0.8399726055194806 0.3282515243902439 0.006243912337662337 0.004064024390243903
0 0.839838676948052 0.3285564024390244 0.006381899350649351 0.004673780487804878
0 0.4826948051948052 0.3288612804878049 0.0051623376623376625 0.0022347560975609754
0 0.8475375405844155 0.3301829268292683 0.0022991071428571427 0.009146341463414634
0 0.5648883928571429 0.33119969512195124 0.005588474025974025 0.0020335365853658537
1 0.6848691152597403 0.33237195121951224 0.0077252435064935066 0.005597560975609756
0 0.35335633116883114 0.3325564024390244 0.013936688311688313 0.02852743902439024
0 0.6685044642857143 0.3329268292682927 0.008275162337662338 0.00426829268292683
1 0.6998478084415585 0.3331890243902439 0.00846185064935065 0.0054024390243902435
1 0.42607853084415587 0.33314481707317073 0.0075953733766233765 0.015679878048780488
0 0.8399807224025975 0.33434908536585367 0.00666599025974026 0.004064024390243903
0 0.7604849837662337 0.3349344512195122 0.0018952922077922077 0.011942073170731708
0 0.7560196834415585 0.3355442073170732 0.0018932629870129871 0.011942073170731708
0 0.49304687500000005 0.33577286585365856 0.005980113636363636 0.0026432926829268294
0 0.7929596185064935 0.3362042682926829 0.0023153409090909093 0.011432926829268292
0 0.7884618506493506 0.33628048780487807 0.0022483766233766236 0.012195121951219513
1 0.6545515422077922 0.3378460365853658 0.009184253246753246 0.005570121951219512
0 0.8555346996753246 0.3384146341463415 0.008553165584415583 0.023170731707317073
0 0.6343364448051948 0.3394314024390244 0.006903409090909091 0.0026432926829268294
1 0.6744368912337663 0.3398506097560976 0.007153003246753247 0.005310975609756098
1 0.6847209821428571 0.33980487804878046 0.007428977272727273 0.004
0 0.5616690340909092 0.3401417682926829 0.0023965097402597405 0.0004054878048780488
0 0.8474776785714285 0.34053048780487805 0.002179383116883117 0.007890243902439024
0 0.8399441964285714 0.3406509146341464 0.00578125 0.0038628048780487804
0 0.5587621753246753 0.34126067073170735 0.008758116883116883 0.0020335365853658537
1 0.6998051948051948 0.3414679878048781 0.008782467532467532 0.005496951219512196
0 0.5198396915584416 0.3424801829268293 0.005588474025974025 0.0026432926829268294
0 0.7979596185064934 0.3437088414634146 0.003386769480519481 0.011807926829268291
0 0.6847412743506494 0.34583384146341467 0.0054403409090909086 0.0026432926829268294
0 0.7500487012987013 0.34608689024390243 0.0017207792207792208 0.011685975609756098
1 0.6741467126623377 0.346547256097561 0.008601866883116883 0.004679878048780488
0 0.8399137581168832 0.34644359756097565 0.006532061688311688 0.0032530487804878047
0 0.6979352678571429 0.3490853658536585 0.007071834415584416 0.003048780487804878
1 0.42870332792207794 0.35165548780487804 0.00716314935064935 0.013067073170731707
0 0.7860937499999999 0.3524390243902439 0.0015706168831168832 0.009146341463414634
0 0.839507913961039 0.35254115853658535 0.006937905844155844 0.0026432926829268294
0 0.7624979707792208 0.35282012195121953 0.0010511363636363637 0.012957317073170731
0 0.7801907467532468 0.353125 0.002751623376623377 0.009908536585365854
0 0.7042268668831169 0.3534557926829268 0.002203733766233766 0.009960365853658537
0 0.7916355519480519 0.3534878048780488 0.003319805194805195 0.011243902439024392
0 0.7670657467532467 0.354547256097561 0.0020698051948051946 0.010923780487804877
0 0.6982061688311689 0.3558948170731707 0.006801948051948053 0.0038628048780487804
0 0.7981392045454545 0.3565167682926829 0.004557629870129871 0.011814024390243903
0 0.8545282061688311 0.3573170731707317 0.006540178571428571 0.003048780487804878
1 0.35706676136363635 0.3615853658536585 0.007558847402597403 0.01524390243902439
0 0.7561556412337662 0.36237347560975613 0.0025710227272727273 0.011942073170731708
0 0.6986799918831168 0.36290701219512195 0.00734375 0.0032530487804878047
0 0.7500689935064936 0.36290701219512195 0.002167207792207792 0.011179878048780489
0 0.8550608766233766 0.3639878048780488 0.007199675324675324 0.0035853658536585367
0 0.5574492694805195 0.3699192073170732 0.006132305194805195 0.0032530487804878047
0 0.6870424107142857 0.3699192073170732 0.007201704545454546 0.004472560975609756
0 0.7985247564935065 0.3699710365853659 0.004111201298701299 0.010673780487804877
1 0.676393060064935 0.3702332317073171 0.008224431818181818 0.006320121951219513
0 0.8458674918831169 0.37164634146341463 0.0030174512987012985 0.01097560975609756
0 0.7707416801948053 0.37504725609756095 0.015915178571428573 0.015948170731707317
0 0.6869074675324676 0.3777439024390244 0.007337662337662337 0.00426829268292683
1 0.6764326298701299 0.3776204268292683 0.009115259740259741 0.005240853658536586
0 0.7475284090909091 0.37883689024390244 0.0015503246753246754 0.00889329268292683
0 0.5208553165584415 0.37896341463414634 0.0068080357142857135 0.00426829268292683
0 0.4854697646103896 0.37947103658536585 0.006653814935064935 0.003454268292682927
1 0.35725547889610393 0.38279573170731707 0.007124594155844156 0.014371951219512196
0 0.5568496347402598 0.3847560975609756 0.0057447240259740255 0.003658536585365854
0 0.6959050324675324 0.3855685975609756 0.001387987012987013 0.005893292682926828
0 0.798317775974026 0.38671646341463417 0.0036972402597402593 0.011847560975609756
0 0.7819490665584415 0.387672256097561 0.003427353896103896 0.010710365853658537
0 0.5571205357142857 0.3918704268292683 0.005880681818181818 0.0026432926829268294
0 0.4895961850649351 0.3929878048780488 0.00029626623376623375 0.0012195121951219512
0 0.48621448863636363 0.3938003048780488 0.006519886363636364 0.004064024390243903
0 0.7591832386363636 0.3953003048780488 0.001726866883116883 0.011942073170731708
0 0.7723762175324675 0.3952240853658537 0.0017329545454545453 0.011179878048780489
0 0.754632711038961 0.3955030487804878 0.001554383116883117 0.012957317073170731
0 0.8581178977272728 0.39558841463414635 0.0019500811688311687 0.00825
0 0.7637834821428572 0.39585823170731704 0.0024046266233766233 0.012448170731707316
0 0.7683167613636364 0.3956051829268293 0.0017309253246753245 0.011942073170731708
0 0.777619724025974 0.3957576219512195 0.0020738636363636367 0.010417682926829269
0 0.8457995129870131 0.3979679878048781 0.003287337662337662 0.01361890243902439
1 0.42744115259740256 0.39897713414634145 0.007885551948051949 0.015027439024390243
0 0.5584730113636364 0.39888262195121954 0.006962256493506494 0.004472560975609756
0 0.6862976866883117 0.4009146341463415 0.004900568181818181 0.0024390243902439024
0 0.7981879058441558 0.4011173780487805 0.0014082792207792208 0.013210365853658536
0 0.7830499188311688 0.40208384146341464 0.0015706168831168832 0.012704268292682928
0 0.7881747159090909 0.40246493902439023 0.0020799512987012985 0.010417682926829269
0 0.7931310876623378 0.4033795731707317 0.002252435064935065 0.010417682926829269
0 0.7486454951298701 0.4036844512195122 0.0025669642857142857 0.010417682926829269
0 0.5605712256493506 0.4064024390243902 0.006694399350649351 0.00426829268292683
0 0.4879738230519481 0.4069100609756097 0.009632711038961038 0.004064024390243903
0 0.6953642451298702 0.4088414634146341 0.0035531655844155846 0.01402439024390244
1 0.3522250405844156 0.41049695121951224 0.008427353896103896 0.016115853658536586
0 0.7595890827922078 0.4135670731707317 0.001726866883116883 0.010670731707317074
0 0.7542268668831169 0.4140243902439024 0.001554383116883117 0.012195121951219513
0 0.7636992694805195 0.4138719512195122 0.0022362012987012987 0.010670731707317074
0 0.7729515016233767 0.4140746951219512 0.0020718344155844157 0.011685975609756098
0 0.7686049107142857 0.4145579268292683 0.00190137987012987 0.011432926829268292
0 0.7772980925324675 0.41529420731707317 0.0022422889610389614 0.011685975609756098
0 0.7481381899350649 0.41783536585365855 0.0015523538961038962 0.010670731707317074
0 0.7879890422077922 0.4184451219512195 0.002926136363636364 0.010670731707317074
0 0.783184862012987 0.41880030487804876 0.0022463474025974026 0.010161585365853657
0 0.7935024350649351 0.41946189024390246 0.002589285714285714 0.009655487804878049
0 0.5209232954545455 0.4201219512195122 0.006943993506493506 0.003658536585365854
0 0.48607954545454546 0.4206295731707317 0.0074675324675324666 0.003454268292682927
0 0.8581808035714286 0.4209344512195122 0.0012642045454545456 0.00833231707317073
0 0.8457995129870131 0.42327286585365853 0.002881493506493506 0.014228658536585366
0 0.4860115665584416 0.4274390243902439 0.007737418831168832 0.0024390243902439024
0 0.6821702516233766 0.42896341463414633 0.00557426948051948 0.0024390243902439024
0 0.7723863636363637 0.43245579268292683 0.01676948051948052 0.015521341463414632
0 0.7477313311688312 0.43277439024390246 0.0015503246753246754 0.007621951219512195
0 0.7550558035714285 0.4334862804878049 0.0024005681818181817 0.012704268292682928
0 0.7598092532467533 0.43412042682926827 0.002573051948051948 0.013972560975609756
0 0.6954312094155845 0.4349588414634146 0.0028754058441558443 0.011990853658536586
0 0.7830326704545454 0.4353658536585366 0.0027536525974025975 0.012195121951219513
0 0.7884963474025974 0.43582317073170734 0.00231737012987013 0.013719512195121951
0 0.7934862012987013 0.43610213414634147 0.00174512987012987 0.012448170731707316
0 0.35769581980519477 0.44104420731707317 0.005976055194805195 0.003429878048780488
0 0.8583157467532467 0.4412606707317073 0.001534090909090909 0.00813109756097561
0 0.8015706168831168 0.4425807926829268 0.0020860389610389608 0.010161585365853657
0 0.748341112012987 0.44654420731707317 0.0015523538961038962 0.00711280487804878
0 0.7485440340909091 0.44646798780487806 0.0015523538961038962 0.012448170731707316
1 0.35124188311688315 0.4483018292682927 0.007272727272727274 0.003920731707317073
0 0.358244724025974 0.4483018292682927 0.006262175324675325 0.003920731707317073
0 0.7879383116883117 0.4500762195121951 0.002418831168831169 0.009908536585365854
0 0.8458664772727273 0.4503048780487805 0.002609577922077922 0.015853658536585366
0 0.7834719967532467 0.45116920731707316 0.002414772727272727 0.009655487804878049
0 0.7561891233766234 0.4515746951219512 0.002232142857142857 0.011685975609756098
0 0.7925213068181818 0.45147408536585365 0.002250405844155844 0.009655487804878049
0 0.7515878652597402 0.45175304878048783 0.0015523538961038962 0.011432926829268292
0 0.7786343344155845 0.45175304878048783 0.0020738636363636367 0.011432926829268292
0 0.7608918425324676 0.45170274390243903 0.0018973214285714286 0.011942073170731708
0 0.7657295048701298 0.4521600609756098 0.0022382305194805193 0.010417682926829269
0 0.6817644074675325 0.45508079268292684 0.005980113636363636 0.002844512195121951
0 0.3517207792207792 0.45555335365853655 0.009448051948051948 0.005009146341463415
0 0.6960399756493506 0.46128048780487807 0.0032812500000000003 0.01402439024390244
1 0.42707589285714287 0.4648521341463414 0.007560876623376623 0.015679878048780488
0 0.3515036525974026 0.46561432926829266 0.009013798701298701 0.005009146341463415
0 0.352619724025974 0.4747606707317073 0.007999188311688311 0.005009146341463415
0 0.6816294642857144 0.47672713414634144 0.006116071428571429 0.0022347560975609754
1 0.3950994318181818 0.48416768292682927 0.007731331168831169 0.012847560975609757
0 0.6959689529220779 0.4873978658536585 0.0031392045454545457 0.015039634146341463
0 0.5251623376623377 0.49809451219512196 0.012987012987012988 0.023628048780487805
1 0.3587672483766234 0.5010015243902439 0.007713068181818181 0.014807926829268292
0 0.5663058035714286 0.5038612804878049 0.006799918831168831 0.002844512195121951
0 0.8397209821428573 0.5168704268292683 0.006958198051948051 0.0038628048780487804
0 0.5535582386363637 0.5191692073170732 0.0015969967532467532 0.010289634146341464
0 0.5297341720779222 0.5214939024390244 0.001838474025974026 0.010670731707317074
0 0.6902871347402597 0.5222560975609756 0.016937905844155846 0.016463414634146342
0 0.7115229301948053 0.5263216463414634 0.00989650974025974 0.004472560975609756
1 0.42466923701298703 0.5306844512195122 0.008429383116883116 0.015027439024390243
0 0.8165148133116883 0.5307926829268292 0.00924715909090909 0.004878048780487805
0 0.8002759740259741 0.5307926829268292 0.00801948051948052 0.004878048780487805
1 0.6776633522727273 0.5343795731707317 0.002648133116883117 0.010222560975609757
0 0.7695596590909091 0.5342484756097561 0.010710227272727272 0.004472560975609756
0 0.7565685876623376 0.5403460365853658 0.0029910714285714284 0.014228658536585366
0 0.5117207792207793 0.5420350609756097 0.012483766233766234 0.025533536585365852
0 0.8374198457792208 0.5474588414634146 0.0011383928571428571 0.010771341463414633
0 0.8411414366883118 0.5478658536585366 0.00127637987012987 0.00975609756097561
0 0.8447270698051947 0.5483734756097561 0.0015482954545454545 0.008942073170731707
0 0.5785744724025974 0.5493521341463414 0.0021164772727272725 0.010289634146341464
0 0.5563494318181819 0.5500381097560976 0.0031209415584415585 0.011051829268292682
0 0.7224157873376623 0.5503048780487805 0.009360795454545455 0.004878048780487805
1 0.6782122564935065 0.550358231707317 0.002528409090909091 0.00986280487804878
0 0.6881209415584415 0.551016768292683 0.009358766233766233 0.0032530487804878047
0 0.7039458198051948 0.551016768292683 0.010164366883116885 0.0038628048780487804
0 0.7405499188311688 0.5517271341463414 0.02330762987012987 0.03211280487804878
1 0.7580803571428572 0.5531021341463415 0.006826298701298701 0.0037652439024390243
0 0.5244308035714286 0.5552591463414634 0.0025953733766233764 0.009908536585365854
0 0.5385633116883117 0.5554115853658537 0.002857142857142857 0.011432926829268292
0 0.7721306818181818 0.5570121951219512 0.006517857142857142 0.0024390243902439024
0 0.7784892451298702 0.5594512195121951 0.001377840909090909 0.00853658536585366
1 0.7581879058441559 0.5604192073170732 0.006229707792207792 0.0037652439024390243
0 0.8433056006493508 0.562297256097561 0.0015462662337662337 0.008740853658536586
0 0.6775659496753247 0.5630076219512195 0.0020474837662337662 0.010161585365853657
1 0.4249969561688312 0.5650045731707317 0.007867288961038962 0.01415548780487805
0 0.7274198457792208 0.5649390243902439 0.002323457792207792 0.01097560975609756
0 0.7549452110389611 0.5677850609756098 0.009890422077922078 0.004472560975609756
0 0.7313463879870129 0.5728658536585366 0.00408887987012987 0.0024390243902439024
0 0.6778368506493506 0.5740853658536585 0.005430194805194805 0.0024390243902439024
0 0.7665817775974026 0.5791661585365854 0.0031310876623376624 0.013210365853658536
0 0.4333624188311689 0.5817942073170732 0.0030884740259740262 0.011759146341463415
1 0.4248812905844156 0.5831661585365854 0.008447646103896105 0.013283536585365853
0 0.3957832792207792 0.5833185975609756 0.008287337662337663 0.005661585365853658
0 0.3592075892857143 0.5841082317073171 0.007376217532467533 0.004192073170731708
0 0.8489945211038962 0.5884420731707317 0.005213068181818182 0.0024939024390243903
0 0.759153814935065 0.5929878048780488 0.008161525974025974 0.003658536585365854
0 0.5766467126623377 0.597484756097561 0.0071895292207792205 0.005335365853658537
0 0.7783685064935065 0.6012195121951219 0.001542207792207792 0.007317073170731708
0 0.7747148944805194 0.6018292682926829 0.0015401785714285715 0.009146341463414634
0 0.5374979707792208 0.6040396341463414 0.002349837662337662 0.012957317073170731
0 0.5505387581168831 0.6041158536585366 0.0028632305194805194 0.013719512195121951
1 0.7638139204545454 0.6080091463414634 0.005306412337662337 0.003823170731707317
1 0.7639082792207792 0.6134115853658536 0.005089285714285714 0.003652439024390244
1 0.7639823457792209 0.6185396341463415 0.0056432629870129866 0.004152439024390243
1 0.7640300324675324 0.6239588414634146 0.005738636363636364 0.0040152439024390245
1 0.7638687094155844 0.6289649390243903 0.0058218344155844155 0.0036615853658536583
0 0.7496154626623377 0.630155487804878 0.008159496753246754 0.003603658536585366
1 0.5897686688311689 0.6351783536585367 0.00502435064935065 0.0032835365853658535
1 0.7640939529220779 0.6352713414634147 0.005054788961038961 0.0034695121951219513
1 0.5889103084415584 0.6402439024390244 0.005336850649350649 0.003048780487804878
1 0.7640614853896104 0.6405792682926829 0.005395698051948052 0.003719512195121951
0 0.4479758522727273 0.6423125 0.013240665584415584 0.022429878048780487
1 0.5946245941558441 0.6449115853658537 0.0017491883116883115 0.010554878048780487
1 0.7578946834415585 0.6460182926829269 0.0048315746753246755 0.004841463414634146
1 0.7644987824675324 0.645954268292683 0.00505275974025974 0.0034939024390243903
1 0.5654748376623376 0.6484527439024391 0.007978896103896104 0.004222560975609756
0 0.8386799918831169 0.6485594512195122 0.006499594155844156 0.004435975609756098
0 0.7836962256493506 0.6489740853658538 0.006515827922077922 0.002216463414634146
0 0.8463007305194805 0.6495289634146342 0.002260551948051948 0.009423780487804878
1 0.7646428571428571 0.651126524390244 0.0049350649350649355 0.004082317073170732
1 0.7503104707792209 0.6516234756097561 0.0058969155844155845 0.0032469512195121954
0 0.8009486607142857 0.6521341463414634 0.0024655032467532467 0.009146341463414634
1 0.7570900974025974 0.6524283536585366 0.005657467532467532 0.0036371951219512193
0 0.7395769074675325 0.6526326219512196 0.005939529220779221 0.002216463414634146
0 0.5325253652597403 0.6542682926829269 0.003362418831168831 0.012195121951219513
0 0.7879961444805195 0.6550167682926828 0.009839691558441558 0.003326219512195122
1 0.5744825487012988 0.6555106707317072 0.002049512987012987 0.011021341463414634
1 0.7644734172077922 0.6559283536585366 0.005407873376623376 0.0033201219512195125
0 0.5579646915584415 0.6560746951219513 0.007974837662337662 0.004222560975609756
1 0.7496073457792208 0.6568170731707318 0.005708198051948052 0.0032682926829268296
1 0.7573660714285715 0.6571097560975611 0.005397727272727273 0.0038536585365853662
0 0.5023589691558441 0.6576600609756098 0.009182224025974026 0.004954268292682927
1 0.5956392045454545 0.6589588414634147 0.00580762987012987 0.0032835365853658535
1 0.7644226866883117 0.6609375 0.004900568181818181 0.004192073170731708
1 0.5645373376623376 0.6670503048780488 0.006103896103896104 0.004222560975609756
1 0.7521875 0.6689237804878049 0.0051866883116883115 0.003701219512195122
0 0.5898934659090909 0.6701920731707317 0.0028388798701298704 0.011725609756097561
0 0.7053480113636363 0.6707591463414635 0.010533685064935063 0.0024939024390243903
0 0.8180164366883117 0.6733094512195121 0.002104301948051948 0.012472560975609755
1 0.7597696834415585 0.6732942073170732 0.004523133116883116 0.0020762195121951216
1 0.7522250405844156 0.6736280487804878 0.0048559253246753245 0.003353658536585366
1 0.566489448051948 0.6778612804878049 0.005949675324675325 0.0032835365853658535
0 0.784085836038961 0.6787698170731706 0.02312297077922078 0.03132012195121951
1 0.565583400974026 0.6827164634146341 0.006572646103896104 0.004457317073170731
1 0.5720322646103896 0.6831143292682926 0.004859983766233766 0.0028140243902439028
0 0.8179058441558441 0.6872225609756099 0.0022889610389610388 0.011640243902439024
0 0.7526187094155845 0.6898353658536585 0.01822443181818182 0.011378048780487805
1 0.5735308441558442 0.6903384146341464 0.005016233766233766 0.004457317073170731
1 0.7684902597402598 0.6945868902439024 0.006136363636363636 0.004417682926829269
0 0.5958583603896104 0.6952865853658536 0.00705762987012987 0.0039878048780487806
1 0.566645698051948 0.6954740853658538 0.006262175324675325 0.003753048780487805
1 0.5739519074675324 0.6954740853658538 0.004234983766233767 0.003753048780487805
0 0.3638118912337662 0.6971036585365854 0.004815340909090909 0.004573170731707317
0 0.8502932224025974 0.6980914634146341 0.01633319805194805 0.018134146341463413
0 0.6313007305194805 0.6987576219512196 0.006919642857142858 0.004222560975609756
0 0.8317471590909091 0.6985868902439024 0.015767045454545454 0.02217378048780488
0 0.8102851055194805 0.7003323170731708 0.0024695616883116884 0.011640243902439024
2 0.7959415584415584 0.7030030487804878 0.0200487012987013 0.012103658536585366
1 0.7681970373376624 0.7042576219512195 0.0027090097402597403 0.011564024390243902
0 0.5733279220779222 0.7059801829268292 0.005016233766233766 0.0028140243902439028
1 0.6301501623376624 0.7072942073170733 0.0017775974025974026 0.0072713414634146345
1 0.6335227272727273 0.7073871951219513 0.0016233766233766235 0.008676829268292684
1 0.5693313717532468 0.7128521341463415 0.005951704545454545 0.003753048780487805
1 0.6336475243506493 0.7177057926829268 0.0014671266233766236 0.007972560975609756
1 0.6303530844155845 0.7180823170731707 0.0017775974025974026 0.00750609756097561
0 0.4507295048701299 0.7181524390243902 0.0025142045454545456 0.010085365853658537
1 0.7680823863636363 0.7183399390243903 0.0020738636363636367 0.01289939024390244
1 0.5686596996753247 0.7185975609756098 0.005014204545454546 0.003048780487804878
2 0.7784567775974026 0.7223384146341464 0.011053165584415584 0.04528658536585366
0 0.4366000405844156 0.722655487804878 0.006722808441558442 0.004457317073170731
0 0.49838169642857144 0.7271112804878049 0.002851055194805195 0.010320121951219513
1 0.615661525974026 0.7333018292682927 0.005673701298701299 0.002579268292682927
0 0.625606737012987 0.7343109756097561 0.005677759740259741 0.0039878048780487806
1 0.608432426948052 0.7343338414634145 0.005825892857142858 0.0028140243902439028
0 0.3645951704545454 0.7372820121951219 0.005976055194805195 0.0026128048780487806
0 0.625950689935065 0.7417682926829269 0.008800730519480519 0.003048780487804878
0 0.8254433847402597 0.7450518292682927 0.007217938311688312 0.003518292682926829
0 0.49850649350649345 0.7456615853658537 0.0026948051948051947 0.009615853658536585
0 0.8444287743506494 0.750375 0.001763392857142857 0.011725609756097561
0 0.840119724025974 0.7504923780487804 0.0020738636363636367 0.011960365853658535
0 0.8361383928571429 0.7508445121951219 0.002228084415584416 0.012664634146341463
1 0.825565137987013 0.7510533536585365 0.00705560064935065 0.005155487804878049
0 0.8544226866883118 0.7514298780487805 0.013634334415584416 0.029079268292682925
1 0.366190137987013 0.7514375000000001 0.005107548701298701 0.0034847560975609757
0 0.8322737418831169 0.7526234756097561 0.0030215097402597406 0.008295731707317074
0 0.3663200081168831 0.7565990853658536 0.004961444805194805 0.0028323170731707316
0 0.5570251623376623 0.7597789634146341 0.006907467532467532 0.004923780487804877
1 0.8199340503246754 0.7609039634146341 0.00796875 0.0047347560975609755
0 0.45101055194805195 0.7616326219512196 0.0026704545454545453 0.009850609756097561
1 0.8290016233766234 0.7618932926829269 0.002970779220779221 0.010981707317073172
0 0.3661749188311688 0.7620868902439024 0.004671266233766234 0.0028323170731707316
1 0.7701542207792208 0.7624329268292683 0.002970779220779221 0.012670731707317074
1 0.33878855519480516 0.7635228658536586 0.005093344155844156 0.0032652439024390247
1 0.8416507711038961 0.7637195121951219 0.008788555194805195 0.006097560975609756
1 0.5894693587662339 0.7643993902439025 0.0023965097402597405 0.011725609756097561
2 0.7875385551948052 0.7652439024390244 0.023940746753246755 0.03353658536585366
1 0.8195880681818182 0.7673231707317074 0.00768262987012987 0.003548780487804878
0 0.34725446428571427 0.7675746951219512 0.003356331168831169 0.008929878048780487
0 0.3665381493506493 0.7677698170731707 0.005397727272727273 0.0026128048780487806
1 0.33878855519480516 0.7680960365853658 0.005093344155844156 0.0032652439024390247
1 0.8412987012987013 0.7721219512195122 0.006055194805194805 0.0052195121951219515
1 0.3391365665584416 0.7722774390243903 0.005383522727272727 0.003701219512195122
1 0.8300405844155845 0.7730106707317073 0.00788961038961039 0.004557926829268292
0 0.8181392045454545 0.7734283536585366 0.010060876623376623 0.00539329268292683
0 0.36681310876623374 0.7737804878048781 0.0055418019480519476 0.003048780487804878
1 0.35750507305194806 0.7766981707317073 0.0023478084415584416 0.011323170731707317
1 0.33932426948051947 0.7776356707317074 0.004947240259740259 0.0028323170731707316
1 0.3670302353896104 0.7786585365853659 0.005976055194805195 0.003048780487804878
0 0.8309243100649351 0.7794329268292682 0.009251217532467533 0.0039878048780487806
1 0.8193080357142858 0.7802774390243902 0.00955762987012987 0.004457317073170731
0 0.37129058441558443 0.7823429878048781 0.0015097402597402598 0.006759146341463415
1 0.7402506087662337 0.7824817073170731 0.005663555194805195 0.0039878048780487806
0 0.3406148538961039 0.7830579268292682 0.007122564935064936 0.003920731707317073
1 0.6999594155844157 0.7841463414634147 0.0017857142857142859 0.012195121951219513
1 0.7038940746753247 0.7840990853658536 0.0019439935064935064 0.011490853658536585
1 0.8082244318181818 0.7842164634146341 0.008494318181818181 0.0056280487804878055
1 0.676929788961039 0.7843338414634146 0.002398538961038961 0.011960365853658535
1 0.690294237012987 0.7844740853658536 0.0019358766233766231 0.011021341463414634
1 0.7185318587662338 0.7844740853658536 0.0015929383116883116 0.011021341463414634
0 0.638005275974026 0.7848033536585366 0.002065746753246753 0.009850609756097561
1 0.6563504464285714 0.7846859756097561 0.0022301136363636364 0.012664634146341463
1 0.6630641233766233 0.7845914634146341 0.001452922077922078 0.011256097560975611
1 0.7960389610389611 0.7847942073170732 0.008474025974025974 0.004344512195121952
1 0.6467644074675325 0.7848734756097562 0.0025385551948051946 0.012429878048780488
0 0.6517136769480519 0.7848734756097562 0.0026968344155844154 0.012429878048780488
1 0.6663281249999999 0.7849435975609755 0.0027049512987012986 0.011960365853658535
1 0.6930976055194805 0.7848033536585366 0.0026724837662337663 0.009850609756097561
0 0.7757873376623377 0.784920731707317 0.006931818181818181 0.0039878048780487806
1 0.841731939935065 0.7850716463414634 0.006921672077922078 0.0061189024390243905
1 0.8316487418831169 0.7853018292682926 0.009076704545454544 0.004140243902439025
1 0.6834872159090909 0.7852484756097561 0.0013088474025974026 0.011960365853658535
1 0.7286028814935065 0.7852713414634146 0.0014427759740259741 0.01078658536585366
1 0.6427982954545455 0.7854131097560976 0.001911525974025974 0.01289939024390244
1 0.764333400974026 0.7860442073170731 0.009592126623376624 0.0050152439024390245
0 0.5859253246753247 0.7877103658536585 0.009107142857142857 0.004689024390243902
1 0.7469490665584416 0.789376524390244 0.005667613636363636 0.003753048780487805
0 0.7759588068181819 0.7910182926829268 0.006463068181818182 0.0039878048780487806
1 0.7965300324675325 0.7911783536585366 0.007832792207792209 0.005527439024390244
1 0.8412571022727273 0.7913384146341463 0.006377840909090909 0.005847560975609756
1 0.8290655438311689 0.792969512195122 0.008780438311688312 0.004841463414634146
0 0.8189326298701298 0.7934100609756098 0.00799512987012987 0.0032835365853658535
0 0.5416132305194805 0.7939024390243903 0.00205762987012987 0.01524390243902439
0 0.7535846185064935 0.7939969512195122 0.008792613636363637 0.004457317073170731
1 0.7652607548701299 0.7948079268292683 0.008200081168831167 0.004859756097560976
0 0.7865919237012987 0.7974207317073171 0.008654626623376623 0.0039878048780487806
0 0.7971864853896103 0.7983353658536585 0.00833400974025974 0.0039878048780487806
1 0.7760683847402597 0.798827743902439 0.009117288961038961 0.003753048780487805
0 0.8187926136363637 0.7993673780487806 0.00893262987012987 0.004222560975609756
0 0.4536972402597403 0.8020640243902439 0.01656655844155844 0.009615853658536585
1 0.8083654626623377 0.8043628048780488 0.009588068181818182 0.004457317073170731
0 0.776833400974026 0.8047835365853658 0.007400568181818182 0.004689024390243902
1 0.7965929383116883 0.8050426829268292 0.00755275974025974 0.0039878048780487806
0 0.4683096590909091 0.8070121951219512 0.006424512987012987 0.006097560975609756
1 0.7624685470779221 0.8080442073170733 0.0030215097402597406 0.015478658536585367
1 0.7676521915584416 0.8080914634146341 0.0036485389610389613 0.013134146341463414
1 0.8081939935064936 0.8114679878048779 0.008027597402597402 0.0028140243902439028
0 0.7969987824675325 0.81175 0.00755275974025974 0.0039878048780487806
0 0.429416599025974 0.8122393292682927 0.01630073051948052 0.022649390243902442
0 0.38371651785714284 0.8160716463414635 0.0032284902597402598 0.012631097560975609
1 0.46183948863636365 0.19616463414634144 0.004847808441558442 0.0033048780487804877
1 0.4688301542207792 0.19642225609756098 0.006247970779220779 0.004429878048780487
0 0.46150263798701296 0.20202286585365853 0.0057974837662337665 0.002826219512195122
0 0.4691071428571429 0.20298475609756098 0.007207792207792208 0.00475
0 0.4778926542207792 0.20417073170731706 0.002051542207792208 0.008951219512195121
0 0.4748183847402598 0.2053673780487805 0.002802353896103896 0.0076859756097560974
1 0.46126927759740266 0.2068033536585366 0.005330762987012987 0.00263109756097561
0 0.5414458198051948 0.2080076219512195 0.00781047077922078 0.0050396341463414636
0 0.5537905844155844 0.20803048780487807 0.00814935064935065 0.005085365853658537
0 0.46910308441558435 0.21103353658536586 0.006793831168831168 0.00499390243902439
0 0.5103683035714285 0.21535975609756097 0.003285308441558442 0.013036585365853658
0 0.47533076298701293 0.217890243902439 0.0017978896103896104 0.008951219512195121
0 0.4786191152597403 0.21778506097560976 0.0014752435064935064 0.00813109756097561
0 0.4549391233766234 0.21882012195121953 0.00200487012987013 0.008371951219512196
0 0.45145596590909093 0.21915701219512196 0.0019379058441558444 0.009655487804878049
1 0.4583918425324675 0.2191219512195122 0.0024168019480519482 0.007146341463414634
1 0.46151785714285715 0.21928353658536584 0.0021753246753246753 0.007469512195121951
0 0.46490056818181824 0.21972103658536585 0.002041396103896104 0.008954268292682928
0 0.4719510957792208 0.22024085365853657 0.0015320616883116882 0.00877439024390244
0 0.468562297077922 0.2203704268292683 0.0016538149350649352 0.009033536585365853
0 0.44743810876623374 0.22140853658536586 0.0032366071428571426 0.010499999999999999
0 0.5497250405844156 0.22547560975609754 0.0032650162337662337 0.011926829268292681
0 0.5121235795454545 0.22639329268292685 0.00679586038961039 0.004615853658536585
0 0.8285562094155844 0.2282515243902439 0.0020799512987012985 0.009551829268292683
0 0.5658289366883117 0.22971951219512196 0.0034111201298701295 0.011268292682926829
0 0.5553358360389611 0.23038719512195122 0.0027171266233766236 0.010164634146341464
0 0.8389752435064936 0.2329268292682927 0.0018141233766233765 0.010365853658536586
0 0.8424370941558441 0.23343445121951217 0.001838474025974026 0.010161585365853657
0 0.8355925324675325 0.23353658536585367 0.002353896103896104 0.010365853658536586
0 0.8323447646103896 0.23384146341463416 0.0015401785714285715 0.01097560975609756
0 0.4970758928571429 0.24122713414634148 0.002268668831168831 0.008673780487804877
0 0.5007224025974026 0.24122713414634148 0.0022564935064935065 0.008673780487804877
0 0.5381503652597402 0.2456783536585366 0.006089691558441559 0.003551829268292683
0 0.5292380275974026 0.24592987804878047 0.006933847402597403 0.005274390243902439
0 0.3532254464285714 0.24610213414634147 0.014080762987012987 0.026350609756097564
0 0.522739448051948 0.252015243902439 0.008547077922077921 0.0052499999999999995
0 0.5129474431818182 0.25207774390243903 0.008443587662337663 0.004765243902439024
0 0.6670251623376623 0.2543704268292683 0.018709415584415585 0.03191158536585366
0 0.6866456980519481 0.25528506097560977 0.016960227272727273 0.030692073170731707
0 0.5134425730519481 0.2588673780487805 0.008622159090909092 0.004929878048780489
1 0.7050040584415584 0.2601676829268293 0.00903409090909091 0.0050914634146341465
0 0.5173914366883117 0.26109298780487805 0.0006919642857142858 0.00023475609756097563
0 0.6329758522727272 0.26138262195121953 0.02325689935064935 0.03496036585365854
0 0.8099512987012987 0.2625 0.009107142857142857 0.02804878048780488
0 0.3927617694805195 0.26408993902439026 0.006708603896103896 0.005009146341463415
0 0.6100060876623377 0.26402439024390245 0.021960227272727274 0.03475609756097561
0 0.5447767857142857 0.26551981707317074 0.002702922077922078 0.009698170731707317
1 0.7174827516233766 0.26870731707317075 0.00882913961038961 0.004487804878048781
0 0.536833400974026 0.2688841463414634 0.007514204545454545 0.0036219512195121953
0 0.7399918831168831 0.27032469512195123 0.0018993506493506492 0.010771341463414633
1 0.39209517045454545 0.27038262195121954 0.009028003246753248 0.004789634146341463
1 0.699544439935065 0.27051219512195124 0.007449269480519481 0.005048780487804877
0 0.7442542613636364 0.2706295731707317 0.002307224025974026 0.010161585365853657
0 0.7489224837662338 0.2709344512195122 0.001903409090909091 0.010771341463414633
0 0.8285825892857143 0.27245884146341465 0.023642451298701298 0.033332317073170734
0 0.7299431818181817 0.2736783536585366 0.011834415584415585 0.019307926829268292
1 0.7173559253246753 0.2751753048780488 0.007763798701298701 0.00461890243902439
0 0.6587652191558442 0.27520274390243904 0.002189529220779221 0.01138109756097561
0 0.5103571428571428 0.27546646341463416 0.007727272727272727 0.004591463414634146
1 0.7990685876623377 0.276234756097561 0.005198863636363637 0.0036890243902439022
1 0.7782741477272728 0.2763384146341463 0.005411931818181818 0.005115853658536586
1 0.7713392857142857 0.27652439024390246 0.005746753246753247 0.004878048780487805
0 0.7608309659090909 0.27662652439024393 0.007457386363636364 0.0038628048780487804
1 0.7851806006493506 0.2764481707317073 0.005426136363636363 0.0041158536585365856
1 0.7918465909090908 0.2764481707317073 0.0045535714285714285 0.0041158536585365856
0 0.4921672077922078 0.2810975609756098 0.005032467532467532 0.001829268292682927
0 0.48411627435064936 0.28119969512195125 0.006381899350649351 0.0020335365853658537
1 0.7080144074675324 0.28147713414634146 0.008967126623376624 0.005027439024390243
0 0.5249705762987013 0.28424847560975613 0.009356737012987013 0.004472560975609756
1 0.35352982954545453 0.28453810975609756 0.009007711038961039 0.005661585365853658
0 0.5596114042207792 0.2849588414634146 0.005992288961038961 0.002844512195121951
0 0.6176968344155844 0.2865853658536585 0.007309253246753247 0.00426829268292683
0 0.5982325487012987 0.28699237804878047 0.007341720779220779 0.0032530487804878047
1 0.6986556412337662 0.2909908536585366 0.008106737012987014 0.005152439024390243
0 0.5249695616883118 0.29308993902439023 0.006919642857142858 0.0038628048780487804
0 0.42442573051948057 0.29422865853658536 0.008754058441558441 0.003701219512195122
1 0.39084821428571426 0.29477286585365853 0.008157467532467533 0.004789634146341463
2 0.6777130681818182 0.29735823170731707 0.03075081168831169 0.04715548780487804
0 0.559802150974026 0.2975609756097561 0.006779626623376622 0.00426829268292683
0 0.3538768262987013 0.29764786585365854 0.0072666396103896105 0.014807926829268292
0 0.4876349431818182 0.298577743902439 0.012201704545454547 0.02520426829268293
0 0.6983461850649351 0.29959298780487803 0.007081980519480519 0.004064024390243903
0 0.5232782061688313 0.3035564024390244 0.0067836850649350645 0.004673780487804878
