1 0.3557692307692308 0.7512019230769231 0.009615384615384616 0.007211538461538462
1 0.3942307692307692 0.75 0.009615384615384616 0.004807692307692308
1 0.4543269230769231 0.7524038461538461 0.009615384615384616 0.004807692307692308
1 0.47115384615384615 0.7163461538461539 0.009615384615384616 0.004807692307692308
2 0.5048076923076923 0.42788461538461536 0.009615384615384616 0.004807692307692308
2 0.5144230769230769 0.43149038461538464 0.004807692307692308 0.007211538461538462
1 0.5192307692307693 0.609375 0.009615384615384616 0.007211538461538462
1 0.53125 0.45072115384615385 0.009615384615384616 0.007211538461538462
2 0.5240384615384616 0.6286057692307693 0.009615384615384616 0.002403846153846154
1 0.5240384615384616 0.7548076923076923 0.009615384615384616 0.004807692307692308
1 0.5456730769230769 0.6274038461538461 0.009615384615384616 0.004807692307692308
1 0.5576923076923077 0.6298076923076923 0.009615384615384616 0.004807692307692308
1 0.5625 0.5889423076923077 0.009615384615384616 0.004807692307692308
1 0.5625 0.7572115384615384 0.009615384615384616 0.004807692307692308
2 0.5793269230769231 0.5985576923076923 0.004807692307692308 0.004807692307692308
2 0.5997596153846154 0.4074519230769231 0.036057692307692304 0.036057692307692304
2 0.5949519230769231 0.5336538461538461 0.036057692307692304 0.03365384615384615
2 0.5973557692307693 0.671875 0.007211538461538462 0.002403846153846154
1 0.6105769230769231 0.7235576923076923 0.009615384615384616 0.004807692307692308
1 0.6201923076923077 0.7163461538461539 0.009615384615384616 0.004807692307692308
1 0.6322115384615384 0.7163461538461539 0.009615384615384616 0.004807692307692308
2 0.640625 0.6838942307692307 0.007211538461538462 0.002403846153846154
2 0.6466346153846154 0.6033653846153846 0.004807692307692308 0.004807692307692308
2 0.6418269230769231 0.7043269230769231 0.004807692307692308 0.004807692307692308
2 0.65625 0.5096153846153846 0.004807692307692308 0.004807692307692308
2 0.65625 0.5048076923076923 0.004807692307692308 0.004807692307692308
2 0.6586538461538461 0.49759615384615385 0.004807692307692308 0.004807692307692308
2 0.6490384615384616 0.6862980769230769 0.009615384615384616 0.002403846153846154
1 0.6610576923076923 0.4651442307692308 0.009615384615384616 0.007211538461538462
1 0.6610576923076923 0.4795673076923077 0.009615384615384616 0.007211538461538462
1 0.6634615384615384 0.43149038461538464 0.009615384615384616 0.007211538461538462
1 0.6610576923076923 0.4483173076923077 0.009615384615384616 0.007211538461538462
2 0.6658653846153846 0.40384615384615385 0.009615384615384616 0.004807692307692308
2 0.6658653846153846 0.40625 0.009615384615384616 0.004807692307692308
1 0.6610576923076923 0.5564903846153846 0.009615384615384616 0.007211538461538462
2 0.6754807692307693 0.41225961538461536 0.009615384615384616 0.002403846153846154
2 0.6754807692307693 0.41466346153846156 0.009615384615384616 0.002403846153846154
1 0.6754807692307693 0.4074519230769231 0.009615384615384616 0.007211538461538462
2 0.6778846153846154 0.39783653846153844 0.009615384615384616 0.002403846153846154
2 0.6778846153846154 0.40024038461538464 0.009615384615384616 0.002403846153846154
2 0.6826923076923077 0.6730769230769231 0.004807692307692308 0.004807692307692308
2 0.6814903846153846 0.7415865384615384 0.007211538461538462 0.002403846153846154
1 0.24158653846153846 0.4879807692307692 0.021634615384615384 0.009615384615384616
1 0.2439903846153846 0.47596153846153844 0.021634615384615384 0.009615384615384616
1 0.2692307692307692 0.7451923076923077 0.009615384615384616 0.004807692307692308
