1 0.7929180194805194 0.3054878048780488 0.0038555194805194805 0.006707317073170732
0 0.7988027597402597 0.3071646341463415 0.004261363636363636 0.007621951219512195
0 0.7803368506493507 0.307469512195122 0.0034496753246753245 0.0064024390243902435
0 0.7780032467532467 0.3097560975609756 0.0036525974025974025 0.006707317073170732
0 0.7905844155844156 0.3120426829268293 0.004464285714285714 0.00701219512195122
0 0.7884537337662337 0.3150914634146341 0.004261363636363636 0.007621951219512195
1 0.786323051948052 0.3179878048780488 0.004058441558441558 0.007317073170731708
1 0.7939326298701299 0.31890243902439025 0.004667207792207792 0.007317073170731708
0 0.7835836038961039 0.3201219512195122 0.004261363636363636 0.007926829268292683
1 0.7901785714285714 0.3236280487804878 0.004058441558441558 0.005792682926829268
1 0.7878449675324676 0.3260670731707317 0.005073051948051948 0.007621951219512195
0 0.7611607142857143 0.3291158536585366 0.0036525974025974025 0.00701219512195122
0 0.7591314935064936 0.32972560975609755 0.0036525974025974025 0.0064024390243902435
0 0.804788961038961 0.3310975609756098 0.004464285714285714 0.007317073170731708
0 0.758015422077922 0.3326219512195122 0.0038555194805194805 0.006097560975609756
0 0.8026582792207793 0.3329268292682927 0.004261363636363636 0.007317073170731708
1 0.7792207792207793 0.3330792682926829 0.0036525974025974025 0.005792682926829268
0 0.7643060064935064 0.3339939024390244 0.0034496753246753245 0.0064024390243902435
1 0.7563920454545454 0.33475609756097563 0.0034496753246753245 0.006707317073170732
1 0.7536525974025974 0.3350609756097561 0.004464285714285714 0.006707317073170732
1 0.8007305194805194 0.3353658536585366 0.004058441558441558 0.006707317073170732
1 0.7626826298701299 0.3355182926829268 0.0038555194805194805 0.005792682926829268
0 0.7780032467532467 0.3359756097560976 0.003246753246753247 0.006097560975609756
1 0.7512175324675324 0.33765243902439024 0.0036525974025974025 0.00701219512195122
1 0.7987012987012987 0.3379573170731707 0.0036525974025974025 0.00701219512195122
0 0.7842938311688312 0.3411585365853659 0.00487012987012987 0.007926829268292683
1 0.7897727272727273 0.3442073170731707 0.004464285714285714 0.006707317073170732
0 0.7887581168831169 0.3489329268292683 0.005275974025974026 0.007621951219512195
1 0.7247362012987013 0.3565548780487805 0.0038555194805194805 0.0064024390243902435
1 0.7233157467532467 0.3589939024390244 0.0034496753246753245 0.0064024390243902435
1 0.7295048701298701 0.36402439024390243 0.003246753246753247 0.006097560975609756
1 0.7597402597402597 0.36402439024390243 0.004058441558441558 0.006097560975609756
1 0.7210836038961039 0.36615853658536585 0.004261363636363636 0.007926829268292683
1 0.7276785714285714 0.36615853658536585 0.0036525974025974025 0.006097560975609756
1 0.7568993506493507 0.3672256097560976 0.004058441558441558 0.0064024390243902435
1 0.7179383116883117 0.36814024390243905 0.004464285714285714 0.007621951219512195
1 0.7149959415584416 0.37088414634146344 0.004261363636363636 0.008231707317073171
1 0.7538555194805194 0.37088414634146344 0.0036525974025974025 0.0064024390243902435
1 0.7243303571428571 0.37317073170731707 0.0038555194805194805 0.006097560975609756
1 0.7121550324675324 0.37378048780487805 0.004261363636363636 0.007317073170731708
1 0.7507102272727273 0.3746951219512195 0.0034496753246753245 0.006707317073170732
1 0.7220982142857143 0.37682926829268293 0.0038555194805194805 0.006707317073170732
1 0.7192573051948052 0.37896341463414634 0.0038555194805194805 0.006707317073170732
1 0.716314935064935 0.3820121951219512 0.004464285714285714 0.007317073170731708
1 0.7076907467532467 0.38216463414634144 0.004667207792207792 0.007621951219512195
1 0.7276785714285714 0.3830792682926829 0.0036525974025974025 0.00701219512195122
1 0.7256493506493507 0.3856707317073171 0.0036525974025974025 0.00548780487804878
1 0.7230113636363636 0.3882621951219512 0.004058441558441558 0.005792682926829268
1 0.7207792207792207 0.3908536585365854 0.004464285714285714 0.006097560975609756
1 0.7315340909090909 0.3908536585365854 0.004464285714285714 0.007317073170731708
1 0.713575487012987 0.3913109756097561 0.004667207792207792 0.008841463414634146
1 0.729301948051948 0.3935975609756098 0.004464285714285714 0.007317073170731708
1 0.6929788961038961 0.3951219512195122 0.003246753246753247 0.006707317073170732
1 0.7270698051948052 0.3960365853658537 0.004464285714285714 0.007317073170731708
1 0.7246347402597403 0.3989329268292683 0.004058441558441558 0.00701219512195122
1 0.721489448051948 0.4030487804878049 0.0038555194805194805 0.007926829268292683
1 0.6890219155844156 0.4036585365853659 0.0034496753246753245 0.006097560975609756
0 0.6748173701298701 0.40503048780487805 0.005478896103896104 0.009451219512195122
1 0.6865868506493507 0.4051829268292683 0.0034496753246753245 0.006707317073170732
1 0.718851461038961 0.405640243902439 0.0038555194805194805 0.007621951219512195
1 0.7164163961038961 0.40777439024390244 0.004667207792207792 0.007621951219512195
0 0.6711647727272727 0.40807926829268293 0.005073051948051948 0.008231707317073171
1 0.697950487012987 0.4086890243902439 0.0038555194805194805 0.0064024390243902435
0 0.6682224025974026 0.411890243902439 0.005275974025974026 0.00853658536585366
1 0.7284902597402597 0.41341463414634144 0.004464285714285714 0.007926829268292683
1 0.6929788961038961 0.41478658536585367 0.0036525974025974025 0.0064024390243902435
0 0.6654829545454546 0.41524390243902437 0.004667207792207792 0.00853658536585366
1 0.7260551948051948 0.4163109756097561 0.004464285714285714 0.008231707317073171
1 0.6909496753246753 0.4173780487804878 0.004464285714285714 0.007926829268292683
0 0.6624391233766234 0.41875 0.005073051948051948 0.008231707317073171
1 0.7225040584415584 0.4196646341463415 0.004261363636363636 0.007621951219512195
1 0.7018060064935064 0.4214939024390244 0.004261363636363636 0.007621951219512195
0 0.658685064935065 0.42317073170731706 0.005275974025974026 0.007926829268292683
0 0.6994724025974026 0.4236280487804878 0.004464285714285714 0.008231707317073171
1 0.697747564935065 0.4269817073170732 0.004667207792207792 0.007621951219512195
1 0.6963271103896104 0.4304878048780488 0.0034496753246753245 0.007317073170731708
0 0.7091112012987013 0.4342987804878049 0.004261363636363636 0.007621951219512195
1 0.7069805194805194 0.43658536585365854 0.004058441558441558 0.007926829268292683
1 0.7042410714285714 0.43902439024390244 0.0038555194805194805 0.007317073170731708
1 0.703327922077922 0.4434451219512195 0.004058441558441558 0.008231707317073171
0 0.6885146103896104 0.46128048780487807 0.00487012987012987 0.007317073170731708
0 0.661525974025974 0.49054878048780487 0.03855519480519481 0.048170731707317074
0 0.6231737012987013 0.5076219512195121 0.004058441558441558 0.007926829268292683
0 0.6202313311688312 0.510060975609756 0.005073051948051948 0.006707317073170732
0 0.6034902597402597 0.5210365853658536 0.004058441558441558 0.006097560975609756
0 0.6008522727272727 0.5237804878048781 0.00487012987012987 0.006707317073170732
0 0.6234780844155844 0.5342987804878049 0.03997564935064935 0.051524390243902436
0 0.567775974025974 0.5628048780487804 0.0036525974025974025 0.007317073170731708
0 0.5648336038961039 0.5660060975609756 0.004261363636363636 0.0064024390243902435
0 0.5534699675324676 0.569359756097561 0.016842532467532468 0.027134146341463414
0 0.5168425324675324 0.6132621951219512 0.0174512987012987 0.025914634146341462
0 0.5422077922077922 0.6288109756097561 0.005275974025974026 0.008231707317073171
0 0.48792613636363635 0.6771341463414634 0.004667207792207792 0.007926829268292683
0 0.4650974025974026 0.6841463414634147 0.00487012987012987 0.007317073170731708
0 0.46235795454545453 0.6876524390243902 0.005073051948051948 0.0064024390243902435
0 0.474025974025974 0.692530487804878 0.00487012987012987 0.008841463414634146
0 0.43212256493506496 0.7214939024390243 0.004667207792207792 0.008841463414634146
0 0.4291801948051948 0.724390243902439 0.004058441558441558 0.007926829268292683
0 0.4518060064935065 0.7309451219512195 0.04200487012987013 0.05091463414634146
0 0.38971185064935066 0.7518292682926829 0.041599025974025976 0.06402439024390244
0 0.3559253246753247 0.7896341463414634 0.040584415584415584 0.06280487804878049
1 0.9137581168831169 0.13125 0.003246753246753247 0.005182926829268293
1 0.8989448051948052 0.13277439024390245 0.003246753246753247 0.00701219512195122
1 0.911424512987013 0.1336890243902439 0.005073051948051948 0.007621951219512195
1 0.8971185064935064 0.13567073170731708 0.0036525974025974025 0.007317073170731708
1 0.8944805194805194 0.1388719512195122 0.004058441558441558 0.007621951219512195
1 0.8923498376623377 0.14192073170731706 0.0034496753246753245 0.007621951219512195
0 0.8898133116883117 0.14466463414634145 0.004464285714285714 0.008231707317073171
0 0.8870738636363636 0.1469512195121951 0.0034496753246753245 0.007317073170731708
1 0.8847402597402597 0.14954268292682926 0.003246753246753247 0.0064024390243902435
1 0.8825081168831169 0.15228658536585366 0.004058441558441558 0.00701219512195122
1 0.8954951298701299 0.1527439024390244 0.00487012987012987 0.007926829268292683
1 0.8795657467532467 0.1548780487804878 0.004261363636363636 0.006707317073170732
1 0.877637987012987 0.15746951219512195 0.004058441558441558 0.00701219512195122
1 0.8955965909090909 0.16509146341463415 0.004261363636363636 0.007621951219512195
1 0.8840300324675324 0.16600609756097562 0.0034496753246753245 0.0064024390243902435
1 0.8810876623376623 0.16814024390243903 0.0036525974025974025 0.005182926829268293
1 0.8677962662337663 0.16981707317073172 0.003043831168831169 0.00548780487804878
0 0.8658685064935064 0.17134146341463416 0.003246753246753247 0.006097560975609756
1 0.8871753246753247 0.175 0.00487012987012987 0.007926829268292683
1 0.8832183441558441 0.1771341463414634 0.004261363636363636 0.007926829268292683
1 0.872260551948052 0.17804878048780487 0.004261363636363636 0.006707317073170732
1 0.8579545454545454 0.18048780487804877 0.004058441558441558 0.006097560975609756
1 0.869622564935065 0.1809451219512195 0.0034496753246753245 0.005792682926829268
1 0.8666801948051948 0.18246951219512195 0.002840909090909091 0.005182926829268293
1 0.883015422077922 0.1833841463414634 0.0038555194805194805 0.0064024390243902435
1 0.8868709415584416 0.18445121951219512 0.0034496753246753245 0.006097560975609756
0 0.880377435064935 0.18597560975609756 0.004261363636363636 0.006707317073170732
1 0.8783482142857143 0.18841463414634146 0.0034496753246753245 0.00548780487804878
0 0.8628246753246753 0.18902439024390244 0.004058441558441558 0.007317073170731708
0 0.8767248376623377 0.19039634146341464 0.002637987012987013 0.005182926829268293
1 0.8596793831168831 0.19222560975609757 0.0038555194805194805 0.0064024390243902435
1 0.8865665584415584 0.19222560975609757 0.0036525974025974025 0.005792682926829268
1 0.8746956168831169 0.19253048780487805 0.003043831168831169 0.004573170731707317
0 0.8730722402597403 0.19435975609756098 0.002637987012987013 0.005182926829268293
1 0.8683035714285714 0.19984756097560977 0.003246753246753247 0.005792682926829268
1 0.8559253246753247 0.20640243902439023 0.0036525974025974025 0.006707317073170732
0 0.8481128246753247 0.2146341463414634 0.0034496753246753245 0.00548780487804878
0 0.893364448051948 0.2149390243902439 0.005073051948051948 0.007317073170731708
1 0.8727678571428571 0.2152439024390244 0.004464285714285714 0.00853658536585366
1 0.890827922077922 0.21783536585365854 0.0036525974025974025 0.005182926829268293
1 0.8452719155844156 0.21859756097560976 0.004261363636363636 0.007317073170731708
0 0.8891030844155844 0.21951219512195122 0.003043831168831169 0.006097560975609756
1 0.8530844155844156 0.2201219512195122 0.0036525974025974025 0.006097560975609756
1 0.8870738636363636 0.22164634146341464 0.003043831168831169 0.00548780487804878
0 0.8428368506493507 0.22195121951219512 0.0038555194805194805 0.007926829268292683
1 0.8509537337662337 0.2228658536585366 0.0034496753246753245 0.00548780487804878
1 0.8640422077922078 0.22332317073170732 0.004058441558441558 0.007621951219512195
0 0.8403003246753247 0.2236280487804878 0.004058441558441558 0.00701219512195122
1 0.885247564935065 0.22378048780487805 0.003043831168831169 0.006097560975609756
1 0.8583603896103896 0.22515243902439025 0.004058441558441558 0.005792682926829268
1 0.838372564935065 0.2263719512195122 0.0038555194805194805 0.007621951219512195
1 0.882913961038961 0.22652439024390245 0.003246753246753247 0.006707317073170732
1 0.8689123376623377 0.2291158536585366 0.0036525974025974025 0.0064024390243902435
1 0.8805803571428571 0.22926829268292684 0.0038555194805194805 0.006707317073170732
1 0.8546063311688312 0.22942073170731708 0.0038555194805194805 0.0064024390243902435
0 0.835734577922078 0.22957317073170733 0.004261363636363636 0.007317073170731708
1 0.8323863636363636 0.23140243902439026 0.0036525974025974025 0.006707317073170732
1 0.8623173701298701 0.23170731707317074 0.0034496753246753245 0.006707317073170732
1 0.859577922077922 0.23460365853658535 0.0036525974025974025 0.005792682926829268
1 0.830864448051948 0.23490853658536584 0.004261363636363636 0.007621951219512195
1 0.8968141233766234 0.23536585365853657 0.0034496753246753245 0.006097560975609756
1 0.8575487012987013 0.23658536585365852 0.004058441558441558 0.006097560975609756
1 0.8291396103896104 0.23765243902439023 0.004058441558441558 0.0064024390243902435
1 0.8897118506493507 0.24375 0.0038555194805194805 0.007621951219512195
1 0.8364448051948052 0.24466463414634146 0.0036525974025974025 0.0064024390243902435
1 0.8221387987012987 0.24634146341463414 0.003043831168831169 0.004878048780487805
1 0.8346185064935064 0.2472560975609756 0.004464285714285714 0.006707317073170732
1 0.8314732142857143 0.24923780487804878 0.003043831168831169 0.0064024390243902435
1 0.8287337662337663 0.2503048780487805 0.0036525974025974025 0.00548780487804878
1 0.8527800324675324 0.2507621951219512 0.004667207792207792 0.00701219512195122
1 0.8711444805194806 0.2510670731707317 0.0036525974025974025 0.0064024390243902435
0 0.841010551948052 0.25167682926829266 0.0034496753246753245 0.005792682926829268
1 0.8247767857142857 0.2521341463414634 0.002637987012987013 0.003658536585365854
1 0.8391842532467533 0.25411585365853656 0.003043831168831169 0.004573170731707317
0 0.8501420454545454 0.2551829268292683 0.0034496753246753245 0.006707317073170732
1 0.8487215909090909 0.25716463414634144 0.0034496753246753245 0.0064024390243902435
1 0.8754058441558441 0.26128048780487806 0.004058441558441558 0.007317073170731708
1 0.8119926948051948 0.26204268292682925 0.004261363636363636 0.00701219512195122
1 0.8234577922077922 0.26432926829268294 0.004058441558441558 0.007317073170731708
1 0.8028612012987013 0.2655487804878049 0.0034496753246753245 0.006707317073170732
1 0.8095576298701299 0.2658536585365854 0.004261363636363636 0.007317073170731708
1 0.8003246753246753 0.2682926829268293 0.0036525974025974025 0.007317073170731708
1 0.8172686688311688 0.27179878048780487 0.004261363636363636 0.008231707317073171
1 0.7972808441558441 0.2731707317073171 0.003246753246753247 0.006097560975609756
0 0.814935064935065 0.27484756097560975 0.004464285714285714 0.00701219512195122
1 0.7937297077922078 0.27713414634146344 0.0038555194805194805 0.007317073170731708
1 0.8125 0.27713414634146344 0.004464285714285714 0.007317073170731708
1 0.7905844155844156 0.2804878048780488 0.0036525974025974025 0.006097560975609756
1 0.7870332792207793 0.2842987804878049 0.0038555194805194805 0.0064024390243902435
0 0.8156452922077922 0.28521341463414634 0.003043831168831169 0.005792682926829268
1 0.8035714285714286 0.28536585365853656 0.0036525974025974025 0.007317073170731708
1 0.8134131493506493 0.28597560975609754 0.0038555194805194805 0.006097560975609756
1 0.7842938311688312 0.28734756097560976 0.0036525974025974025 0.005182926829268293
1 0.8008319805194806 0.28871951219512193 0.0034496753246753245 0.00548780487804878
1 0.7825689935064936 0.2890243902439024 0.0034496753246753245 0.006707317073170732
0 0.799512987012987 0.29039634146341464 0.003246753246753247 0.005792682926829268
0 0.7806412337662337 0.2914634146341463 0.004058441558441558 0.006707317073170732
1 0.7793222402597403 0.29603658536585364 0.0038555194805194805 0.007317073170731708
1 0.7909902597402597 0.2967987804878049 0.0036525974025974025 0.007621951219512195
0 0.7775974025974026 0.29801829268292684 0.004058441558441558 0.0064024390243902435
0 0.7885551948051948 0.2995426829268293 0.004464285714285714 0.007621951219512195
0 0.7749594155844156 0.30121951219512194 0.003246753246753247 0.007317073170731708
1 0.7849025974025974 0.3021341463414634 0.004058441558441558 0.007926829268292683
1 0.773336038961039 0.30304878048780487 0.0036525974025974025 0.006707317073170732
0 0.7829748376623377 0.3042682926829268 0.004261363636363636 0.007317073170731708
