1 0.42788461538461536 0.15865384615384615 0.009615384615384616 0.009615384615384616
1 0.43028846153846156 0.2247596153846154 0.009615384615384616 0.007211538461538462
1 0.4495192307692308 0.22716346153846154 0.009615384615384616 0.007211538461538462
1 0.5072115384615384 0.234375 0.009615384615384616 0.007211538461538462
1 0.5072115384615384 0.3786057692307692 0.009615384615384616 0.007211538461538462
1 0.46634615384615385 0.6334134615384616 0.009615384615384616 0.007211538461538462
1 0.5216346153846154 0.34375 0.009615384615384616 0.009615384615384616
1 0.5072115384615384 0.59375 0.009615384615384616 0.009615384615384616
1 0.5168269230769231 0.5961538461538461 0.009615384615384616 0.009615384615384616
1 0.6009615384615384 0.28725961538461536 0.009615384615384616 0.007211538461538462
2 0.6237980769230769 0.6694711538461539 0.01201923076923077 0.007211538461538462
2 0.625 0.6658653846153846 0.009615384615384616 0.004807692307692308
2 0.625 0.6610576923076923 0.009615384615384616 0.004807692307692308
2 0.6370192307692307 0.6538461538461539 0.009615384615384616 0.004807692307692308
2 0.6478365384615384 0.6394230769230769 0.007211538461538462 0.009615384615384616
2 0.6790865384615384 0.47475961538461536 0.040865384615384616 0.03125
1 0.7043269230769231 0.3545673076923077 0.009615384615384616 0.007211538461538462
2 0.6935096153846154 0.44350961538461536 0.05048076923076923 0.036057692307692304
1 0.7139423076923077 0.35697115384615385 0.009615384615384616 0.007211538461538462
1 0.7211538461538461 0.41225961538461536 0.009615384615384616 0.007211538461538462
1 0.7091346153846154 0.4723557692307692 0.009615384615384616 0.007211538461538462
1 0.7115384615384616 0.4651442307692308 0.009615384615384616 0.007211538461538462
1 0.2548076923076923 0.2920673076923077 0.009615384615384616 0.007211538461538462
1 0.2548076923076923 0.3016826923076923 0.009615384615384616 0.007211538461538462
1 0.22115384615384615 0.4963942307692308 0.009615384615384616 0.007211538461538462
1 0.22355769230769232 0.4831730769230769 0.009615384615384616 0.009615384615384616
2 0.23317307692307693 0.44591346153846156 0.004807692307692308 0.007211538461538462
1 0.25721153846153844 0.31850961538461536 0.009615384615384616 0.007211538461538462
1 0.23317307692307693 0.5060096153846154 0.009615384615384616 0.007211538461538462
1 0.27884615384615385 0.3137019230769231 0.009615384615384616 0.007211538461538462
1 0.24759615384615385 0.5012019230769231 0.009615384615384616 0.007211538461538462
1 0.27884615384615385 0.3329326923076923 0.009615384615384616 0.007211538461538462
1 0.2548076923076923 0.4651442307692308 0.009615384615384616 0.007211538461538462
1 0.30288461538461536 0.20552884615384615 0.009615384615384616 0.007211538461538462
1 0.28846153846153844 0.3161057692307692 0.009615384615384616 0.007211538461538462
2 0.25240384615384615 0.5588942307692307 0.04326923076923077 0.036057692307692304
1 0.3173076923076923 0.21634615384615385 0.009615384615384616 0.009615384615384616
1 0.3293269230769231 0.2127403846153846 0.009615384615384616 0.007211538461538462
1 0.28125 0.5036057692307693 0.014423076923076924 0.01201923076923077
1 0.28365384615384615 0.4891826923076923 0.009615384615384616 0.007211538461538462
2 0.28125 0.5108173076923077 0.009615384615384616 0.007211538461538462
1 0.2860576923076923 0.4807692307692308 0.009615384615384616 0.004807692307692308
1 0.2860576923076923 0.47596153846153844 0.009615384615384616 0.004807692307692308
1 0.2860576923076923 0.4831730769230769 0.009615384615384616 0.004807692307692308
1 0.28846153846153844 0.4855769230769231 0.009615384615384616 0.004807692307692308
1 0.28846153846153844 0.5 0.004807692307692308 0.004807692307692308
1 0.29086538461538464 0.49038461538461536 0.004807692307692308 0.004807692307692308
1 0.3485576923076923 0.16947115384615385 0.009615384615384616 0.007211538461538462
1 0.2956730769230769 0.4807692307692308 0.004807692307692308 0.004807692307692308
1 0.2956730769230769 0.49038461538461536 0.004807692307692308 0.004807692307692308
