2 0.29927884615384615 0.6129807692307693 0.01201923076923077 0.019230769230769232
2 0.3088942307692308 0.6141826923076923 0.01201923076923077 0.021634615384615384
1 0.4879807692307692 0.15985576923076922 0.009615384615384616 0.007211538461538462
1 0.46634615384615385 0.3425480769230769 0.009615384615384616 0.007211538461538462
1 0.5024038461538461 0.2848557692307692 0.009615384615384616 0.007211538461538462
2 0.5 0.3016826923076923 0.028846153846153848 0.01201923076923077
2 0.5925480769230769 0.35216346153846156 0.016826923076923076 0.021634615384615384
2 0.20793269230769232 0.5733173076923077 0.01201923076923077 0.021634615384615384
2 0.21754807692307693 0.5757211538461539 0.01201923076923077 0.021634615384615384
2 0.2439903846153846 0.5769230769230769 0.01201923076923077 0.019230769230769232
2 0.25240384615384615 0.578125 0.014423076923076924 0.021634615384615384
