2 0.4567307692307692 0.31850961538461536 0.02403846153846154 0.021634615384615384
2 0.5757211538461539 0.3112980769230769 0.016826923076923076 0.026442307692307692
2 0.48197115384615385 0.3233173076923077 0.03125 0.036057692307692304
1 0.8100961538461539 0.30528846153846156 0.004807692307692308 0.009615384615384616
1 0.49038461538461536 0.3942307692307692 0.004807692307692308 0.009615384615384616
1 0.7067307692307693 0.38461538461538464 0.004807692307692308 0.009615384615384616
1 0.44711538461538464 0.40625 0.004807692307692308 0.009615384615384616
1 0.49278846153846156 0.4110576923076923 0.004807692307692308 0.009615384615384616
1 0.4495192307692308 0.41586538461538464 0.004807692307692308 0.009615384615384616
1 0.49278846153846156 0.4206730769230769 0.004807692307692308 0.009615384615384616
1 0.4495192307692308 0.4254807692307692 0.004807692307692308 0.009615384615384616
2 0.6923076923076923 0.4182692307692308 0.004807692307692308 0.004807692307692308
1 0.49278846153846156 0.4326923076923077 0.004807692307692308 0.009615384615384616
1 0.4495192307692308 0.4375 0.004807692307692308 0.009615384615384616
2 0.6923076923076923 0.42788461538461536 0.004807692307692308 0.004807692307692308
1 0.49278846153846156 0.4423076923076923 0.004807692307692308 0.009615384615384616
1 0.4495192307692308 0.44711538461538464 0.004807692307692308 0.009615384615384616
1 0.49278846153846156 0.4543269230769231 0.004807692307692308 0.009615384615384616
1 0.4519230769230769 0.45913461538461536 0.004807692307692308 0.009615384615384616
1 0.4519230769230769 0.47115384615384615 0.004807692307692308 0.009615384615384616
1 0.4951923076923077 0.46875 0.004807692307692308 0.009615384615384616
1 0.4519230769230769 0.4807692307692308 0.004807692307692308 0.009615384615384616
2 0.6778846153846154 0.46875 0.009615384615384616 0.004807692307692308
1 0.4951923076923077 0.4855769230769231 0.004807692307692308 0.009615384615384616
1 0.4519230769230769 0.49278846153846156 0.004807692307692308 0.009615384615384616
1 0.49759615384615385 0.49759615384615385 0.004807692307692308 0.009615384615384616
1 0.7007211538461539 0.4855769230769231 0.007211538461538462 0.009615384615384616
1 0.4543269230769231 0.5048076923076923 0.004807692307692308 0.009615384615384616
1 0.49759615384615385 0.5072115384615384 0.004807692307692308 0.009615384615384616
1 0.4543269230769231 0.5144230769230769 0.004807692307692308 0.009615384615384616
2 0.765625 0.4963942307692308 0.021634615384615384 0.03125
1 0.4567307692307692 0.5240384615384616 0.004807692307692308 0.009615384615384616
1 0.49759615384615385 0.5216346153846154 0.004807692307692308 0.009615384615384616
1 0.4567307692307692 0.5360576923076923 0.004807692307692308 0.009615384615384616
1 0.49759615384615385 0.5336538461538461 0.004807692307692308 0.009615384615384616
1 0.4567307692307692 0.5456730769230769 0.004807692307692308 0.009615384615384616
1 0.49759615384615385 0.5432692307692307 0.004807692307692308 0.009615384615384616
1 0.4567307692307692 0.5576923076923077 0.004807692307692308 0.009615384615384616
1 0.5 0.5552884615384616 0.004807692307692308 0.009615384615384616
1 0.45913461538461536 0.5673076923076923 0.004807692307692308 0.009615384615384616
1 0.5024038461538461 0.5673076923076923 0.004807692307692308 0.009615384615384616
1 0.5024038461538461 0.5793269230769231 0.004807692307692308 0.009615384615384616
1 0.45913461538461536 0.5841346153846154 0.004807692307692308 0.009615384615384616
1 0.6899038461538461 0.5697115384615384 0.004807692307692308 0.009615384615384616
1 0.5024038461538461 0.5913461538461539 0.004807692307692308 0.009615384615384616
1 0.45913461538461536 0.5961538461538461 0.004807692307692308 0.009615384615384616
1 0.46153846153846156 0.6057692307692307 0.004807692307692308 0.009615384615384616
2 0.7560096153846154 0.5877403846153846 0.021634615384615384 0.04567307692307692
1 0.5024038461538461 0.6057692307692307 0.004807692307692308 0.009615384615384616
1 0.46153846153846156 0.6177884615384616 0.004807692307692308 0.009615384615384616
1 0.46153846153846156 0.6274038461538461 0.004807692307692308 0.009615384615384616
1 0.5048076923076923 0.6274038461538461 0.004807692307692308 0.009615384615384616
1 0.4639423076923077 0.6370192307692307 0.004807692307692308 0.009615384615384616
1 0.5048076923076923 0.6418269230769231 0.004807692307692308 0.009615384615384616
0 0.8028846153846154 0.625 0.004807692307692308 0.009615384615384616
0 0.7980769230769231 0.625 0.004807692307692308 0.009615384615384616
1 0.4639423076923077 0.6490384615384616 0.004807692307692308 0.009615384615384616
1 0.5072115384615384 0.6586538461538461 0.004807692307692308 0.009615384615384616
1 0.46634615384615385 0.6610576923076923 0.004807692307692308 0.009615384615384616
0 0.8052884615384616 0.6478365384615384 0.004807692307692308 0.01201923076923077
1 0.5072115384615384 0.6682692307692307 0.004807692307692308 0.009615384615384616
1 0.46634615384615385 0.6730769230769231 0.004807692307692308 0.009615384615384616
1 0.5757211538461539 0.6682692307692307 0.007211538461538462 0.009615384615384616
1 0.5072115384615384 0.6802884615384616 0.004807692307692308 0.009615384615384616
1 0.46875 0.6826923076923077 0.004807692307692308 0.009615384615384616
2 0.7608173076923077 0.6706730769230769 0.016826923076923076 0.04326923076923077
1 0.5096153846153846 0.6899038461538461 0.004807692307692308 0.009615384615384616
1 0.46875 0.6947115384615384 0.004807692307692308 0.009615384615384616
1 0.5096153846153846 0.7019230769230769 0.004807692307692308 0.009615384615384616
1 0.46875 0.7067307692307693 0.004807692307692308 0.009615384615384616
1 0.5096153846153846 0.7139423076923077 0.004807692307692308 0.009615384615384616
0 0.8353365384615384 0.7067307692307693 0.007211538461538462 0.009615384615384616
0 0.828125 0.7067307692307693 0.007211538461538462 0.009615384615384616
1 0.6766826923076923 0.7307692307692307 0.007211538461538462 0.009615384615384616
1 0.6935096153846154 0.7307692307692307 0.007211538461538462 0.009615384615384616
1 0.6646634615384616 0.7355769230769231 0.007211538461538462 0.009615384615384616
1 0.6586538461538461 0.7379807692307693 0.004807692307692308 0.009615384615384616
1 0.6754807692307693 0.7427884615384616 0.004807692307692308 0.009615384615384616
1 0.796875 0.7331730769230769 0.007211538461538462 0.009615384615384616
2 0.8052884615384616 0.7355769230769231 0.004807692307692308 0.004807692307692308
2 0.8052884615384616 0.7379807692307693 0.004807692307692308 0.004807692307692308
2 0.7632211538461539 0.7451923076923077 0.021634615384615384 0.04807692307692308
2 0.8076923076923077 0.7427884615384616 0.004807692307692308 0.004807692307692308
1 0.8016826923076923 0.7427884615384616 0.007211538461538462 0.009615384615384616
2 0.8076923076923077 0.7451923076923077 0.004807692307692308 0.004807692307692308
1 0.44350961538461536 0.7716346153846154 0.007211538461538462 0.009615384615384616
2 0.8125 0.7524038461538461 0.004807692307692308 0.009615384615384616
2 0.4326923076923077 0.15625 0.004807692307692308 0.009615384615384616
1 0.5997596153846154 0.15144230769230768 0.016826923076923076 0.02403846153846154
1 0.6911057692307693 0.15985576923076922 0.007211538461538462 0.007211538461538462
1 0.484375 0.1875 0.007211538461538462 0.009615384615384616
1 0.47115384615384615 0.19471153846153846 0.004807692307692308 0.009615384615384616
1 0.6971153846153846 0.21153846153846154 0.004807692307692308 0.009615384615384616
0 0.39302884615384615 0.25961538461538464 0.007211538461538462 0.009615384615384616
0 0.40024038461538464 0.25961538461538464 0.007211538461538462 0.009615384615384616
1 0.4495192307692308 0.28365384615384615 0.004807692307692308 0.009615384615384616
1 0.5048076923076923 0.2956730769230769 0.004807692307692308 0.009615384615384616
1 0.7668269230769231 0.2824519230769231 0.004807692307692308 0.01201923076923077
