2 0.4326923076923077 0.5372596153846154 0.028846153846153848 0.021634615384615384
2 0.4411057692307692 0.5949519230769231 0.04567307692307692 0.09375
2 0.45552884615384615 0.3762019230769231 0.06009615384615385 0.06490384615384616
2 0.484375 0.515625 0.026442307692307692 0.021634615384615384
2 0.515625 0.6995192307692307 0.016826923076923076 0.028846153846153848
2 0.5120192307692307 0.3737980769230769 0.0625 0.06490384615384616
2 0.5384615384615384 0.7379807692307693 0.08653846153846154 0.052884615384615384
2 0.5444711538461539 0.46153846153846156 0.016826923076923076 0.028846153846153848
2 0.6033653846153846 0.4567307692307692 0.10576923076923077 0.0625
2 0.6298076923076923 0.6826923076923077 0.019230769230769232 0.014423076923076924
2 0.6370192307692307 0.6622596153846154 0.02403846153846154 0.021634615384615384
2 0.65625 0.7487980769230769 0.02403846153846154 0.021634615384615384
2 0.6538461538461539 0.6923076923076923 0.02403846153846154 0.019230769230769232
2 0.65625 0.7319711538461539 0.02403846153846154 0.021634615384615384
