2 0.5841346153846154 0.47475961538461536 0.004807692307692308 0.007211538461538462
1 0.5793269230769231 0.4423076923076923 0.004807692307692308 0.004807692307692308
1 0.578125 0.43509615384615385 0.007211538461538462 0.004807692307692308
1 0.5745192307692307 0.4495192307692308 0.004807692307692308 0.004807692307692308
2 0.5865384615384616 0.34134615384615385 0.009615384615384616 0.004807692307692308
1 0.5709134615384616 0.4230769230769231 0.007211538461538462 0.004807692307692308
1 0.5661057692307693 0.45913461538461536 0.007211538461538462 0.004807692307692308
1 0.5685096153846154 0.43028846153846156 0.007211538461538462 0.004807692307692308
1 0.5673076923076923 0.43990384615384615 0.004807692307692308 0.004807692307692308
1 0.5649038461538461 0.4519230769230769 0.004807692307692308 0.004807692307692308
2 0.5745192307692307 0.3870192307692308 0.009615384615384616 0.004807692307692308
2 0.5793269230769231 0.32091346153846156 0.004807692307692308 0.007211538461538462
1 0.5504807692307693 0.4831730769230769 0.009615384615384616 0.004807692307692308
2 0.5504807692307693 0.39783653846153844 0.004807692307692308 0.007211538461538462
2 0.5384615384615384 0.390625 0.004807692307692308 0.007211538461538462
1 0.5264423076923077 0.47836538461538464 0.009615384615384616 0.004807692307692308
2 0.5240384615384616 0.40024038461538464 0.004807692307692308 0.007211538461538462
1 0.5144230769230769 0.47836538461538464 0.009615384615384616 0.004807692307692308
2 0.5192307692307693 0.4026442307692308 0.004807692307692308 0.007211538461538462
1 0.5072115384615384 0.4807692307692308 0.009615384615384616 0.004807692307692308
1 0.5216346153846154 0.34134615384615385 0.009615384615384616 0.004807692307692308
1 0.49759615384615385 0.47596153846153844 0.009615384615384616 0.004807692307692308
1 0.5036057692307693 0.3557692307692308 0.007211538461538462 0.004807692307692308
1 0.49038461538461536 0.4735576923076923 0.009615384615384616 0.004807692307692308
1 0.47836538461538464 0.4735576923076923 0.009615384615384616 0.004807692307692308
1 0.47836538461538464 0.4735576923076923 0.009615384615384616 0.004807692307692308
1 0.46875 0.47115384615384615 0.009615384615384616 0.004807692307692308
1 0.46875 0.47115384615384615 0.009615384615384616 0.004807692307692308
2 0.45913461538461536 0.5048076923076923 0.009615384615384616 0.004807692307692308
2 0.4651442307692308 0.39783653846153844 0.01201923076923077 0.007211538461538462
2 0.4567307692307692 0.4519230769230769 0.009615384615384616 0.004807692307692308
2 0.4495192307692308 0.46033653846153844 0.004807692307692308 0.007211538461538462
