2 0.3293269230769231 0.41346153846153844 0.014423076923076924 0.03365384615384615
1 0.6334134615384616 0.3798076923076923 0.036057692307692304 0.014423076923076924
1 0.6298076923076923 0.3894230769230769 0.03365384615384615 0.014423076923076924
2 0.7247596153846154 0.43149038461538464 0.021634615384615384 0.016826923076923076
1 0.43149038461538464 0.5 0.036057692307692304 0.014423076923076924
1 0.35336538461538464 0.5216346153846154 0.014423076923076924 0.052884615384615384
2 0.3762019230769231 0.5697115384615384 0.007211538461538462 0.019230769230769232
2 0.3641826923076923 0.5721153846153846 0.007211538461538462 0.019230769230769232
2 0.36899038461538464 0.5721153846153846 0.007211538461538462 0.019230769230769232
2 0.7512019230769231 0.6610576923076923 0.026442307692307692 0.02403846153846154
1 0.6237980769230769 0.1875 0.036057692307692304 0.014423076923076924
1 0.6262019230769231 0.19591346153846154 0.036057692307692304 0.016826923076923076
1 0.5853365384615384 0.20432692307692307 0.036057692307692304 0.014423076923076924
1 0.6262019230769231 0.20552884615384615 0.036057692307692304 0.01201923076923077
1 0.5877403846153846 0.21514423076923078 0.036057692307692304 0.016826923076923076
2 0.31850961538461536 0.28966346153846156 0.021634615384615384 0.01201923076923077
