2 0.5877403846153846 0.515625 0.007211538461538462 0.007211538461538462
1 0.5841346153846154 0.5504807692307693 0.004807692307692308 0.004807692307692308
1 0.5853365384615384 0.5564903846153846 0.007211538461538462 0.007211538461538462
1 0.5793269230769231 0.5432692307692307 0.004807692307692308 0.004807692307692308
2 0.6033653846153846 0.6502403846153846 0.009615384615384616 0.007211538461538462
1 0.578125 0.5709134615384616 0.007211538461538462 0.007211538461538462
1 0.5685096153846154 0.5348557692307693 0.007211538461538462 0.007211538461538462
1 0.5757211538461539 0.5637019230769231 0.007211538461538462 0.007211538461538462
1 0.5745192307692307 0.5552884615384616 0.004807692307692308 0.004807692307692308
1 0.5697115384615384 0.5408653846153846 0.004807692307692308 0.004807692307692308
2 0.5841346153846154 0.6045673076923077 0.009615384615384616 0.007211538461538462
2 0.5973557692307693 0.671875 0.007211538461538462 0.007211538461538462
1 0.5504807692307693 0.5132211538461539 0.009615384615384616 0.007211538461538462
2 0.5612980769230769 0.5973557692307693 0.007211538461538462 0.007211538461538462
2 0.5492788461538461 0.6045673076923077 0.007211538461538462 0.007211538461538462
1 0.5288461538461539 0.5180288461538461 0.009615384615384616 0.007211538461538462
2 0.5348557692307693 0.5997596153846154 0.007211538461538462 0.007211538461538462
1 0.5168269230769231 0.5204326923076923 0.009615384615384616 0.007211538461538462
2 0.5276442307692307 0.5949519230769231 0.007211538461538462 0.007211538461538462
1 0.5096153846153846 0.5180288461538461 0.009615384615384616 0.007211538461538462
1 0.5384615384615384 0.6574519230769231 0.009615384615384616 0.007211538461538462
1 0.5024038461538461 0.5252403846153846 0.009615384615384616 0.007211538461538462
1 0.5180288461538461 0.6454326923076923 0.007211538461538462 0.007211538461538462
1 0.49278846153846156 0.5276442307692307 0.009615384615384616 0.007211538461538462
1 0.4807692307692308 0.5300480769230769 0.009615384615384616 0.007211538461538462
1 0.4807692307692308 0.5300480769230769 0.009615384615384616 0.007211538461538462
1 0.47115384615384615 0.5324519230769231 0.009615384615384616 0.007211538461538462
1 0.47115384615384615 0.5324519230769231 0.009615384615384616 0.007211538461538462
2 0.45913461538461536 0.5012019230769231 0.009615384615384616 0.007211538461538462
2 0.47716346153846156 0.6069711538461539 0.01201923076923077 0.007211538461538462
2 0.46153846153846156 0.5540865384615384 0.009615384615384616 0.007211538461538462
2 0.45552884615384615 0.546875 0.007211538461538462 0.007211538461538462
