2 0.3918269230769231 0.34975961538461536 0.009615384615384616 0.007211538461538462
2 0.3629807692307692 0.6021634615384616 0.004807692307692308 0.002403846153846154
2 0.4483173076923077 0.24158653846153846 0.007211538461538462 0.007211538461538462
2 0.3870192307692308 0.6009615384615384 0.009615384615384616 0.004807692307692308
2 0.3858173076923077 0.6189903846153846 0.09375 0.036057692307692304
2 0.39663461538461536 0.6033653846153846 0.009615384615384616 0.004807692307692308
2 0.4639423076923077 0.40625 0.004807692307692308 0.004807692307692308
2 0.4639423076923077 0.4338942307692308 0.004807692307692308 0.002403846153846154
2 0.4807692307692308 0.41346153846153844 0.004807692307692308 0.004807692307692308
2 0.47596153846153844 0.6286057692307693 0.009615384615384616 0.007211538461538462
2 0.4987980769230769 0.6189903846153846 0.007211538461538462 0.007211538461538462
2 0.5048076923076923 0.6225961538461539 0.004807692307692308 0.004807692307692308
2 0.5588942307692307 0.3762019230769231 0.007211538461538462 0.007211538461538462
2 0.5625 0.35697115384615385 0.004807692307692308 0.002403846153846154
2 0.5961538461538461 0.21634615384615385 0.004807692307692308 0.004807692307692308
2 0.5072115384615384 0.6358173076923077 0.009615384615384616 0.007211538461538462
2 0.5120192307692307 0.6225961538461539 0.004807692307692308 0.004807692307692308
2 0.5168269230769231 0.6225961538461539 0.004807692307692308 0.004807692307692308
2 0.6286057692307693 0.234375 0.016826923076923076 0.01201923076923077
2 0.5552884615384616 0.6057692307692307 0.004807692307692308 0.004807692307692308
2 0.6514423076923077 0.23798076923076922 0.004807692307692308 0.004807692307692308
2 0.6225961538461539 0.43990384615384615 0.004807692307692308 0.004807692307692308
2 0.625 0.46153846153846156 0.009615384615384616 0.004807692307692308
2 0.7331730769230769 0.25721153846153844 0.009615384615384616 0.004807692307692308
2 0.7932692307692307 0.2848557692307692 0.009615384615384616 0.007211538461538462
2 0.7475961538461539 0.6045673076923077 0.009615384615384616 0.007211538461538462
2 0.7403846153846154 0.6382211538461539 0.009615384615384616 0.007211538461538462
2 0.23317307692307693 0.5697115384615384 0.004807692307692308 0.004807692307692308
2 0.2403846153846154 0.5697115384615384 0.004807692307692308 0.004807692307692308
2 0.2692307692307692 0.5733173076923077 0.004807692307692308 0.002403846153846154
