2 0.2668269230769231 0.25240384615384615 0.004807692307692308 0.004807692307692308
2 0.2932692307692308 0.3641826923076923 0.009615384615384616 0.007211538461538462
2 0.31009615384615385 0.2860576923076923 0.009615384615384616 0.004807692307692308
2 0.35096153846153844 0.44471153846153844 0.004807692307692308 0.004807692307692308
2 0.36538461538461536 0.4362980769230769 0.009615384615384616 0.007211538461538462
1 0.41586538461538464 0.640625 0.009615384615384616 0.007211538461538462
1 0.3605769230769231 0.26322115384615385 0.009615384615384616 0.007211538461538462
1 0.43028846153846156 0.28966346153846156 0.009615384615384616 0.007211538461538462
1 0.4254807692307692 0.24879807692307693 0.009615384615384616 0.007211538461538462
2 0.46634615384615385 0.44591346153846156 0.009615384615384616 0.007211538461538462
1 0.44471153846153844 0.28725961538461536 0.009615384615384616 0.007211538461538462
2 0.5336538461538461 0.6177884615384616 0.009615384615384616 0.004807692307692308
2 0.53125 0.6105769230769231 0.009615384615384616 0.004807692307692308
2 0.49278846153846156 0.39903846153846156 0.009615384615384616 0.004807692307692308
2 0.5072115384615384 0.41947115384615385 0.009615384615384616 0.007211538461538462
2 0.46875 0.16346153846153846 0.009615384615384616 0.009615384615384616
2 0.48677884615384615 0.1622596153846154 0.007211538461538462 0.007211538461538462
2 0.5036057692307693 0.15985576923076922 0.007211538461538462 0.007211538461538462
2 0.5997596153846154 0.6418269230769231 0.05048076923076923 0.028846153846153848
2 0.6141826923076923 0.6586538461538461 0.05048076923076923 0.028846153846153848
2 0.5841346153846154 0.49278846153846156 0.028846153846153848 0.03365384615384615
1 0.5288461538461539 0.20072115384615385 0.009615384615384616 0.007211538461538462
2 0.5252403846153846 0.14783653846153846 0.007211538461538462 0.007211538461538462
1 0.5432692307692307 0.19591346153846154 0.009615384615384616 0.007211538461538462
2 0.5348557692307693 0.14783653846153846 0.007211538461538462 0.007211538461538462
2 0.5769230769230769 0.21514423076923078 0.009615384615384616 0.007211538461538462
2 0.6262019230769231 0.40865384615384615 0.01201923076923077 0.004807692307692308
1 0.5961538461538461 0.24639423076923078 0.009615384615384616 0.007211538461538462
0 0.6706730769230769 0.6069711538461539 0.009615384615384616 0.007211538461538462
0 0.6706730769230769 0.5961538461538461 0.009615384615384616 0.009615384615384616
2 0.6466346153846154 0.4639423076923077 0.009615384615384616 0.004807692307692308
2 0.6442307692307693 0.4579326923076923 0.009615384615384616 0.007211538461538462
2 0.6346153846153846 0.41346153846153844 0.009615384615384616 0.004807692307692308
2 0.6442307692307693 0.46153846153846156 0.009615384615384616 0.004807692307692308
2 0.6370192307692307 0.4170673076923077 0.009615384615384616 0.007211538461538462
2 0.6346153846153846 0.4098557692307692 0.009615384615384616 0.007211538461538462
2 0.6370192307692307 0.4206730769230769 0.009615384615384616 0.004807692307692308
1 0.6646634615384616 0.5564903846153846 0.007211538461538462 0.007211538461538462
1 0.6586538461538461 0.5228365384615384 0.009615384615384616 0.007211538461538462
1 0.6670673076923077 0.5733173076923077 0.01201923076923077 0.01201923076923077
1 0.6610576923076923 0.5372596153846154 0.009615384615384616 0.007211538461538462
2 0.6153846153846154 0.2956730769230769 0.004807692307692308 0.004807692307692308
2 0.6802884615384616 0.6358173076923077 0.009615384615384616 0.007211538461538462
2 0.6802884615384616 0.6298076923076923 0.009615384615384616 0.004807692307692308
2 0.6826923076923077 0.6382211538461539 0.009615384615384616 0.007211538461538462
2 0.6802884615384616 0.6286057692307693 0.009615384615384616 0.007211538461538462
2 0.6850961538461539 0.6502403846153846 0.014423076923076924 0.007211538461538462
1 0.6081730769230769 0.2439903846153846 0.009615384615384616 0.007211538461538462
2 0.6826923076923077 0.6045673076923077 0.009615384615384616 0.007211538461538462
2 0.6826923076923077 0.609375 0.009615384615384616 0.007211538461538462
2 0.6778846153846154 0.5865384615384616 0.009615384615384616 0.004807692307692308
2 0.6802884615384616 0.59375 0.009615384615384616 0.004807692307692308
2 0.6826923076923077 0.6069711538461539 0.009615384615384616 0.007211538461538462
2 0.6826923076923077 0.6009615384615384 0.009615384615384616 0.004807692307692308
2 0.6802884615384616 0.5973557692307693 0.009615384615384616 0.007211538461538462
2 0.6802884615384616 0.5901442307692307 0.009615384615384616 0.007211538461538462
2 0.6730769230769231 0.5480769230769231 0.009615384615384616 0.004807692307692308
0 0.6682692307692307 0.5216346153846154 0.009615384615384616 0.009615384615384616
0 0.6778846153846154 0.5709134615384616 0.009615384615384616 0.007211538461538462
0 0.6730769230769231 0.5540865384615384 0.009615384615384616 0.007211538461538462
0 0.6706730769230769 0.5372596153846154 0.009615384615384616 0.007211538461538462
1 0.6177884615384616 0.24278846153846154 0.009615384615384616 0.009615384615384616
2 0.6682692307692307 0.49399038461538464 0.014423076923076924 0.007211538461538462
2 0.6334134615384616 0.2920673076923077 0.007211538461538462 0.007211538461538462
1 0.6274038461538461 0.24158653846153846 0.009615384615384616 0.007211538461538462
1 0.6370192307692307 0.23798076923076922 0.009615384615384616 0.009615384615384616
1 0.6490384615384616 0.24519230769230768 0.009615384615384616 0.009615384615384616
1 0.6466346153846154 0.23677884615384615 0.009615384615384616 0.007211538461538462
2 0.21153846153846154 0.5841346153846154 0.004807692307692308 0.004807692307692308
2 0.17067307692307693 0.23317307692307693 0.004807692307692308 0.004807692307692308
2 0.17548076923076922 0.23317307692307693 0.004807692307692308 0.004807692307692308
2 0.18028846153846154 0.23076923076923078 0.004807692307692308 0.004807692307692308
2 0.21995192307692307 0.41947115384615385 0.007211538461538462 0.007211538461538462
2 0.18509615384615385 0.23076923076923078 0.004807692307692308 0.004807692307692308
2 0.23197115384615385 0.4266826923076923 0.007211538461538462 0.007211538461538462
2 0.2091346153846154 0.21394230769230768 0.009615384615384616 0.009615384615384616
1 0.2283653846153846 0.29447115384615385 0.009615384615384616 0.007211538461538462
1 0.23317307692307693 0.30649038461538464 0.009615384615384616 0.007211538461538462
2 0.2644230769230769 0.41346153846153844 0.004807692307692308 0.004807692307692308
2 0.23798076923076922 0.25721153846153844 0.004807692307692308 0.004807692307692308
1 0.30288461538461536 0.5516826923076923 0.009615384615384616 0.007211538461538462
1 0.30288461538461536 0.5444711538461539 0.009615384615384616 0.007211538461538462
1 0.2956730769230769 0.5036057692307693 0.009615384615384616 0.007211538461538462
1 0.2932692307692308 0.49158653846153844 0.009615384615384616 0.007211538461538462
1 0.2932692307692308 0.49759615384615385 0.009615384615384616 0.009615384615384616
1 0.29086538461538464 0.47836538461538464 0.009615384615384616 0.009615384615384616
1 0.2932692307692308 0.4855769230769231 0.009615384615384616 0.009615384615384616
1 0.2980769230769231 0.515625 0.009615384615384616 0.007211538461538462
1 0.30288461538461536 0.5348557692307693 0.009615384615384616 0.007211538461538462
