2 0.5709134615384616 0.4483173076923077 0.007211538461538462 0.007211538461538462
1 0.5552884615384616 0.4182692307692308 0.004807692307692308 0.004807692307692308
1 0.5516826923076923 0.41225961538461536 0.007211538461538462 0.007211538461538462
1 0.5504807692307693 0.42788461538461536 0.004807692307692308 0.004807692307692308
2 0.5264423076923077 0.32091346153846156 0.009615384615384616 0.007211538461538462
1 0.5396634615384616 0.4050480769230769 0.007211538461538462 0.007211538461538462
1 0.546875 0.4387019230769231 0.007211538461538462 0.007211538461538462
1 0.5396634615384616 0.41225961538461536 0.007211538461538462 0.007211538461538462
1 0.5432692307692307 0.4206730769230769 0.004807692307692308 0.004807692307692308
1 0.5456730769230769 0.4326923076923077 0.004807692307692308 0.004807692307692308
2 0.53125 0.36899038461538464 0.009615384615384616 0.007211538461538462
2 0.5132211538461539 0.30408653846153844 0.007211538461538462 0.007211538461538462
1 0.5408653846153846 0.4675480769230769 0.009615384615384616 0.007211538461538462
2 0.5132211538461539 0.3858173076923077 0.007211538461538462 0.007211538461538462
2 0.4987980769230769 0.3858173076923077 0.007211538461538462 0.007211538461538462
1 0.5168269230769231 0.4723557692307692 0.009615384615384616 0.007211538461538462
2 0.4891826923076923 0.39783653846153844 0.007211538461538462 0.007211538461538462
1 0.5048076923076923 0.47475961538461536 0.009615384615384616 0.007211538461538462
2 0.484375 0.4026442307692308 0.007211538461538462 0.007211538461538462
1 0.5 0.48197115384615385 0.009615384615384616 0.007211538461538462
1 0.46634615384615385 0.3425480769230769 0.009615384615384616 0.007211538461538462
1 0.49038461538461536 0.47716346153846156 0.009615384615384616 0.007211538461538462
1 0.453125 0.3641826923076923 0.007211538461538462 0.007211538461538462
1 0.4807692307692308 0.4795673076923077 0.009615384615384616 0.007211538461538462
1 0.47115384615384615 0.48197115384615385 0.009615384615384616 0.007211538461538462
1 0.47115384615384615 0.48197115384615385 0.009615384615384616 0.007211538461538462
1 0.46153846153846156 0.484375 0.009615384615384616 0.007211538461538462
1 0.46153846153846156 0.484375 0.009615384615384616 0.007211538461538462
2 0.4639423076923077 0.5180288461538461 0.009615384615384616 0.007211538461538462
2 0.4338942307692308 0.41466346153846156 0.01201923076923077 0.007211538461538462
2 0.4423076923076923 0.4699519230769231 0.009615384615384616 0.007211538461538462
2 0.4387019230769231 0.4795673076923077 0.007211538461538462 0.007211538461538462
