0 0.6345373376623377 0.31996951219512193 0.007305194805194805 0.008841463414634146
0 0.43973214285714285 0.3254573170731707 0.005275974025974026 0.010060975609756098
0 0.43273133116883117 0.32621951219512196 0.005073051948051948 0.010365853658536586
0 0.6153612012987013 0.32926829268292684 0.014001623376623376 0.010365853658536586
1 0.7954545454545454 0.33003048780487804 0.009334415584415584 0.008231707317073171
0 0.7428977272727273 0.33125 0.002840909090909091 0.007621951219512195
0 0.48548193993506494 0.33294359756097563 0.0034314123376623378 0.003692073170731707
0 0.46124188311688313 0.3335365853658537 0.006899350649350649 0.010365853658536586
0 0.4680397727272727 0.33414634146341465 0.005478896103896104 0.010365853658536586
0 0.7597402597402597 0.33765243902439024 0.002840909090909091 0.005792682926829268
0 0.5081047077922078 0.3431509146341464 0.00200487012987013 0.005814024390243902
0 0.45157163149350643 0.3432911585365853 0.0025750811688311686 0.006704268292682927
0 0.4341517857142857 0.34466463414634146 0.0034496753246753245 0.010670731707317074
0 0.43080357142857145 0.34512195121951217 0.002840909090909091 0.00853658536585366
0 0.48648031655844154 0.34561585365853653 0.0021814123376623375 0.006475609756097561
0 0.43922483766233766 0.34603658536585363 0.003043831168831169 0.00853658536585366
0 0.442674512987013 0.3461890243902439 0.003043831168831169 0.00701219512195122
0 0.42677455357142857 0.34710213414634145 0.0028997564935064933 0.006399390243902439
0 0.47831777597402597 0.3507606707317073 0.0033076298701298704 0.006399390243902439
0 0.46527293019480515 0.35307164634146343 0.0019744318181818183 0.006753048780487805
0 0.48645900974025974 0.3534237804878049 0.0021387987012987013 0.0056280487804878055
0 0.786323051948052 0.35503048780487806 0.008928571428571428 0.02103658536585366
0 0.778510551948052 0.35533536585365855 0.00872564935064935 0.022865853658536585
0 0.4258319805194805 0.3565548780487805 0.0038555194805194805 0.008231707317073171
0 0.47864650974025974 0.358640243902439 0.0015300324675324676 0.004475609756097561
2 0.6257102272727273 0.3625 0.0034496753246753245 0.00975609756097561
0 0.742086038961039 0.3643292682926829 0.005275974025974026 0.00426829268292683
0 0.7699472402597403 0.3649908536585366 0.004180194805194806 0.004981707317073171
0 0.49837662337662336 0.3745426829268293 0.003246753246753247 0.011890243902439025
0 0.770799512987013 0.3745426829268293 0.005478896103896104 0.005792682926829268
0 0.764325284090909 0.37987042682926825 0.001864853896103896 0.006692073170731707
0 0.44746753246753246 0.38109756097560976 0.0028896103896103894 0.003048780487804878
0 0.7691578733766233 0.38127591463414634 0.0034131493506493506 0.005234756097560976
0 0.43982244318181823 0.38132164634146337 0.0022098214285714286 0.004716463414634146
2 0.37205762987012986 0.38704268292682925 0.0018262987012987013 0.004573170731707317
0 0.6919642857142857 0.39146341463414636 0.002840909090909091 0.007317073170731708
0 0.6752232142857143 0.39207317073170733 0.004667207792207792 0.012195121951219513
2 0.741984577922078 0.3958841463414634 0.006290584415584416 0.00701219512195122
0 0.7764985795454545 0.3969435975609756 0.003078327922077922 0.0073018292682926825
0 0.7735450487012987 0.39706554878048783 0.00244724025974026 0.007545731707317073
0 0.41680194805194803 0.3986280487804878 0.00487012987012987 0.005792682926829268
0 0.7573051948051948 0.3989329268292683 0.015016233766233766 0.011280487804878048
0 0.45992288961038963 0.39969512195121953 0.007508116883116883 0.004878048780487805
0 0.3721347402597403 0.399875 0.00400974025974026 0.002798780487804878
0 0.471286525974026 0.39984756097560975 0.007102272727272727 0.005792682926829268
0 0.45992288961038963 0.40716463414634146 0.007508116883116883 0.005182926829268293
0 0.47118506493506496 0.40746951219512195 0.008116883116883116 0.005792682926829268
0 0.752150974025974 0.40765548780487804 0.00349025974025974 0.0031158536585365855
2 0.3778409090909091 0.4097560975609756 0.002840909090909091 0.007926829268292683
0 0.6732954545454546 0.41051829268292683 0.004464285714285714 0.008841463414634146
0 0.666801948051948 0.4120426829268293 0.002435064935064935 0.0064024390243902435
0 0.7409334415584415 0.4124893292682927 0.002564935064935065 0.006076219512195122
2 0.35907061688311687 0.4125 0.017248376623376624 0.09024390243902439
0 0.46002435064935066 0.4143292682926829 0.008116883116883116 0.006707317073170732
0 0.471387987012987 0.41524390243902437 0.008522727272727272 0.006097560975609756
2 0.377637987012987 0.41996951219512196 0.002840909090909091 0.009451219512195122
0 0.7409334415584415 0.4238765243902439 0.002564935064935065 0.0050701219512195115
0 0.4310064935064935 0.4248475609756098 0.003246753246753247 0.008231707317073171
0 0.43476055194805197 0.42515243902439026 0.0038555194805194805 0.008841463414634146
0 0.44500811688311687 0.4253048780487805 0.003246753246753247 0.007317073170731708
0 0.4381087662337662 0.42545731707317075 0.002435064935064935 0.007621951219512195
0 0.4523133116883117 0.42545731707317075 0.003246753246753247 0.008231707317073171
0 0.47351866883116883 0.42545731707317075 0.003043831168831169 0.00701219512195122
0 0.4414569805194805 0.42560975609756097 0.0034496753246753245 0.007926829268292683
0 0.4486607142857143 0.42560975609756097 0.002840909090909091 0.00853658536585366
0 0.4771712662337662 0.42560975609756097 0.003043831168831169 0.007317073170731708
0 0.455762987012987 0.42576219512195124 0.002840909090909091 0.008841463414634146
0 0.4594155844155844 0.42576219512195124 0.003246753246753247 0.007621951219512195
0 0.4628652597402597 0.42576219512195124 0.002435064935064935 0.007621951219512195
0 0.46986607142857145 0.42576219512195124 0.002637987012987013 0.007621951219512195
0 0.48062094155844154 0.42576219512195124 0.003043831168831169 0.00701219512195122
0 0.46651785714285715 0.42591463414634145 0.003246753246753247 0.007926829268292683
0 0.7636972402597403 0.43003048780487807 0.0034496753246753245 0.008231707317073171
0 0.7645941558441559 0.43866463414634144 0.004025974025974026 0.006597560975609756
0 0.759320211038961 0.4399085365853659 0.003218344155844156 0.004207317073170732
2 0.5849228896103896 0.4432926829268293 0.0034496753246753245 0.003048780487804878
0 0.6424512987012987 0.44603658536585367 0.00487012987012987 0.004878048780487805
2 0.5582386363636364 0.4510670731707317 0.002435064935064935 0.005792682926829268
0 0.5800456574675324 0.4543734756097561 0.003841314935064935 0.0032591463414634145
0 0.5576592938311689 0.458327743902439 0.0024939123376623374 0.005679878048780488
0 0.5798285308441559 0.45833689024390245 0.004218749999999999 0.0026493902439024388
2 0.5803571428571429 0.4628048780487805 0.0036525974025974025 0.003048780487804878
0 0.6288555194805194 0.4760670731707317 0.00487012987012987 0.0039634146341463415
0 0.4408482142857143 0.4785060975609756 0.002637987012987013 0.008231707317073171
0 0.44439935064935066 0.4788109756097561 0.003246753246753247 0.007621951219512195
0 0.46256087662337664 0.4788109756097561 0.002637987012987013 0.0064024390243902435
0 0.4695616883116883 0.4788109756097561 0.003246753246753247 0.00701219512195122
0 0.4554586038961039 0.4789634146341463 0.003043831168831169 0.007317073170731708
0 0.4591112012987013 0.4789634146341463 0.0034496753246753245 0.006707317073170732
0 0.44825487012987014 0.4791158536585366 0.002840909090909091 0.007621951219512195
0 0.4516030844155844 0.4791158536585366 0.0034496753246753245 0.008231707317073171
0 0.46631493506493504 0.4792682926829268 0.002840909090909091 0.007317073170731708
0 0.638189935064935 0.4841463414634146 0.004464285714285714 0.010365853658536586
0 0.445211038961039 0.49054878048780487 0.0036525974025974025 0.007926829268292683
1 0.7120535714285714 0.494969512195122 0.005275974025974026 0.010060975609756098
0 0.4564732142857143 0.49634146341463414 0.00588474025974026 0.012195121951219513
0 0.46205357142857145 0.4969512195121951 0.004464285714285714 0.01097560975609756
0 0.39752435064935066 0.4974085365853659 0.005681818181818182 0.004573170731707317
0 0.6421469155844156 0.4989329268292683 0.004667207792207792 0.0064024390243902435
0 0.445413961038961 0.5001524390243902 0.004464285714285714 0.009451219512195122
2 0.37073863636363635 0.5015243902439024 0.00487012987012987 0.00975609756097561
0 0.7433035714285714 0.5042682926829268 0.005681818181818182 0.011585365853658536
0 0.6143465909090909 0.5054878048780488 0.008319805194805194 0.007926829268292683
1 0.713575487012987 0.5111280487804878 0.005478896103896104 0.009451219512195122
0 0.7963676948051948 0.5111280487804878 0.008319805194805194 0.02103658536585366
0 0.4447037337662338 0.5134146341463415 0.0034496753246753245 0.006097560975609756
0 0.4700689935064935 0.5134146341463415 0.003043831168831169 0.006707317073170732
0 0.4413555194805195 0.5135670731707317 0.003246753246753247 0.0064024390243902435
0 0.4484577922077922 0.5137195121951219 0.0036525974025974025 0.00548780487804878
0 0.4628652597402597 0.5137195121951219 0.002435064935064935 0.006707317073170732
0 0.45200892857142855 0.5138719512195122 0.002637987012987013 0.005792682926829268
0 0.45535714285714285 0.5138719512195122 0.002435064935064935 0.0064024390243902435
0 0.45921266233766234 0.5138719512195122 0.003246753246753247 0.007621951219512195
0 0.4664163961038961 0.5138719512195122 0.0034496753246753245 0.00701219512195122
1 0.6864853896103896 0.5166158536585366 0.008522727272727272 0.00701219512195122
0 0.676948051948052 0.5181402439024391 0.004058441558441558 0.008841463414634146
1 0.7825689935064936 0.5189024390243903 0.007102272727272727 0.004878048780487805
0 0.6936891233766234 0.5208841463414634 0.0034496753246753245 0.008231707317073171
1 0.7037337662337663 0.5208841463414634 0.007305194805194805 0.009451219512195122
2 0.382913961038961 0.5222560975609756 0.005275974025974026 0.006707317073170732
2 0.38250811688311687 0.5288109756097561 0.005681818181818182 0.005792682926829268
0 0.6395089285714286 0.5291158536585366 0.003043831168831169 0.008231707317073171
2 0.6344358766233766 0.5304878048780488 0.00588474025974026 0.007317073170731708
2 0.6534090909090909 0.5315548780487804 0.002840909090909091 0.004573170731707317
2 0.7972808441558441 0.5333841463414634 0.005275974025974026 0.003353658536585366
2 0.3678977272727273 0.5338414634146341 0.006087662337662338 0.010365853658536586
2 0.382913961038961 0.536280487804878 0.006493506493506494 0.004878048780487805
0 0.6125202922077922 0.538109756097561 0.004667207792207792 0.004878048780487805
0 0.586140422077922 0.5403963414634146 0.00588474025974026 0.0064024390243902435
0 0.5359070616883117 0.5420365853658536 0.00403814935064935 0.0035853658536585367
2 0.382913961038961 0.5422256097560976 0.006493506493506494 0.005182926829268293
0 0.5492086038961039 0.5432926829268293 0.0034496753246753245 0.00853658536585366
0 0.5361201298701299 0.5464939024390244 0.005275974025974026 0.004573170731707317
0 0.5851258116883117 0.5496951219512195 0.004667207792207792 0.010365853658536586
0 0.5543831168831169 0.5498475609756097 0.005681818181818182 0.010670731707317074
0 0.7359983766233766 0.5606707317073171 0.007305194805194805 0.007317073170731708
0 0.5531655844155844 0.5609756097560976 0.008928571428571428 0.006707317073170732
0 0.5872564935064936 0.5617378048780488 0.005275974025974026 0.005182926829268293
0 0.536627435064935 0.561890243902439 0.005478896103896104 0.006097560975609756
0 0.5872564935064936 0.568140243902439 0.005275974025974026 0.004573170731707317
2 0.7870332792207793 0.5704268292682927 0.00872564935064935 0.01524390243902439
0 0.38890016233766234 0.5740853658536585 0.014813311688311688 0.012804878048780487
2 0.4081777597402597 0.5745426829268293 0.0034496753246753245 0.005792682926829268
2 0.7877435064935064 0.5928353658536586 0.004464285714285714 0.003353658536585366
0 0.7528409090909091 0.5969512195121951 0.007711038961038961 0.007317073170731708
2 0.5854301948051948 0.6053353658536585 0.00487012987012987 0.0039634146341463415
0 0.7872362012987013 0.6141768292682926 0.008319805194805194 0.021646341463414633
2 0.5637175324675324 0.614329268292683 0.002840909090909091 0.009146341463414634
0 0.3690137987012987 0.649390243902439 0.007913961038961038 0.007317073170731708
1 0.7088068181818182 0.6503048780487805 0.006899350649350649 0.00548780487804878
1 0.6681209415584416 0.6617378048780488 0.005478896103896104 0.010670731707317074
0 0.778612012987013 0.66875 0.006493506493506494 0.013719512195121951
0 0.3665787337662338 0.6696646341463415 0.011972402597402598 0.009451219512195122
2 0.7878449675324676 0.6757621951219512 0.002637987012987013 0.009451219512195122
1 0.7575081168831169 0.6782012195121951 0.004058441558441558 0.011280487804878048
1 0.5223214285714286 0.6844512195121951 0.005681818181818182 0.006097560975609756
1 0.538859577922078 0.6846036585365853 0.00588474025974026 0.007621951219512195
1 0.5620941558441559 0.6847560975609757 0.005681818181818182 0.007926829268292683
1 0.5790381493506493 0.6847560975609757 0.007102272727272727 0.009146341463414634
1 0.5141030844155844 0.6849085365853659 0.00588474025974026 0.005792682926829268
1 0.5323660714285714 0.6849085365853659 0.00588474025974026 0.0064024390243902435
1 0.5502232142857143 0.6849085365853659 0.007102272727272727 0.009451219512195122
1 0.5865462662337663 0.6849085365853659 0.006696428571428571 0.008841463414634146
1 0.5985186688311688 0.6858231707317073 0.006696428571428571 0.008231707317073171
1 0.6046063311688312 0.6858231707317073 0.00588474025974026 0.008841463414634146
1 0.7595373376623377 0.6951219512195121 0.00487012987012987 0.010365853658536586
1 0.5223214285714286 0.7021341463414634 0.005681818181818182 0.006707317073170732
1 0.5143060064935064 0.7024390243902439 0.006290584415584416 0.007317073170731708
1 0.5326704545454546 0.7025914634146342 0.005275974025974026 0.0064024390243902435
1 0.541700487012987 0.7027439024390244 0.007508116883116883 0.007317073170731708
1 0.562297077922078 0.7032012195121952 0.006493506493506494 0.008841463414634146
1 0.5866477272727273 0.7032012195121952 0.006899350649350649 0.008231707317073171
1 0.5508319805194806 0.7033536585365854 0.006696428571428571 0.007926829268292683
1 0.5796469155844156 0.7036585365853658 0.006290584415584416 0.00975609756097561
1 0.5987215909090909 0.7036585365853658 0.006696428571428571 0.01097560975609756
1 0.6048092532467533 0.7036585365853658 0.005478896103896104 0.01097560975609756
1 0.7096185064935064 0.7042682926829268 0.005275974025974026 0.00975609756097561
1 0.7387378246753247 0.7147865853658537 0.006696428571428571 0.0064024390243902435
0 0.7016183035714285 0.7347926829268292 0.0022625811688311687 0.006780487804878049
0 0.7147778003246754 0.7366432926829268 0.0022017045454545453 0.006213414634146341
2 0.7713068181818182 0.7402439024390244 0.0036525974025974025 0.009146341463414634
1 0.7297077922077922 0.7425304878048781 0.00487012987012987 0.009451219512195122
0 0.7012987012987013 0.7446646341463414 0.002840909090909091 0.008231707317073171
0 0.7210836038961039 0.7471036585365853 0.007913961038961038 0.013719512195121951
1 0.7296063311688312 0.7532012195121951 0.005073051948051948 0.010060975609756098
0 0.7012987012987013 0.7536585365853659 0.002840909090909091 0.007926829268292683
2 0.44937094155844154 0.7628048780487805 0.004261363636363636 0.009146341463414634
2 0.4163961038961039 0.7632621951219513 0.004058441558441558 0.009451219512195122
1 0.512885551948052 0.7632621951219513 0.004667207792207792 0.004573170731707317
1 0.5197849025974026 0.7634146341463415 0.004667207792207792 0.004878048780487805
1 0.5264813311688312 0.7634146341463415 0.004667207792207792 0.00548780487804878
1 0.5379464285714286 0.7635670731707317 0.003246753246753247 0.004573170731707317
1 0.5798498376623377 0.7635670731707317 0.0038555194805194805 0.005182926829268293
1 0.5872564935064936 0.7638719512195122 0.004058441558441558 0.005182926829268293
1 0.533685064935065 0.7641768292682927 0.004464285714285714 0.005792682926829268
1 0.554484577922078 0.7641768292682927 0.004261363636363636 0.0039634146341463415
1 0.5464691558441559 0.7643292682926829 0.0036525974025974025 0.00426829268292683
1 0.5506290584415584 0.7643292682926829 0.0038555194805194805 0.003658536585365854
1 0.5631087662337663 0.7643292682926829 0.00487012987012987 0.00426829268292683
1 0.5585430194805194 0.7644817073170732 0.0038555194805194805 0.0039634146341463415
0 0.7001826298701299 0.7663109756097561 0.01359577922077922 0.0125
1 0.4096996753246753 0.24664634146341463 0.003246753246753247 0.011585365853658536
2 0.37743506493506496 0.2524390243902439 0.005681818181818182 0.00548780487804878
2 0.377536525974026 0.2597560975609756 0.00588474025974026 0.00548780487804878
0 0.7997159090909091 0.2632621951219512 0.004464285714285714 0.005182926829268293
0 0.39858056006493503 0.2703307926829268 0.0025182629870129872 0.005905487804878049
0 0.4051258116883117 0.270625 0.002621753246753247 0.006493902439024391
0 0.7992086038961039 0.27225609756097563 0.0034496753246753245 0.012195121951219513
1 0.37672483766233766 0.27439024390243905 0.005073051948051948 0.009146341463414634
0 0.7974837662337663 0.28551829268292683 0.004058441558441558 0.011890243902439025
2 0.37976866883116883 0.28810975609756095 0.002637987012987013 0.00548780487804878
