1 0.631195211038961 0.430577743902439 0.0042735389610389606 0.0032286585365853657
1 0.6313494318181818 0.4344085365853658 0.004581980519480519 0.0029634146341463415
1 0.636622362012987 0.434375 0.004981737012987013 0.00350609756097561
0 0.6440827922077922 0.4391890243902439 0.004074675324675325 0.002768292682926829
0 0.47374695616883117 0.4407728658536585 0.004312094155844156 0.004106707317073171
1 0.637711038961039 0.4412865853658537 0.0022889610389610388 0.006963414634146342
0 0.7663453733766235 0.44378506097560977 0.01929788961038961 0.018667682926829268
1 0.6769409496753247 0.44448932926829265 0.0024208603896103895 0.0072713414634146345
1 0.6624056412337662 0.44511432926829264 0.0025710227272727273 0.006692073170731707
1 0.6597727272727273 0.4453460365853658 0.0021753246753246753 0.006545731707317073
1 0.4696103896103896 0.44606250000000003 0.0025324675324675324 0.007978658536585366
0 0.47281047077922084 0.44685823170731703 0.0024391233766233767 0.006521341463414635
1 0.6519287743506493 0.4503643292682927 0.004344561688311688 0.0031676829268292685
1 0.6027424918831169 0.45141615853658534 0.0025629058441558445 0.00710060975609756
1 0.6147879464285715 0.45159146341463413 0.006361607142857143 0.008670731707317074
1 0.6075801542207793 0.45175 0.0061505681818181815 0.00898780487804878
1 0.6707690746753248 0.4533963414634147 0.005499188311688312 0.004353658536585365
1 0.5168983360389611 0.45682164634146344 0.002952516233766234 0.008155487804878049
0 0.47927556818181816 0.4569832317073171 0.002788149350649351 0.008478658536585365
0 0.4869622564935065 0.45697713414634145 0.002739448051948052 0.00785670731707317
0 0.8747311282467533 0.45685213414634146 0.029494724025974025 0.03504573170731708
1 0.5138210227272727 0.4568536585365854 0.0028855519480519482 0.008219512195121952
1 0.4824188311688312 0.457077743902439 0.0025811688311688312 0.008057926829268293
1 0.5108015422077922 0.4570182926829268 0.002528409090909091 0.007939024390243903
0 0.785281047077922 0.4570960365853659 0.01739650974025974 0.02211890243902439
0 0.671015625 0.4581387195121951 0.005586444805194805 0.004082317073170732
0 0.8288636363636364 0.4581021341463415 0.015275974025974026 0.014374999999999999
0 0.84869825487013 0.4581905487804878 0.015984172077922076 0.013332317073170731
1 0.5050131899350649 0.45895579268292686 0.0023153409090909093 0.008155487804878049
1 0.6513991477272727 0.4592317073170732 0.0040969967532467535 0.003829268292682927
1 0.6782224025974026 0.4599192073170732 0.002548701298701299 0.008253048780487805
2 0.5633421266233767 0.4604679878048781 0.0069602272727272724 0.005692073170731708
1 0.6591812094155844 0.4620350609756097 0.004239042207792208 0.0033384146341463414
0 0.6924056412337662 0.46215091463414637 0.01914569805194805 0.026740853658536585
1 0.6548427353896104 0.46258079268292684 0.0020556006493506495 0.006259146341463415
2 0.7235551948051948 0.46287347560975606 0.023814935064935063 0.03367378048780488
1 0.6514204545454545 0.46316310975609754 0.004545454545454545 0.0031554878048780485
0 0.755593547077922 0.4643948170731707 0.014839691558441557 0.021472560975609758
0 0.8076390016233767 0.4643567073170731 0.025586444805194807 0.03542073170731708
1 0.5222666396103897 0.46484756097560975 0.005166396103896104 0.004085365853658537
1 0.5329129464285715 0.46489786585365855 0.004543425324675325 0.004185975609756098
1 0.6590330762987013 0.46628506097560973 0.0043486201298701295 0.003301829268292683
2 0.7730204951298701 0.4666676829268293 0.01479099025974026 0.02601829268292683
1 0.5871651785714286 0.4665198170731707 0.002252435064935065 0.006210365853658537
1 0.5898904220779221 0.46662652439024394 0.002832792207792208 0.007033536585365854
1 0.6511383928571428 0.46718597560975605 0.004387175324675325 0.0026646341463414636
1 0.5571144480519481 0.4670457317073171 0.002215909090909091 0.007871951219512195
0 0.5645799512987013 0.4671356707317073 0.002536525974025974 0.006832317073170732
0 0.5614336444805195 0.46718902439024396 0.0027374188311688314 0.006329268292682927
0 0.5078845373376624 0.46762195121951217 0.0027820616883116886 0.008414634146341464
0 0.576612215909091 0.46759146341463415 0.0026562499999999998 0.007134146341463414
0 0.5708492288961039 0.4678856707317073 0.002088068181818182 0.007722560975609755
0 0.5792167207792208 0.46779420731707316 0.002589285714285714 0.007539634146341463
1 0.505018262987013 0.46775609756097564 0.002731331168831169 0.008682926829268293
0 0.5739356737012987 0.46777896341463415 0.0025791396103896106 0.006899390243902439
1 0.567747564935065 0.4683414634146342 0.0027840909090909092 0.00802439024390244
1 0.5223863636363637 0.4687865853658536 0.005 0.004036585365853659
1 0.43843851461038963 0.47046646341463416 0.004312094155844156 0.0037378048780487803
1 0.6549533279220779 0.4723826219512195 0.0018709415584415585 0.006960365853658536
1 0.5526207386363636 0.4747439024390244 0.0025629058441558445 0.006804878048780488
0 0.7015066964285714 0.47578963414634146 0.006097808441558441 0.013774390243902439
0 0.7077252435064936 0.47600304878048777 0.006359577922077922 0.013591463414634146
0 0.5181635551948053 0.4797987804878049 0.008729707792207792 0.0059390243902439025
1 0.501208400974026 0.48199542682926827 0.004446022727272727 0.003625
1 0.6013859577922078 0.48372103658536586 0.0059375 0.009515243902439024
0 0.5167928165584416 0.48480487804878053 0.004364853896103896 0.0031463414634146343
1 0.4973731737012987 0.48535823170731707 0.002051542207792208 0.006692073170731707
1 0.49410004058441565 0.48559298780487803 0.0024046266233766233 0.006551829268292683
2 0.8263169642857143 0.4862301829268293 0.023575487012987013 0.034045731707317076
1 0.5016913555194805 0.4871935975609756 0.005006087662337662 0.0030457317073170733
2 0.8551643668831169 0.4872378048780488 0.024857954545454544 0.03423170731707317
0 0.5532355925324675 0.48920579268292685 0.0025750811688311686 0.007070121951219512
0 0.6994825487012988 0.4896753048780488 0.005296266233766234 0.0037408536585365852
1 0.6949391233766233 0.4917149390243903 0.002702922077922078 0.008429878048780487
0 0.7197088068181818 0.49187652439024393 0.0031351461038961036 0.009972560975609756
2 0.5166984577922078 0.49287195121951216 0.006205357142857143 0.004646341463414634
0 0.6994825487012988 0.4938719512195122 0.005296266233766234 0.004207317073170732
0 0.7326806006493507 0.4941295731707317 0.019744318181818182 0.027283536585365854
1 0.7538737824675324 0.4941387195121951 0.004500811688311688 0.0035213414634146342
1 0.6006321022727272 0.49544817073170727 0.005647321428571429 0.009189024390243902
1 0.5505712256493507 0.49703353658536586 0.0021164772727272725 0.006871951219512195
1 0.6989823457792208 0.49865853658536585 0.005513392857142857 0.004024390243902439
0 0.7538108766233766 0.49845579268292683 0.0043749999999999995 0.00361890243902439
1 0.5193202110389611 0.49862957317073175 0.002520292207792208 0.0070152439024390245
0 0.4715878652597403 0.49862042682926827 0.005269886363636364 0.003948170731707317
1 0.5162834821428571 0.4987881097560976 0.0021286525974025974 0.006112804878048781
0 0.48093749999999996 0.4998689024390244 0.0024594155844155845 0.007664634146341463
0 0.47599431818181814 0.5001158536585366 0.002313311688311688 0.0069390243902439025
1 0.48425324675324677 0.5001158536585366 0.0030032467532467534 0.0069390243902439025
1 0.4866243912337662 0.4999954268292683 0.0024695616883116884 0.006698170731707317
0 0.4894906655844156 0.5008414634146341 0.002520292207792208 0.007780487804878049
1 0.46671874999999996 0.5007423780487805 0.0028368506493506493 0.008192073170731708
0 0.49247159090909093 0.5008612804878049 0.0028003246753246754 0.008429878048780487
0 0.47138494318181823 0.5032743902439024 0.004864042207792208 0.0035
0 0.5549472402597403 0.5043307926829268 0.0043749999999999995 0.0037835365853658535
1 0.8285054788961039 0.5064039634146342 0.005225243506493506 0.0042713414634146345
0 0.8050892857142857 0.5065838414634146 0.017646103896103896 0.014996951219512195
1 0.5586485389610389 0.5066676829268293 0.002443181818181818 0.007847560975609756
1 0.5193202110389611 0.5068170731707317 0.002520292207792208 0.006317073170731707
1 0.8499675324675325 0.5070564024390244 0.005535714285714286 0.003746951219512195
1 0.49145089285714283 0.5072271341463415 0.004411525974025974 0.003478658536585366
1 0.5642512175324675 0.5080335365853659 0.003908279220779221 0.0032621951219512194
0 0.8549421672077921 0.5084115853658536 0.0033096590909090905 0.008286585365853659
0 0.823924512987013 0.5088780487804878 0.002556818181818182 0.008
0 0.5546266233766234 0.5090975609756098 0.004139610389610389 0.002951219512195122
1 0.7473630275974026 0.5093734756097561 0.0024370941558441556 0.007161585365853658
1 0.850151176948052 0.5111128048780488 0.005091314935064935 0.003323170731707317
1 0.8282548701298701 0.5114695121951219 0.00512987012987013 0.004036585365853659
1 0.5641548295454546 0.5123658536585366 0.0041213474025974025 0.0027804878048780486
0 0.5723589691558442 0.5124329268292683 0.0022666396103896104 0.008402439024390243
1 0.8330803571428571 0.512483231707317 0.0030113636363636362 0.009722560975609756
0 0.5693689123376623 0.5125396341463415 0.0027800324675324676 0.007396341463414635
1 0.8446144480519481 0.5130396341463415 0.003758116883116883 0.009006097560975609
1 0.43877637987012985 0.513219512195122 0.004581980519480519 0.0038780487804878053
1 0.5192522321428571 0.5143018292682927 0.0023843344155844155 0.00726219512195122
1 0.8502150974025974 0.5154283536585366 0.005219155844155844 0.0034176829268292687
1 0.8281280438311688 0.5155655487804878 0.004876217532467532 0.0030823170731707314
1 0.8651339285714286 0.517859756097561 0.0034009740259740265 0.008890243902439024
0 0.6872696834415584 0.5180609756097561 0.019831574675324676 0.028195121951219513
1 0.7474299918831169 0.5191143292682927 0.002976866883116883 0.007740853658536585
0 0.7394206574675324 0.5213490853658537 0.006032873376623377 0.013429878048780488
1 0.5653368506493507 0.5237240853658537 0.0032386363636363637 0.008423780487804879
1 0.43859882305194803 0.5240381097560975 0.004632711038961039 0.004173780487804878
0 0.8541365665584416 0.5262637195121951 0.005756899350649351 0.003746951219512195
1 0.7069612418831169 0.5267652439024391 0.0048315746753246755 0.003530487804878049
1 0.6723275162337662 0.5278948170731707 0.006181006493506494 0.003960365853658537
1 0.7017806412337663 0.5307957317073171 0.004616477272727273 0.0042743902439024385
1 0.6723518668831169 0.5318612804878049 0.005418019480519481 0.004576219512195122
0 0.8311018668831169 0.5319481707317073 0.003518668831168831 0.009018292682926829
0 0.843523741883117 0.5322286585365854 0.00401176948051948 0.008969512195121952
2 0.47773234577922075 0.5327408536585366 0.003760146103896104 0.009384146341463414
0 0.867789163961039 0.5331021341463414 0.013987418831168833 0.017423780487804876
1 0.6552546672077921 0.5341173780487805 0.0036911525974025975 0.007259146341463414
0 0.761580762987013 0.5344466463414634 0.017479707792207793 0.0347469512195122
1 0.6579494724025974 0.5347271341463414 0.0021814123376623375 0.006649390243902439
1 0.7122646103896104 0.5356859756097561 0.002451298701298701 0.006737804878048781
0 0.7391741071428571 0.5356265243902439 0.006351461038961039 0.013326219512195122
0 0.7461475243506493 0.5358734756097561 0.00609375 0.013820121951219512
1 0.6720890827922078 0.5360030487804878 0.00570413961038961 0.0037134146341463413
0 0.7154312094155844 0.5361478658536586 0.0026968344155844154 0.008271341463414635
0 0.8179545454545455 0.5360868902439024 0.02267857142857143 0.020954268292682928
1 0.6821540178571429 0.5401112804878049 0.0027008928571428574 0.008271341463414635
0 0.7247686688311687 0.5403445121951219 0.010819805194805195 0.017884146341463413
1 0.6763169642857143 0.5410990853658537 0.0027962662337662337 0.009027439024390243
1 0.6618293425324675 0.5424420731707317 0.0026359577922077924 0.0068353658536585375
1 0.6697930194805194 0.5425853658536586 0.0035470779220779223 0.006512195121951219
1 0.6725629058441558 0.5427637195121952 0.0021874999999999998 0.0050396341463414636
1 0.6651004464285714 0.5428185975609756 0.003496347402597403 0.007588414634146341
1 0.6122899756493506 0.542765243902439 0.0038007305194805194 0.008701219512195121
1 0.6675121753246753 0.5429253048780488 0.003043831168831169 0.005972560975609756
1 0.6594419642857143 0.5430868902439024 0.002731331168831169 0.006905487804878048
1 0.6568060064935064 0.5428719512195121 0.0027353896103896103 0.007695121951219512
2 0.8558979301948052 0.5437713414634147 0.008873782467532466 0.006445121951219513
1 0.6086312905844156 0.5479131097560975 0.0025710227272727273 0.010460365853658537
0 0.8569926948051948 0.5497743902439024 0.005787337662337662 0.005036585365853659
1 0.6275659496753246 0.5498689024390244 0.005943587662337662 0.00949390243902439
1 0.8229291801948052 0.5502743902439025 0.006247970779220779 0.004817073170731707
1 0.6115087256493507 0.5505320121951219 0.0018323863636363635 0.007161585365853658
0 0.8141142451298701 0.5510213414634146 0.005257711038961039 0.00448170731707317
1 0.851929788961039 0.5563445121951219 0.0033725649350649354 0.0078109756097560976
0 0.8273924512987013 0.556844512195122 0.0025933441558441558 0.007591463414634146
0 0.8454301948051948 0.5568841463414634 0.002548701298701299 0.007670731707317073
1 0.8211130275974027 0.5570243902439024 0.0022098214285714286 0.006731707317073171
1 0.8241091720779221 0.5569939024390244 0.002114448051948052 0.006060975609756097
1 0.6144216720779221 0.5574207317073171 0.002382305194805195 0.008134146341463415
1 0.6090909090909091 0.5576356707317074 0.003896103896103896 0.008564024390243903
1 0.611401176948052 0.5580670731707317 0.002023133116883117 0.008207317073170732
1 0.6940604707792207 0.5612073170731707 0.005815746753246753 0.004121951219512195
0 0.7718922483766234 0.5632073170731707 0.0027942370129870127 0.008121951219512195
1 0.6789275568181818 0.5661234756097561 0.00598823051948052 0.009076219512195121
0 0.8399584009740259 0.5674344512195122 0.00296875 0.00864939024390244
0 0.8314650974025974 0.5676143292682927 0.002621753246753247 0.007789634146341463
1 0.8256605113636364 0.5673993902439024 0.0027820616883116886 0.007359756097560976
0 0.8437398538961038 0.5676204268292683 0.002820616883116883 0.008411585365853659
0 0.8349492694805195 0.5674939024390244 0.003096590909090909 0.007548780487804879
0 0.8530813717532467 0.5677134146341463 0.015010146103896104 0.015914634146341464
0 0.8283258928571429 0.5680503048780488 0.002431006493506494 0.006832317073170732
0 0.6007609577922078 0.5683353658536585 0.005905032467532468 0.004353658536585365
0 0.8166964285714285 0.5684725609756097 0.01448051948051948 0.014384146341463415
1 0.6945738636363636 0.5707865853658537 0.006436688311688312 0.004987804878048781
0 0.6009070616883117 0.5729100609756097 0.005791396103896103 0.005576219512195122
1 0.6806939935064935 0.5738551829268292 0.005462662337662338 0.0025884146341463416
0 0.5943881899350649 0.5737713414634147 0.005334821428571428 0.004859756097560976
1 0.6855631087662337 0.575342987804878 0.005866477272727272 0.004344512195121952
1 0.8340827922077921 0.5772469512195122 0.0021753246753246753 0.006932926829268292
1 0.8397676542207793 0.5772469512195122 0.0025872564935064935 0.006932926829268292
1 0.8450700081168832 0.5775350609756098 0.002234172077922078 0.007509146341463414
0 0.8423254870129869 0.5775716463414634 0.002426948051948052 0.006972560975609756
1 0.8368313717532467 0.5776905487804879 0.0023965097402597405 0.006600609756097561
0 0.5969064529220779 0.5781112804878048 0.005907061688311688 0.00439329268292683
1 0.7805012175324675 0.5782530487804878 0.0021550324675324675 0.007115853658536586
1 0.7775852272727273 0.5782774390243902 0.002410714285714286 0.007164634146341464
0 0.7857964691558442 0.5786006097560975 0.003005275974025974 0.008420731707317074
1 0.6800375405844156 0.5784115853658537 0.00455560064935065 0.0037743902439024393
0 0.774278612012987 0.5785975609756098 0.0031026785714285713 0.00902439024390244
1 0.7268009334415585 0.5787408536585366 0.00473823051948052 0.003823170731707317
1 0.6853358360389611 0.581219512195122 0.005411931818181818 0.005121951219512195
1 0.6797270698051948 0.5824024390243903 0.005152191558441558 0.004439024390243903
0 0.5965716314935066 0.5823810975609757 0.005237418831168831 0.00500609756097561
1 0.7288717532467532 0.5831265243902439 0.005633116883116883 0.004057926829268293
0 0.8671083603896104 0.5841829268292683 0.02317775974025974 0.026902439024390244
0 0.7245332792207793 0.5848917682926829 0.002637987012987013 0.007588414634146341
0 0.6074563717532467 0.5850548780487805 0.005903003246753247 0.00425609756097561
1 0.735505275974026 0.5852698170731707 0.002666396103896104 0.007125
0 0.8243486201298701 0.5853414634146342 0.018421266233766234 0.01702439024390244
1 0.8367907873376623 0.5856128048780488 0.0031270292207792208 0.008420731707317074
0 0.6010714285714286 0.5872073170731708 0.005308441558441558 0.003682926829268293
0 0.600510349025974 0.5872789634146341 0.004997970779220779 0.005045731707317073
1 0.728997564935065 0.587797256097561 0.005478896103896104 0.003643292682926829
0 0.8442928165584416 0.5879512195121951 0.005955762987012988 0.005170731707317073
1 0.6948691152597403 0.5883307926829268 0.004997970779220779 0.003490853658536585
1 0.8515878652597403 0.5886265243902439 0.0022828733766233765 0.00713109756097561
1 0.8487976866883117 0.5890990853658536 0.0019784902597402595 0.007466463414634146
1 0.6895373376623376 0.589032012195122 0.004886363636363636 0.004283536585365854
0 0.6072179383116882 0.5893414634146341 0.005831980519480519 0.004292682926829269
1 0.7485085227272728 0.5911051829268292 0.005133928571428571 0.003551829268292683
1 0.7290614853896104 0.5918353658536586 0.005200892857142857 0.0031829268292682925
0 0.6012144886363636 0.5921585365853659 0.0051887175324675325 0.003829268292682927
1 0.8371235795454546 0.5922637195121951 0.00541599025974026 0.004649390243902439
0 0.6008928571428571 0.5929298780487805 0.005357142857142857 0.004762195121951219
1 0.6888331980519481 0.593375 0.004289772727272727 0.004432926829268292
1 0.6950273944805194 0.5932134146341463 0.0040969967532467535 0.0035
0 0.6070982142857143 0.5942926829268292 0.0059983766233766235 0.004439024390243903
1 0.7485085227272728 0.5951432926829268 0.005133928571428571 0.0030914634146341465
0 0.6008563311688312 0.5969298780487805 0.00609577922077922 0.0048353658536585365
0 0.6009993912337662 0.5969115853658536 0.005976055194805195 0.004189024390243903
1 0.8495576298701298 0.5973871951219513 0.0030925324675324674 0.008189024390243903
0 0.8232690746753247 0.5983673780487805 0.002463474025974026 0.0077103658536585365
1 0.8263727678571429 0.5983673780487805 0.0021773538961038963 0.0077103658536585365
1 0.8198396915584416 0.5986493902439024 0.0029099025974025972 0.007664634146341463
0 0.832932224025974 0.5987393292682927 0.0027150974025974025 0.007234756097560976
1 0.748497362012987 0.599998475609756 0.0042999188311688315 0.0030457317073170733
0 0.6003196022727273 0.6013125 0.007051542207792208 0.005673780487804878
0 0.5930631087662337 0.6023658536585366 0.005931412337662338 0.004121951219512195
0 0.6075395698051947 0.6051280487804878 0.005663555194805195 0.004768292682926829
0 0.534921875 0.6075350609756097 0.0028794642857142855 0.008362804878048781
0 0.5925862418831168 0.6077118902439025 0.004977678571428571 0.006277439024390244
2 0.4685024350649351 0.6101326219512195 0.02588474025974026 0.010509146341463414
0 0.49345271915584416 0.6121692073170731 0.020996347402597402 0.019460365853658537
0 0.5929555600649351 0.612501524390244 0.005716314935064935 0.0042713414634146345
0 0.5499655032467532 0.6162972560975609 0.0171387987012987 0.016740853658536583
0 0.5927404626623377 0.617954268292683 0.0056919642857142854 0.004201219512195121
1 0.6094977678571428 0.6193185975609756 0.005115665584415585 0.0038810975609756097
1 0.6035663555194806 0.6196417682926829 0.003804788961038961 0.006356707317073171
0 0.5759669237012986 0.6195685975609756 0.015976055194805196 0.01779573170731707
1 0.5354768668831169 0.6205198170731707 0.0023660714285714288 0.006893292682926829
1 0.5388068181818182 0.6209756097560976 0.0029383116883116883 0.007804878048780489
1 0.6848143262987013 0.6213216463414634 0.003963068181818182 0.007277439024390244
2 0.46348417207792214 0.6212835365853658 0.026400162337662337 0.010249999999999999
1 0.6036617288961038 0.6218125 0.0044013798701298705 0.005210365853658537
0 0.8240523538961039 0.6219344512195122 0.0304099025974026 0.03411280487804878
1 0.4967167207792208 0.623875 0.005608766233766234 0.003847560975609756
1 0.6087094155844155 0.6254359756097561 0.0047564935064935065 0.003920731707317073
1 0.689994926948052 0.626532012195122 0.004178165584415585 0.006722560975609756
1 0.6038159496753247 0.626780487804878 0.004709821428571429 0.004780487804878049
1 0.5376207386363636 0.6275853658536585 0.005436282467532467 0.004560975609756098
1 0.496801948051948 0.6286570121951219 0.005779220779220779 0.003655487804878049
1 0.6844551542207792 0.6299298780487805 0.004056412337662337 0.007420731707317073
1 0.374315137987013 0.6301432926829268 0.005123782467532468 0.004189024390243903
1 0.6039478490259741 0.6301356707317073 0.004567775974025974 0.004173780487804878
1 0.6094612418831169 0.6304039634146341 0.005042613636363637 0.003490853658536585
0 0.4852221996753247 0.6321478658536586 0.01833400974025974 0.0185640243902439
2 0.45859882305194805 0.6324268292682927 0.025558035714285714 0.009365853658536585
1 0.5422849025974026 0.6342225609756098 0.005430194805194805 0.004420731707317073
1 0.6036850649350649 0.6346021341463415 0.004853896103896104 0.003960365853658537
1 0.6096043019480519 0.6348170731707317 0.005328733766233767 0.004390243902439025
1 0.6093536931818182 0.6349435975609755 0.004421672077922077 0.003423780487804878
1 0.37172889610389614 0.6354283536585366 0.005633116883116883 0.00439329268292683
1 0.6901207386363636 0.6356112804878048 0.004023944805194805 0.006588414634146341
1 0.6757944399350649 0.6378856707317073 0.0037804383116883116 0.00686890243902439
1 0.6846428571428571 0.6382606707317073 0.004025974025974026 0.007009146341463414
1 0.5362631899350649 0.6401676829268292 0.004344561688311688 0.00350609756097561
0 0.4502506087662338 0.6407621951219512 0.0027739448051948053 0.007134146341463414
0 0.4476450892857143 0.6412393292682926 0.0024330357142857144 0.00686890243902439
0 0.5420515422077922 0.6442545731707318 0.005775162337662338 0.003753048780487805
1 0.6703875811688312 0.6451036585365854 0.005142045454545455 0.0036219512195121953
1 0.5363585633116883 0.6467759146341464 0.004535308441558442 0.0033079268292682926
1 0.6641730925324676 0.6472347560975609 0.005700081168831169 0.00422560975609756
1 0.5024868100649351 0.6488277439024391 0.0025385551948051946 0.006192073170731707
1 0.6704362824675324 0.6487667682926829 0.0048336038961038965 0.0030213414634146342
0 0.4630133928571429 0.6489939024390243 0.017747564935064932 0.019939024390243903
0 0.47616071428571427 0.6509100609756098 0.01319805194805195 0.017064024390243904
1 0.6147422889610389 0.6537179878048781 0.007081980519480519 0.009265243902439024
0 0.6375101461038961 0.6540091463414635 0.0031047077922077924 0.00801829268292683
0 0.6270068993506493 0.6541966463414634 0.0027962662337662337 0.00839329268292683
0 0.634466314935065 0.6541966463414634 0.0031047077922077924 0.00839329268292683
1 0.6219277597402597 0.6539695121951219 0.006030844155844156 0.008548780487804877
1 0.6014336444805194 0.6543292682926829 0.0023802759740259743 0.006829268292682927
1 0.6067542613636364 0.6541554878048781 0.005716314935064935 0.008310975609756098
0 0.6305965909090909 0.6543140243902439 0.0034821428571428573 0.00923780487804878
1 0.6624431818181818 0.6543414634146341 0.002646103896103896 0.008073170731707317
1 0.6590219155844156 0.6544359756097562 0.002297077922077922 0.00826219512195122
1 0.6681554383116883 0.6545884146341464 0.0023011363636363637 0.006737804878048781
1 0.670900974025974 0.6545884146341464 0.002516233766233766 0.006737804878048781
1 0.6655489042207792 0.6545853658536586 0.0023640422077922077 0.007341463414634146
0 0.5048843344155844 0.6545320121951219 0.004492694805194805 0.003576219512195122
2 0.5103967126623377 0.6548018292682927 0.006183035714285714 0.004725609756097561
0 0.5424015827922077 0.6549923780487805 0.004851866883116883 0.0038871951219512195
1 0.6492096185064935 0.6572179878048781 0.0021530032467532464 0.006509146341463415
1 0.6516436688311689 0.6575198170731708 0.002150974025974026 0.00711280487804878
1 0.44795657467532474 0.6586173780487804 0.002650162337662338 0.00686890243902439
1 0.45327110389610387 0.6586173780487804 0.0023214285714285715 0.00686890243902439
0 0.49092025162337666 0.6590503048780487 0.018366477272727274 0.017490853658536584
1 0.4245525568181818 0.6608841463414633 0.0021083603896103896 0.007134146341463414
1 0.4218861607142857 0.6610670731707318 0.0024573863636363634 0.0068902439024390244
2 0.5092826704545454 0.6616768292682927 0.00882508116883117 0.007500000000000001
0 0.6571215503246753 0.6617195121951219 0.002148944805194805 0.006975609756097561
0 0.6543871753246754 0.6618155487804879 0.002767857142857143 0.006557926829268293
0 0.6325000000000001 0.6622667682926829 0.002824675324675325 0.008070121951219512
0 0.6296438717532468 0.662454268292683 0.0027942370129870127 0.007835365853658537
0 0.639398336038961 0.6623368902439025 0.0032284902597402598 0.008210365853658537
0 0.6359963474025974 0.6626173780487805 0.003323863636363636 0.008161585365853659
1 0.35372260551948054 0.6637820121951219 0.0024939123376623374 0.006832317073170732
1 0.35109780844155847 0.6640579268292683 0.002520292207792208 0.006774390243902439
1 0.6490838068181818 0.6643948170731708 0.002307224025974026 0.0068384146341463415
1 0.6515797483766234 0.6642804878048781 0.0024289772727272728 0.006
0 0.5424188311688312 0.6642728658536585 0.006103896103896104 0.004155487804878049
0 0.44536728896103894 0.6664862804878048 0.002341720779220779 0.006753048780487805
1 0.3626004464285714 0.6674984756097561 0.004421672077922077 0.0038993902439024386
1 0.6543080357142856 0.6696432926829268 0.002203733766233766 0.006359756097560975
1 0.6573265016233766 0.6698643292682928 0.0021530032467532464 0.007411585365853658
0 0.8475629058441558 0.6702347560975609 0.002349837662337662 0.006323170731707317
1 0.362481737012987 0.6712240853658535 0.004590097402597403 0.003423780487804878
0 0.7252830762987014 0.6714847560975609 0.005760957792207792 0.005164634146341464
0 0.6411779626623376 0.6714573170731708 0.002729301948051948 0.0069390243902439025
1 0.3623812905844156 0.6754161585365853 0.004389204545454545 0.0026615853658536587
0 0.5460673701298702 0.6819466463414634 0.018271103896103896 0.03157621951219512
0 0.7255326704545455 0.6834954268292682 0.005854301948051949 0.004795731707317073
1 0.6068831168831168 0.6835396341463416 0.002727272727272727 0.007323170731707317
0 0.6621347402597403 0.6857073170731707 0.012175324675324676 0.02141463414634146
0 0.641393060064935 0.6866448170731708 0.013305600649350649 0.018411585365853658
0 0.8701004464285713 0.6875731707317072 0.003999594155844156 0.003804878048780488
0 0.6520373376623376 0.6876539634146341 0.011055194805194804 0.016771341463414635
1 0.6035602678571428 0.6911722560975609 0.0046043019480519485 0.003076219512195122
1 0.6081605113636364 0.6916006097560975 0.0024411525974025973 0.006371951219512195
1 0.6110927353896104 0.6927256097560975 0.0022179383116883115 0.006182926829268293
0 0.5300618912337662 0.6931554878048781 0.017510146103896104 0.022896341463414634
1 0.6033735795454546 0.6952545731707317 0.004636769480519481 0.0027042682926829266
1 0.3920038555194805 0.6959771341463414 0.002351866883116883 0.005978658536585366
1 0.36884131493506495 0.696530487804878 0.005133928571428571 0.004036585365853659
0 0.4063382711038961 0.6976829268292684 0.004234983766233767 0.0039024390243902443
0 0.4126410308441558 0.6975213414634146 0.004259334415584415 0.003579268292682927
0 0.5594419642857142 0.6981585365853659 0.014581980519480519 0.01704878048780488
1 0.3687987012987013 0.7012286585365854 0.005048701298701298 0.003676829268292683
1 0.366916599025974 0.7061021341463414 0.00453125 0.003667682926829268
1 0.354783887987013 0.7068978658536585 0.0021814123376623375 0.007088414634146342
1 0.35794541396103896 0.7072804878048781 0.0024168019480519482 0.006634146341463415
0 0.3970718344155844 0.7081173780487805 0.013299512987012988 0.029039634146341465
0 0.5198549107142857 0.7118506097560975 0.012518262987012986 0.018213414634146344
0 0.5458898133116883 0.7124649390243903 0.018321834415584416 0.020051829268292683
0 0.4145596590909091 0.7153871951219511 0.002414772727272727 0.00699390243902439
0 0.41208603896103896 0.7154740853658537 0.0023376623376623377 0.007167682926829269
0 0.4088687094155844 0.7158628048780489 0.0023965097402597405 0.006725609756097561
1 0.3619561688311688 0.7180640243902439 0.0043506493506493505 0.0038109756097560975
1 0.530299310064935 0.7189420731707318 0.005403814935064935 0.0037378048780487803
1 0.7923133116883117 0.7204420731707317 0.00224025974025974 0.006737804878048781
1 0.7982609577922077 0.7204420731707317 0.0023660714285714288 0.006737804878048781
1 0.8034364853896104 0.7204420731707317 0.0017593344155844156 0.006737804878048781
1 0.8166061282467533 0.7204832317073171 0.00658887987012987 0.00864939024390244
1 0.7951410308441559 0.7205381097560974 0.002619724025974026 0.006929878048780488
1 0.8077982954545454 0.720765243902439 0.006018668831168831 0.008603658536585365
1 0.8314610389610388 0.7207698170731708 0.006266233766233766 0.009222560975609756
1 0.8240614853896103 0.720859756097561 0.006077516233766234 0.008792682926829267
1 0.8006513798701299 0.7209085365853658 0.0026826298701298702 0.006451219512195122
1 0.8380600649350649 0.7210030487804878 0.006071428571428571 0.009079268292682928
0 0.38992694805194805 0.7228064024390244 0.002662337662337662 0.0071981707317073165
1 0.3924614448051948 0.7229923780487805 0.002049512987012987 0.006960365853658536
0 0.5565949675324675 0.723390243902439 0.020251623376623375 0.018121951219512194
0 0.5289853896103897 0.7235655487804878 0.005211038961038961 0.0038384146341463414
1 0.519304991883117 0.7243506097560976 0.005736607142857143 0.003579268292682927
0 0.41250507305194806 0.7247484756097562 0.008857548701298701 0.007423780487804879
0 0.6571803977272728 0.7248978658536586 0.010383522727272727 0.028454268292682928
0 0.8539914772727273 0.7263795731707318 0.0014082792207792208 0.007027439024390244
1 0.8515939529220778 0.7266646341463415 0.0018892045454545455 0.006378048780487805
0 0.8666933847402597 0.7292545731707317 0.010578327922077923 0.004240853658536586
1 0.5213250811688313 0.7302073170731707 0.002471590909090909 0.00675609756097561
1 0.5177090097402597 0.7302713414634147 0.002544642857142857 0.006884146341463414
1 0.524848823051948 0.7304283536585365 0.0022138798701298703 0.006588414634146341
0 0.4142410714285715 0.7315350609756097 0.004618506493506494 0.0033140243902439023
1 0.40884334415584417 0.7316051829268293 0.0047808441558441555 0.003454268292682927
0 0.6937631899350649 0.7322301829268293 0.018614042207792208 0.019948170731707317
0 0.5717410714285714 0.7338932926829268 0.00549512987012987 0.004371951219512195
1 0.549656047077922 0.7343079268292684 0.004344561688311688 0.003371951219512195
1 0.8514650974025975 0.7343003048780488 0.0020373376623376623 0.0070152439024390245
1 0.6464194399350649 0.734454268292683 0.0022544642857142854 0.006713414634146341
1 0.528070211038961 0.7362865853658537 0.004598214285714285 0.003670731707317073
0 0.5718648538961039 0.7377393292682927 0.005336850649350649 0.00413719512195122
0 0.5496783685064935 0.7385487804878049 0.004389204545454545 0.003926829268292683
1 0.5548772321428571 0.7386067073170732 0.004640827922077922 0.0034329268292682927
2 0.8665503246753246 0.7390259146341464 0.00948051948051948 0.006710365853658537
2 0.7812408685064935 0.7391112804878048 0.008910308441558441 0.0062713414634146345
0 0.6033248782467532 0.7393841463414633 0.005351055194805195 0.004378048780487804
1 0.8514437905844155 0.7410792682926829 0.0028064123376623376 0.0059390243902439025
1 0.8559588068181818 0.742452743902439 0.004125405844155844 0.0031981707317073173
0 0.5269906655844157 0.7427804878048782 0.0024391233766233767 0.008121951219512195
1 0.5549289772727273 0.742876524390244 0.004744318181818182 0.0034359756097560976
0 0.3760531655844156 0.7432881097560976 0.005353084415584415 0.004259146341463415
0 0.3546448863636364 0.7435045731707317 0.005150162337662337 0.004082317073170732
0 0.7919825487012987 0.7449756097560976 0.010507305194805194 0.004585365853658536
1 0.5606006493506493 0.7449832317073171 0.005535714285714286 0.0039908536585365854
0 0.6032305194805194 0.7454359756097562 0.0051623376623376625 0.004286585365853659
0 0.8468912337662337 0.7465579268292684 0.00465909090909091 0.003481707317073171
1 0.6728469967532468 0.746827743902439 0.005596590909090909 0.004021341463414634
0 0.555299310064935 0.746952743902439 0.004673295454545455 0.003051829268292683
0 0.5717197646103896 0.7471615853658536 0.005046672077922078 0.0034695121951219513
1 0.5182903814935066 0.7474756097560975 0.002489853896103896 0.007756097560975611
0 0.515528612012987 0.7475746951219513 0.002648133116883117 0.007954268292682927
1 0.5238747970779222 0.7483932926829269 0.0022950487012987015 0.007152439024390244
1 0.521236810064935 0.7482606707317073 0.0022950487012987015 0.0068871951219512196
0 0.6210592532467533 0.7484435975609756 0.010381493506493505 0.02920426829268293
2 0.7812276785714285 0.7484878048780488 0.008883928571428572 0.0061219512195121945
1 0.35479707792207793 0.7487835365853659 0.004642857142857143 0.003664634146341463
2 0.8636779626623377 0.7492042682926829 0.006170860389610389 0.005115853658536586
2 0.8724908685064936 0.7499679878048781 0.009186282467532468 0.006033536585365854
1 0.6473031655844156 0.7500411585365855 0.0044277597402597405 0.0031310975609756095
1 0.8469967532467533 0.7501143292682927 0.004058441558441558 0.0032774390243902438
1 0.5580955762987013 0.751483231707317 0.004584009740259741 0.004185975609756098
1 0.5630620941558442 0.751608231707317 0.004776785714285714 0.0038262195121951223
0 0.7468394886363636 0.7525838414634146 0.03629261363636364 0.028338414634146342
0 0.5717197646103896 0.7524923780487806 0.005452516233766234 0.0037652439024390243
0 0.6389285714285714 0.7525960365853658 0.011217532467532468 0.01738719512195122
0 0.41129667207792203 0.7527987804878048 0.010499188311688312 0.023890243902439025
0 0.6720738636363637 0.7527362804878048 0.002426948051948052 0.006692073170731707
1 0.6746732954545455 0.7534451219512196 0.002349837662337662 0.006280487804878049
0 0.38334719967532466 0.7536585365853659 0.019129464285714284 0.02804878048780488
0 0.8554028003246754 0.7546158536585366 0.01153612012987013 0.0049634146341463415
0 0.39924817370129867 0.7547012195121952 0.012376217532467534 0.016109756097560976
0 0.8480225243506494 0.7555731707317074 0.0024573863636363634 0.006268292682926829
2 0.35381392045454546 0.7557271341463414 0.0030823863636363635 0.009015243902439024
0 0.8450537743506494 0.7558993902439024 0.0022017045454545453 0.006920731707317073
0 0.6083532873376624 0.7561615853658537 0.009726055194805195 0.019640243902439024
1 0.5585409902597402 0.7569054878048781 0.005880681818181818 0.004054878048780488
0 0.7922331574675324 0.7580121951219513 0.010602678571428572 0.003829268292682927
1 0.6800740665584416 0.758483231707317 0.005034496753246753 0.004161585365853659
1 0.3933553165584415 0.7594329268292683 0.003025568181818182 0.008499999999999999
1 0.8470627029220779 0.7611905487804878 0.004596185064935064 0.003478658536585366
1 0.6747301136363637 0.7612759146341463 0.00205762987012987 0.007307926829268292
0 0.5583796672077922 0.7619146341463414 0.005558035714285714 0.003707317073170732
1 0.6233350243506494 0.7636021341463414 0.0035693993506493507 0.009521341463414634
1 0.6376785714285714 0.7635274390243902 0.0038474025974025976 0.010591463414634147
1 0.6198001217532467 0.7636981707317073 0.003804788961038961 0.009713414634146341
2 0.875435267857143 0.7637774390243902 0.00898741883116883 0.006213414634146341
1 0.6411424512987013 0.7639588414634146 0.0038758116883116887 0.009625
1 0.6302333603896104 0.7639908536585366 0.0035673701298701297 0.010298780487804879
1 0.6161383928571429 0.764123475609756 0.0033806818181818183 0.00934451219512195
1 0.6264803165584416 0.7643048780487806 0.0037723214285714287 0.010926829268292684
1 0.6339295860389611 0.7643368902439025 0.0036546266233766236 0.009771341463414632
1 0.5711891233766234 0.7649039634146342 0.004797077922077922 0.003588414634146341
1 0.8452962662337662 0.7652484756097561 0.004310064935064935 0.002448170731707317
0 0.702981939935065 0.7654695121951219 0.019600243506493507 0.02179268292682927
0 0.5136038961038961 0.7663673780487805 0.005292207792207792 0.004076219512195122
0 0.7843526785714285 0.7669161585365855 0.004581980519480519 0.003954268292682927
0 0.7475020292207792 0.7678368902439024 0.001903409090909091 0.009454268292682927
0 0.7506726866883117 0.7680625 0.0025629058441558445 0.008076219512195122
1 0.6517157061688312 0.7688993902439024 0.0018892045454545455 0.007310975609756098
1 0.6478449675324676 0.7689253048780488 0.0026704545454545453 0.006753048780487805
1 0.6587307224025973 0.7690746951219513 0.002120535714285714 0.007661585365853658
1 0.6453561282467533 0.7692088414634146 0.0021570616883116885 0.006710365853658537
1 0.8450852272727273 0.7692240853658536 0.003887987012987013 0.0030823170731707314
1 0.6693506493506494 0.7691600609756097 0.0018506493506493505 0.0072225609756097564
1 0.5711028814935065 0.7692042682926828 0.004624594155844155 0.003652439024390244
1 0.6854525162337662 0.7693993902439025 0.001992694805194805 0.007091463414634147
1 0.6743678977272727 0.7694435975609757 0.0021448863636363636 0.007179878048780488
1 0.688643465909091 0.769484756097561 0.002286931818181818 0.006652439024390244
2 0.5265219155844155 0.770640243902439 0.002719155844155844 0.009573170731707317
2 0.5229890422077922 0.7711356707317073 0.002958603896103896 0.00934451219512195
0 0.607205762987013 0.7721600609756097 0.009866071428571429 0.01810060975609756
0 0.41002536525974026 0.7722667682926829 0.01039163961038961 0.018923780487804878
1 0.8451968344155845 0.7729847560975609 0.004111201298701299 0.0032865853658536584
0 0.8754738230519481 0.7746539634146341 0.009876217532467533 0.005405487804878049
2 0.6346185064935065 0.7754466463414634 0.0025974025974025974 0.008820121951219511
2 0.630997362012987 0.7756219512195122 0.0030661525974025974 0.009170731707317073
2 0.6381361607142857 0.7756219512195122 0.0027333603896103897 0.009170731707317073
2 0.6239529220779221 0.775483231707317 0.002775974025974026 0.00889329268292683
2 0.6418709415584415 0.7755152439024391 0.0028977272727272727 0.009567073170731707
2 0.6206006493506494 0.7757393292682927 0.0033766233766233766 0.009405487804878048
2 0.6278125 0.7756006097560975 0.0027840909090909092 0.009128048780487806
2 0.6169937094155844 0.7760914634146341 0.0030620941558441557 0.010109756097560974
0 0.5588007305194805 0.7762530487804878 0.00518262987012987 0.0037256097560975612
0 0.7514995941558441 0.776704268292683 0.0025933441558441558 0.006457317073170731
1 0.6451734983766234 0.7769969512195123 0.0017918019480519481 0.006432926829268293
1 0.6480407873376623 0.7769496951219512 0.002250405844155844 0.006948170731707317
1 0.651575689935065 0.7771143292682927 0.002015016233766234 0.006667682926829269
1 0.6855164366883116 0.7773917682926829 0.002120535714285714 0.006003048780487805
1 0.6719673295454546 0.7773003048780488 0.0022138798701298703 0.007649390243902439
1 0.6748467938311689 0.7774253048780487 0.0022909902597402594 0.007899390243902439
1 0.6586282467532467 0.7774131097560976 0.0019155844155844155 0.006655487804878049
1 0.6884303977272728 0.7774268292682927 0.0022666396103896104 0.006682926829268293
1 0.6692796266233766 0.7778125 0.002114448051948052 0.006844512195121951
0 0.7326988636363636 0.7781432926829268 0.010852272727272726 0.019701219512195122
0 0.722054586038961 0.7781310975609756 0.01026176948051948 0.017237804878048782
0 0.7927232142857142 0.7784009146341464 0.004277597402597403 0.0031432926829268295
0 0.7430397727272727 0.7785533536585366 0.009212662337662337 0.01564329268292683
1 0.8451937905844156 0.7782987804878049 0.004510957792207792 0.0029390243902439024
1 0.7483918425324675 0.778594512195122 0.0028713474025974027 0.009628048780487805
0 0.7089975649350649 0.7789939024390243 0.015803571428571427 0.01896341463414634
0 0.5647493912337662 0.7800137195121952 0.004498782467532468 0.003929878048780488
1 0.358961038961039 0.7820137195121951 0.002418831168831169 0.006710365853658537
1 0.3652282873376623 0.7821432926829268 0.001966314935064935 0.006969512195121951
1 0.7926075487012987 0.782297256097561 0.0044521103896103895 0.0030091463414634143
1 0.41054281655844155 0.7833856707317074 0.0024979707792207794 0.0070152439024390245
1 0.4043344155844156 0.783359756097561 0.0022564935064935065 0.006963414634146342
1 0.7549695616883116 0.7839786585365853 0.004257305194805195 0.003323170731707317
1 0.7700385551948052 0.7846966463414634 0.002333603896103896 0.007807926829268293
1 0.7670444399350649 0.7847926829268292 0.0028388798701298704 0.008
1 0.7727800324675325 0.7847560975609756 0.0021347402597402597 0.007317073170731708
0 0.7634344561688311 0.7860823170731707 0.0025182629870129872 0.006920731707317073
1 0.7925730519480519 0.7861158536585366 0.003977272727272728 0.0033292682926829268
2 0.5602191558441559 0.786797256097561 0.003555194805194805 0.009570121951219512
1 0.5638605925324676 0.7865701219512194 0.0035328733766233768 0.009115853658536585
2 0.6945160308441558 0.7868414634146342 0.0030742694805194807 0.009048780487804877
1 0.6982538555194805 0.787358231707317 0.003244724025974026 0.009472560975609756
0 0.514604301948052 0.7874146341463414 0.0052637987012987015 0.0034878048780487805
2 0.6066801948051948 0.7875457317073171 0.0059740259740259745 0.004969512195121951
0 0.7013423295454546 0.7887118902439024 0.0025223214285714285 0.006692073170731707
1 0.7926420454545454 0.7902698170731708 0.00411525974025974 0.003100609756097561
0 0.7198965097402598 0.7906493902439025 0.002293019480519481 0.0062987804878048784
0 0.7374868100649351 0.7904923780487805 0.0025710227272727273 0.006594512195121951
0 0.7233319805194806 0.7910198170731707 0.0022646103896103898 0.0064298780487804874
0 0.7271083603896104 0.7911006097560975 0.0029180194805194805 0.006591463414634147
0 0.5626318993506494 0.7939664634146342 0.00432224025974026 0.0031768292682926827
1 0.605611810064935 0.7940503048780488 0.004648944805194805 0.0033445121951219516
0 0.6121215503246753 0.7943856707317073 0.0050872564935064936 0.0034054878048780488
1 0.853349228896104 0.7953292682926829 0.0021530032467532464 0.006512195121951219
1 0.8487865259740259 0.795454268292683 0.005202922077922078 0.0037134146341463413
0 0.6977353896103896 0.796094512195122 0.002207792207792208 0.006823170731707317
0 0.5629515016233766 0.7978064024390243 0.00455560064935065 0.003539634146341463
1 0.7901187094155844 0.7980975609756098 0.003938717532467532 0.002902439024390244
0 0.5144308035714286 0.798407012195122 0.005322646103896104 0.0035213414634146342
1 0.7196935876623377 0.7985045731707316 0.0035105519480519484 0.009204268292682928
1 0.7234963474025974 0.7985640243902439 0.0038108766233766237 0.009323170731707317
1 0.7376217532467533 0.7989314024390244 0.0036525974025974025 0.00883841463414634
1 0.7270779220779221 0.7987926829268293 0.0032629870129870127 0.008560975609756096
0 0.8619196428571428 0.7989131097560975 0.010771103896103897 0.005753048780487805
1 0.5831229707792208 0.7991600609756098 0.004719967532467533 0.0038079268292682926
1 0.7413676948051948 0.8002301829268293 0.002215909090909091 0.007167682926829269
1 0.7448711444805195 0.8003750000000001 0.002323457792207792 0.006847560975609756
0 0.6201085633116883 0.8010655487804877 0.0023924512987012984 0.007009146341463414
0 0.6174908685064935 0.801047256097561 0.0024330357142857144 0.006972560975609756
1 0.7901714691558441 0.8024893292682926 0.003638392857142857 0.0031493902439024392
1 0.5632883522727273 0.8025625000000001 0.006446834415584415 0.005124999999999999
1 0.8532802353896104 0.8029115853658537 0.002015016233766234 0.006432926829268293
1 0.7659232954545454 0.803204268292683 0.0022199675324675325 0.006408536585365853
1 0.7508969155844156 0.8032530487804879 0.0021996753246753247 0.0065060975609756095
1 0.7543912337662337 0.8031874999999999 0.0022889610389610388 0.0063750000000000005
1 0.7625568181818182 0.803234756097561 0.002386363636363636 0.006469512195121951
1 0.6056939935064936 0.8032225609756098 0.004407467532467532 0.003396341463414634
1 0.7723102678571429 0.8033795731707317 0.0024127435064935066 0.006759146341463415
0 0.5832153003246753 0.8034771341463415 0.005310470779220779 0.004515243902439025
0 0.6120221185064936 0.8033506097560975 0.005700081168831169 0.003652439024390244
1 0.7757924107142857 0.8036478658536585 0.0024776785714285716 0.006685975609756097
2 0.5582487824675325 0.8045015243902439 0.0032670454545454548 0.00961280487804878
1 0.8055762987012988 0.8065213414634146 0.002386363636363636 0.006945121951219512
1 0.8140411931818181 0.806342987804878 0.002270698051948052 0.006588414634146341
1 0.8085125811688312 0.8064939024390244 0.0021712662337662336 0.0068902439024390244
1 0.8112601461038961 0.8064939024390244 0.001984577922077922 0.0068902439024390244
0 0.5627282873376623 0.8071692073170731 0.004515016233766234 0.003972560975609756
1 0.7912012987012987 0.807297256097561 0.002451298701298701 0.006057926829268293
1 0.8027475649350649 0.8078719512195123 0.00200487012987013 0.005987804878048781
0 0.5769145698051947 0.8078780487804879 0.004072646103896104 0.0035609756097560977
1 0.6183766233766234 0.8079679878048781 0.006233766233766234 0.004960365853658537
1 0.5828977272727273 0.8082576219512195 0.006298701298701298 0.004929878048780489
2 0.862280844155844 0.8087835365853658 0.009058441558441559 0.005981707317073171
1 0.6056767451298701 0.809001524390244 0.004778814935064935 0.003978658536585366
2 0.7235075081168831 0.8095015243902439 0.0030215097402597406 0.009246951219512195
2 0.7268344155844156 0.8095335365853659 0.002775974025974026 0.009920731707317073
2 0.7376004464285715 0.8097576219512196 0.0032041396103896103 0.009759146341463415
2 0.7198995535714285 0.8098795731707318 0.0031107954545454546 0.009393292682926829
1 0.7411252029220778 0.8098094512195122 0.0025426136363636363 0.006814024390243903
1 0.744783887987013 0.8103170731707318 0.0017431006493506492 0.006609756097560975
1 0.765942573051948 0.8111875000000001 0.0022585227272727275 0.006521341463414635
1 0.754346590909091 0.8114740853658537 0.0021996753246753247 0.006484756097560975
1 0.7625243506493506 0.8114451219512195 0.0023214285714285715 0.007036585365853658
1 0.7508451704545455 0.8114557926829268 0.002096185064935065 0.006448170731707317
1 0.7757487824675324 0.8116173780487805 0.0023904220779220778 0.006771341463414634
1 0.7723812905844156 0.8117621951219512 0.002148944805194805 0.007670731707317073
2 0.6182112418831169 0.8127530487804878 0.006308847402597403 0.004774390243902439
1 0.8070961850649351 0.8131006097560975 0.005020292207792208 0.003640243902439024
2 0.5822727272727273 0.8137240853658536 0.006266233766233766 0.0048871951219512195
0 0.5880377435064935 0.8140228658536585 0.004403409090909091 0.003655487804878049
1 0.8008532873376624 0.8172073170731707 0.0022747564935064937 0.006365853658536585
0 0.7980326704545454 0.817358231707317 0.0023153409090909093 0.006667682926829269
1 0.7954657061688312 0.8174314024390245 0.002051542207792208 0.005594512195121952
1 0.8069855925324675 0.8174588414634146 0.004799107142857142 0.003820121951219512
1 0.8067613636363636 0.8210472560975609 0.0047564935064935065 0.004289634146341464
1 0.851515827922078 0.8238612804878048 0.0021387987012987013 0.006259146341463415
1 0.8542278814935066 0.8241615853658537 0.002286931818181818 0.006859756097560976
1 0.859601258116883 0.8245137195121952 0.002887581168831169 0.006954268292682926
1 0.8566974431818183 0.8243353658536586 0.0027617694805194804 0.006597560975609756
