1 0.8341346153846154 0.35697115384615385 0.004807692307692308 0.007211538461538462
1 0.8485576923076923 0.3629807692307692 0.004807692307692308 0.009615384615384616
1 0.8365384615384616 0.36778846153846156 0.004807692307692308 0.009615384615384616
1 0.8485576923076923 0.375 0.004807692307692308 0.009615384615384616
1 0.8365384615384616 0.38221153846153844 0.004807692307692308 0.009615384615384616
1 0.8485576923076923 0.3870192307692308 0.004807692307692308 0.009615384615384616
1 0.8365384615384616 0.3954326923076923 0.004807692307692308 0.007211538461538462
1 0.8485576923076923 0.4014423076923077 0.004807692307692308 0.009615384615384616
1 0.8365384615384616 0.40625 0.004807692307692308 0.009615384615384616
1 0.8509615384615384 0.41346153846153844 0.004807692307692308 0.009615384615384616
1 0.8389423076923077 0.4182692307692308 0.004807692307692308 0.009615384615384616
1 0.8509615384615384 0.4254807692307692 0.004807692307692308 0.009615384615384616
1 0.8389423076923077 0.4326923076923077 0.004807692307692308 0.009615384615384616
1 0.8509615384615384 0.4375 0.004807692307692308 0.009615384615384616
1 0.8389423076923077 0.44471153846153844 0.004807692307692308 0.009615384615384616
1 0.8305288461538461 0.5168269230769231 0.007211538461538462 0.009615384615384616
1 0.8401442307692307 0.5180288461538461 0.007211538461538462 0.007211538461538462
1 0.7824519230769231 0.5264423076923077 0.007211538461538462 0.009615384615384616
1 0.7920673076923077 0.5276442307692307 0.007211538461538462 0.007211538461538462
1 0.7271634615384616 0.5300480769230769 0.007211538461538462 0.007211538461538462
1 0.7175480769230769 0.53125 0.007211538461538462 0.009615384615384616
1 0.6887019230769231 0.5336538461538461 0.007211538461538462 0.009615384615384616
1 0.6983173076923077 0.53125 0.007211538461538462 0.009615384615384616
1 0.7079326923076923 0.53125 0.007211538461538462 0.009615384615384616
1 0.8064903846153846 0.5300480769230769 0.007211538461538462 0.007211538461538462
1 0.8233173076923077 0.5300480769230769 0.007211538461538462 0.007211538461538462
1 0.8149038461538461 0.5300480769230769 0.004807692307692308 0.007211538461538462
1 0.8305288461538461 0.5300480769230769 0.007211538461538462 0.007211538461538462
1 0.7764423076923077 0.5348557692307693 0.004807692307692308 0.007211538461538462
1 0.765625 0.5348557692307693 0.007211538461538462 0.007211538461538462
1 0.7127403846153846 0.5564903846153846 0.007211538461538462 0.007211538461538462
1 0.7235576923076923 0.5576923076923077 0.004807692307692308 0.004807692307692308
1 0.6959134615384616 0.5564903846153846 0.007211538461538462 0.007211538461538462
1 0.7055288461538461 0.5564903846153846 0.007211538461538462 0.007211538461538462
1 0.6862980769230769 0.5588942307692307 0.007211538461538462 0.007211538461538462
1 0.7764423076923077 0.5576923076923077 0.004807692307692308 0.009615384615384616
1 0.7451923076923077 0.5673076923076923 0.004807692307692308 0.009615384615384616
1 0.7764423076923077 0.5697115384615384 0.004807692307692308 0.009615384615384616
1 0.7620192307692307 0.5697115384615384 0.004807692307692308 0.009615384615384616
1 0.7548076923076923 0.5721153846153846 0.004807692307692308 0.009615384615384616
1 0.7524038461538461 0.5865384615384616 0.004807692307692308 0.009615384615384616
1 0.5637019230769231 0.5973557692307693 0.007211538461538462 0.007211538461538462
1 0.7524038461538461 0.6009615384615384 0.004807692307692308 0.009615384615384616
1 0.7524038461538461 0.6129807692307693 0.004807692307692308 0.009615384615384616
1 0.7451923076923077 0.625 0.004807692307692308 0.009615384615384616
1 0.6634615384615384 0.6887019230769231 0.004807692307692308 0.01201923076923077
1 0.6538461538461539 0.6899038461538461 0.004807692307692308 0.009615384615384616
2 0.8028846153846154 0.6935096153846154 0.019230769230769232 0.01201923076923077
1 0.6634615384615384 0.7127403846153846 0.004807692307692308 0.01201923076923077
1 0.6538461538461539 0.7163461538461539 0.004807692307692308 0.009615384615384616
2 0.7872596153846154 0.7127403846153846 0.01201923076923077 0.04567307692307692
1 0.6634615384615384 0.7283653846153846 0.004807692307692308 0.009615384615384616
1 0.6538461538461539 0.7307692307692307 0.004807692307692308 0.009615384615384616
0 0.5889423076923077 0.7427884615384616 0.009615384615384616 0.02403846153846154
1 0.6634615384615384 0.7427884615384616 0.004807692307692308 0.009615384615384616
1 0.6538461538461539 0.7427884615384616 0.004807692307692308 0.009615384615384616
2 0.7980769230769231 0.7572115384615384 0.02403846153846154 0.03365384615384615
1 0.7884615384615384 0.8040865384615384 0.009615384615384616 0.002403846153846154
2 0.6706730769230769 0.29086538461538464 0.03365384615384615 0.04807692307692308
