2 0.7199519230769231 0.7199519230769231 0.016826923076923076 0.021634615384615384
2 0.71875 0.7560096153846154 0.019230769230769232 0.021634615384615384
2 0.6838942307692307 0.5288461538461539 0.03125 0.014423076923076924
2 0.6454326923076923 0.8221153846153846 0.021634615384615384 0.02403846153846154
2 0.609375 0.7259615384615384 0.036057692307692304 0.02403846153846154
2 0.609375 0.7475961538461539 0.036057692307692304 0.028846153846153848
2 0.28125 0.7067307692307693 0.038461538461538464 0.038461538461538464
2 0.2620192307692308 0.6550480769230769 0.0625 0.026442307692307692
2 0.22716346153846154 0.7139423076923077 0.06971153846153846 0.03365384615384615
2 0.71875 0.44471153846153844 0.038461538461538464 0.014423076923076924
2 0.734375 0.6478365384615384 0.016826923076923076 0.026442307692307692
