1 0.7620192307692307 0.3269230769230769 0.004807692307692308 0.009615384615384616
1 0.7572115384615384 0.3389423076923077 0.004807692307692308 0.009615384615384616
1 0.48197115384615385 0.3329326923076923 0.002403846153846154 0.007211538461538462
1 0.4230769230769231 0.34375 0.004807692307692308 0.009615384615384616
1 0.4110576923076923 0.35096153846153844 0.004807692307692308 0.009615384615384616
1 0.4206730769230769 0.3557692307692308 0.004807692307692308 0.009615384615384616
1 0.4110576923076923 0.3605769230769231 0.004807692307692308 0.009615384615384616
1 0.4206730769230769 0.36538461538461536 0.004807692307692308 0.009615384615384616
1 0.4206730769230769 0.375 0.004807692307692308 0.009615384615384616
1 0.4206730769230769 0.38461538461538464 0.004807692307692308 0.009615384615384616
1 0.4110576923076923 0.38461538461538464 0.004807692307692308 0.009615384615384616
1 0.7475961538461539 0.43509615384615385 0.004807692307692308 0.009615384615384616
1 0.7355769230769231 0.43509615384615385 0.004807692307692308 0.009615384615384616
1 0.7403846153846154 0.43509615384615385 0.004807692307692308 0.009615384615384616
2 0.7572115384615384 0.46033653846153844 0.004807692307692308 0.01201923076923077
2 0.4326923076923077 0.453125 0.009615384615384616 0.007211538461538462
2 0.5264423076923077 0.46875 0.004807692307692308 0.014423076923076924
1 0.6923076923076923 0.47836538461538464 0.004807692307692308 0.009615384615384616
1 0.703125 0.47836538461538464 0.007211538461538462 0.009615384615384616
1 0.671875 0.47836538461538464 0.007211538461538462 0.009615384615384616
1 0.6838942307692307 0.47836538461538464 0.007211538461538462 0.009615384615384616
1 0.40865384615384615 0.4735576923076923 0.004807692307692308 0.009615384615384616
2 0.7475961538461539 0.4879807692307692 0.004807692307692308 0.014423076923076924
1 0.6658653846153846 0.49038461538461536 0.004807692307692308 0.009615384615384616
1 0.6959134615384616 0.49038461538461536 0.007211538461538462 0.009615384615384616
1 0.6862980769230769 0.49038461538461536 0.007211538461538462 0.009615384615384616
1 0.6754807692307693 0.49038461538461536 0.004807692307692308 0.009615384615384616
1 0.42788461538461536 0.4831730769230769 0.004807692307692308 0.009615384615384616
1 0.40625 0.4831730769230769 0.004807692307692308 0.009615384615384616
2 0.47596153846153844 0.49038461538461536 0.009615384615384616 0.004807692307692308
1 0.40625 0.4951923076923077 0.004807692307692308 0.009615384615384616
2 0.5913461538461539 0.5120192307692307 0.009615384615384616 0.004807692307692308
1 0.4074519230769231 0.5048076923076923 0.007211538461538462 0.009615384615384616
2 0.5745192307692307 0.5288461538461539 0.004807692307692308 0.009615384615384616
2 0.7548076923076923 0.5456730769230769 0.009615384615384616 0.004807692307692308
2 0.6009615384615384 0.5552884615384616 0.009615384615384616 0.004807692307692308
2 0.75 0.5673076923076923 0.004807692307692308 0.014423076923076924
2 0.7451923076923077 0.5685096153846154 0.004807692307692308 0.01201923076923077
1 0.5721153846153846 0.5625 0.004807692307692308 0.009615384615384616
1 0.5721153846153846 0.5721153846153846 0.004807692307692308 0.009615384615384616
1 0.5721153846153846 0.5841346153846154 0.004807692307692308 0.009615384615384616
1 0.5697115384615384 0.59375 0.004807692307692308 0.009615384615384616
1 0.5769230769230769 0.6105769230769231 0.004807692307692308 0.009615384615384616
1 0.5697115384615384 0.6105769230769231 0.004807692307692308 0.009615384615384616
1 0.5480769230769231 0.6081730769230769 0.004807692307692308 0.009615384615384616
1 0.5600961538461539 0.6105769230769231 0.004807692307692308 0.009615384615384616
1 0.5528846153846154 0.6105769230769231 0.004807692307692308 0.009615384615384616
2 0.7307692307692307 0.6358173076923077 0.004807692307692308 0.01201923076923077
2 0.7307692307692307 0.6574519230769231 0.004807692307692308 0.01201923076923077
2 0.39663461538461536 0.6550480769230769 0.02403846153846154 0.026442307692307692
2 0.7536057692307693 0.6826923076923077 0.007211538461538462 0.004807692307692308
2 0.7355769230769231 0.6826923076923077 0.009615384615384616 0.004807692307692308
1 0.3798076923076923 0.16826923076923078 0.004807692307692308 0.009615384615384616
2 0.3942307692307692 0.1814903846153846 0.004807692307692308 0.01201923076923077
2 0.4170673076923077 0.21875 0.026442307692307692 0.019230769230769232
1 0.7596153846153846 0.25961538461538464 0.004807692307692308 0.009615384615384616
1 0.7668269230769231 0.25961538461538464 0.004807692307692308 0.009615384615384616
1 0.5096153846153846 0.25721153846153844 0.004807692307692308 0.009615384615384616
1 0.3918269230769231 0.2620192307692308 0.004807692307692308 0.009615384615384616
1 0.3858173076923077 0.2620192307692308 0.007211538461538462 0.009615384615384616
1 0.37740384615384615 0.2620192307692308 0.004807692307692308 0.009615384615384616
2 0.5024038461538461 0.27524038461538464 0.004807692307692308 0.01201923076923077
1 0.5625 0.28365384615384615 0.004807692307692308 0.009615384615384616
1 0.5 0.2980769230769231 0.004807692307692308 0.009615384615384616
1 0.49399038461538464 0.29927884615384615 0.002403846153846154 0.007211538461538462
1 0.4891826923076923 0.29927884615384615 0.002403846153846154 0.007211538461538462
