1 0.84375 0.43509615384615385 0.009615384615384616 0.009615384615384616
1 0.7776442307692307 0.43509615384615385 0.007211538461538462 0.009615384615384616
1 0.7752403846153846 0.4543269230769231 0.007211538461538462 0.009615384615384616
1 0.765625 0.5120192307692307 0.007211538461538462 0.009615384615384616
1 0.6213942307692307 0.5096153846153846 0.007211538461538462 0.009615384615384616
1 0.36899038461538464 0.46634615384615385 0.007211538461538462 0.009615384615384616
1 0.65625 0.5240384615384616 0.009615384615384616 0.009615384615384616
1 0.40625 0.5048076923076923 0.009615384615384616 0.009615384615384616
1 0.40384615384615385 0.5144230769230769 0.009615384615384616 0.009615384615384616
1 0.7127403846153846 0.6033653846153846 0.007211538461538462 0.009615384615384616
2 0.33052884615384615 0.6213942307692307 0.007211538461538462 0.01201923076923077
2 0.33413461538461536 0.6201923076923077 0.004807692307692308 0.009615384615384616
2 0.33653846153846156 0.6225961538461539 0.004807692307692308 0.009615384615384616
2 0.34615384615384615 0.6346153846153846 0.004807692307692308 0.009615384615384616
2 0.3605769230769231 0.6454326923076923 0.009615384615384616 0.007211538461538462
2 0.5252403846153846 0.6802884615384616 0.03125 0.04326923076923077
1 0.6430288461538461 0.7067307692307693 0.007211538461538462 0.009615384615384616
2 0.5540865384615384 0.6959134615384616 0.036057692307692304 0.05048076923076923
1 0.640625 0.7163461538461539 0.007211538461538462 0.009615384615384616
1 0.5853365384615384 0.7211538461538461 0.007211538461538462 0.009615384615384616
1 0.5252403846153846 0.7091346153846154 0.007211538461538462 0.009615384615384616
1 0.5324519230769231 0.7115384615384616 0.007211538461538462 0.009615384615384616
1 0.7151442307692307 0.25721153846153844 0.007211538461538462 0.009615384615384616
1 0.703125 0.25721153846153844 0.007211538461538462 0.009615384615384616
1 0.5084134615384616 0.22115384615384615 0.007211538461538462 0.009615384615384616
1 0.5216346153846154 0.22355769230769232 0.009615384615384616 0.009615384615384616
2 0.5588942307692307 0.234375 0.007211538461538462 0.007211538461538462
1 0.6887019230769231 0.25961538461538464 0.007211538461538462 0.009615384615384616
1 0.4987980769230769 0.23317307692307693 0.007211538461538462 0.009615384615384616
1 0.6911057692307693 0.28125 0.007211538461538462 0.009615384615384616
1 0.5036057692307693 0.24759615384615385 0.007211538461538462 0.009615384615384616
1 0.6742788461538461 0.28125 0.007211538461538462 0.009615384615384616
1 0.5396634615384616 0.2548076923076923 0.007211538461538462 0.009615384615384616
1 0.7992788461538461 0.31009615384615385 0.007211538461538462 0.009615384615384616
1 0.6887019230769231 0.2932692307692308 0.007211538461538462 0.009615384615384616
2 0.4483173076923077 0.25240384615384615 0.036057692307692304 0.04326923076923077
1 0.7884615384615384 0.32211538461538464 0.009615384615384616 0.009615384615384616
1 0.7920673076923077 0.33413461538461536 0.007211538461538462 0.009615384615384616
1 0.5012019230769231 0.28125 0.01201923076923077 0.014423076923076924
1 0.515625 0.28365384615384615 0.007211538461538462 0.009615384615384616
2 0.49399038461538464 0.27884615384615385 0.007211538461538462 0.009615384615384616
1 0.5240384615384616 0.2860576923076923 0.004807692307692308 0.009615384615384616
1 0.5288461538461539 0.2860576923076923 0.004807692307692308 0.009615384615384616
1 0.5216346153846154 0.2860576923076923 0.004807692307692308 0.009615384615384616
1 0.5192307692307693 0.28846153846153844 0.004807692307692308 0.009615384615384616
1 0.5048076923076923 0.28846153846153844 0.004807692307692308 0.004807692307692308
1 0.5144230769230769 0.29086538461538464 0.004807692307692308 0.004807692307692308
1 0.8329326923076923 0.35336538461538464 0.007211538461538462 0.009615384615384616
1 0.5240384615384616 0.2980769230769231 0.004807692307692308 0.004807692307692308
1 0.5144230769230769 0.2956730769230769 0.004807692307692308 0.004807692307692308
