1 0.7512019230769231 0.2692307692307692 0.007211538461538462 0.009615384615384616
1 0.7536057692307693 0.27884615384615385 0.007211538461538462 0.009615384615384616
1 0.4230769230769231 0.3269230769230769 0.009615384615384616 0.009615384615384616
1 0.43028846153846156 0.3269230769230769 0.009615384615384616 0.009615384615384616
1 0.7043269230769231 0.2956730769230769 0.009615384615384616 0.009615384615384616
1 0.7560096153846154 0.29086538461538464 0.007211538461538462 0.009615384615384616
1 0.7115384615384616 0.30528846153846156 0.009615384615384616 0.009615384615384616
1 0.7259615384615384 0.30288461538461536 0.009615384615384616 0.009615384615384616
1 0.7572115384615384 0.30288461538461536 0.009615384615384616 0.009615384615384616
1 0.7043269230769231 0.31490384615384615 0.009615384615384616 0.009615384615384616
1 0.6947115384615384 0.3173076923076923 0.009615384615384616 0.009615384615384616
2 0.7512019230769231 0.3125 0.007211538461538462 0.009615384615384616
2 0.5384615384615384 0.375 0.004807692307692308 0.009615384615384616
2 0.5336538461538461 0.375 0.004807692307692308 0.009615384615384616
2 0.5360576923076923 0.375 0.004807692307692308 0.009615384615384616
2 0.5432692307692307 0.3894230769230769 0.004807692307692308 0.009615384615384616
2 0.5360576923076923 0.3918269230769231 0.004807692307692308 0.009615384615384616
1 0.7259615384615384 0.37259615384615385 0.009615384615384616 0.009615384615384616
2 0.5492788461538461 0.4026442307692308 0.007211538461538462 0.01201923076923077
2 0.5408653846153846 0.4254807692307692 0.004807692307692308 0.009615384615384616
2 0.5480769230769231 0.4230769230769231 0.004807692307692308 0.009615384615384616
2 0.5432692307692307 0.4375 0.004807692307692308 0.009615384615384616
2 0.5504807692307693 0.4375 0.004807692307692308 0.009615384615384616
1 0.6081730769230769 0.4326923076923077 0.009615384615384616 0.009615384615384616
1 0.7367788461538461 0.4230769230769231 0.007211538461538462 0.009615384615384616
2 0.6189903846153846 0.4411057692307692 0.007211538461538462 0.01201923076923077
1 0.7728365384615384 0.4254807692307692 0.007211538461538462 0.009615384615384616
1 0.7632211538461539 0.4254807692307692 0.007211538461538462 0.009615384615384616
1 0.7403846153846154 0.4423076923076923 0.009615384615384616 0.009615384615384616
0 0.7764423076923077 0.44471153846153844 0.004807692307692308 0.004807692307692308
1 0.8125 0.44471153846153844 0.009615384615384616 0.009615384615384616
1 0.44591346153846156 0.5 0.007211538461538462 0.009615384615384616
1 0.4519230769230769 0.49759615384615385 0.009615384615384616 0.009615384615384616
1 0.4699519230769231 0.49759615384615385 0.007211538461538462 0.009615384615384616
1 0.5 0.4951923076923077 0.009615384615384616 0.009615384615384616
1 0.5060096153846154 0.49278846153846156 0.007211538461538462 0.009615384615384616
2 0.49278846153846156 0.5 0.004807692307692308 0.004807692307692308
2 0.5637019230769231 0.49278846153846156 0.040865384615384616 0.038461538461538464
2 0.45913461538461536 0.5564903846153846 0.028846153846153848 0.06009615384615385
1 0.6382211538461539 0.5552884615384616 0.007211538461538462 0.009615384615384616
2 0.7848557692307693 0.5528846153846154 0.007211538461538462 0.004807692307692308
2 0.59375 0.5925480769230769 0.009615384615384616 0.007211538461538462
2 0.6057692307692307 0.5961538461538461 0.009615384615384616 0.009615384615384616
1 0.6490384615384616 0.5889423076923077 0.009615384615384616 0.009615384615384616
2 0.6935096153846154 0.5841346153846154 0.007211538461538462 0.004807692307692308
1 0.6262019230769231 0.5985576923076923 0.01201923076923077 0.019230769230769232
1 0.5096153846153846 0.6225961538461539 0.009615384615384616 0.009615384615384616
1 0.5192307692307693 0.6201923076923077 0.009615384615384616 0.009615384615384616
1 0.7475961538461539 0.5913461538461539 0.009615384615384616 0.009615384615384616
0 0.43028846153846156 0.6370192307692307 0.009615384615384616 0.009615384615384616
1 0.4375 0.6370192307692307 0.009615384615384616 0.009615384615384616
1 0.5949519230769231 0.6225961538461539 0.01201923076923077 0.019230769230769232
1 0.5432692307692307 0.6298076923076923 0.009615384615384616 0.009615384615384616
1 0.5360576923076923 0.6322115384615384 0.009615384615384616 0.009615384615384616
1 0.5120192307692307 0.6346153846153846 0.009615384615384616 0.009615384615384616
1 0.5216346153846154 0.6346153846153846 0.009615384615384616 0.009615384615384616
2 0.7115384615384616 0.6081730769230769 0.004807692307692308 0.004807692307692308
2 0.7043269230769231 0.6105769230769231 0.004807692307692308 0.004807692307692308
2 0.4375 0.6514423076923077 0.004807692307692308 0.009615384615384616
2 0.44350961538461536 0.6490384615384616 0.007211538461538462 0.009615384615384616
2 0.43990384615384615 0.6490384615384616 0.004807692307692308 0.009615384615384616
2 0.4495192307692308 0.6490384615384616 0.004807692307692308 0.009615384615384616
2 0.42908653846153844 0.6526442307692307 0.007211538461538462 0.01201923076923077
0 0.5048076923076923 0.6442307692307693 0.009615384615384616 0.009615384615384616
2 0.5612980769230769 0.6358173076923077 0.007211538461538462 0.01201923076923077
0 0.5132211538461539 0.6442307692307693 0.007211538461538462 0.009615384615384616
0 0.5228365384615384 0.6442307692307693 0.007211538461538462 0.009615384615384616
2 0.7067307692307693 0.6274038461538461 0.004807692307692308 0.004807692307692308
2 0.7091346153846154 0.6322115384615384 0.004807692307692308 0.004807692307692308
2 0.7283653846153846 0.6514423076923077 0.004807692307692308 0.004807692307692308
2 0.7307692307692307 0.65625 0.004807692307692308 0.004807692307692308
1 0.359375 0.15384615384615385 0.007211538461538462 0.009615384615384616
1 0.5096153846153846 0.14903846153846154 0.009615384615384616 0.009615384615384616
2 0.6754807692307693 0.12740384615384615 0.009615384615384616 0.009615384615384616
1 0.6610576923076923 0.12740384615384615 0.009615384615384616 0.009615384615384616
1 0.4170673076923077 0.17067307692307693 0.007211538461538462 0.009615384615384616
1 0.5108173076923077 0.15865384615384615 0.007211538461538462 0.009615384615384616
2 0.6766826923076923 0.13701923076923078 0.007211538461538462 0.014423076923076924
1 0.7211538461538461 0.13221153846153846 0.009615384615384616 0.009615384615384616
1 0.6538461538461539 0.14182692307692307 0.009615384615384616 0.009615384615384616
1 0.6442307692307693 0.14423076923076922 0.009615384615384616 0.009615384615384616
2 0.6971153846153846 0.13822115384615385 0.009615384615384616 0.007211538461538462
1 0.6634615384615384 0.14423076923076922 0.009615384615384616 0.009615384615384616
1 0.4170673076923077 0.18028846153846154 0.007211538461538462 0.009615384615384616
1 0.5120192307692307 0.17067307692307693 0.009615384615384616 0.009615384615384616
1 0.7211538461538461 0.14182692307692307 0.009615384615384616 0.009615384615384616
0 0.4483173076923077 0.18269230769230768 0.007211538461538462 0.009615384615384616
1 0.6538461538461539 0.15384615384615385 0.009615384615384616 0.009615384615384616
1 0.6442307692307693 0.15865384615384615 0.009615384615384616 0.009615384615384616
1 0.65625 0.1658653846153846 0.009615384615384616 0.009615384615384616
1 0.7235576923076923 0.15625 0.009615384615384616 0.009615384615384616
0 0.4495192307692308 0.1971153846153846 0.009615384615384616 0.009615384615384616
1 0.6466346153846154 0.17067307692307693 0.009615384615384616 0.009615384615384616
1 0.6394230769230769 0.17908653846153846 0.009615384615384616 0.01201923076923077
1 0.6478365384615384 0.18509615384615385 0.007211538461538462 0.009615384615384616
1 0.39663461538461536 0.23076923076923078 0.009615384615384616 0.009615384615384616
1 0.41225961538461536 0.23076923076923078 0.007211538461538462 0.009615384615384616
1 0.6394230769230769 0.19951923076923078 0.009615384615384616 0.009615384615384616
1 0.41947115384615385 0.2283653846153846 0.007211538461538462 0.009615384615384616
1 0.4266826923076923 0.2283653846153846 0.007211538461538462 0.009615384615384616
1 0.43149038461538464 0.22716346153846154 0.007211538461538462 0.007211538461538462
1 0.4495192307692308 0.22596153846153846 0.009615384615384616 0.009615384615384616
1 0.6490384615384616 0.1971153846153846 0.009615384615384616 0.009615384615384616
1 0.44350961538461536 0.22596153846153846 0.007211538461538462 0.009615384615384616
1 0.4567307692307692 0.22355769230769232 0.009615384615384616 0.009615384615384616
1 0.46274038461538464 0.22355769230769232 0.007211538461538462 0.009615384615384616
1 0.4699519230769231 0.22355769230769232 0.007211538461538462 0.009615384615384616
1 0.47716346153846156 0.22115384615384615 0.007211538461538462 0.009615384615384616
1 0.4855769230769231 0.22235576923076922 0.004807692307692308 0.007211538461538462
1 0.4891826923076923 0.22115384615384615 0.007211538461538462 0.009615384615384616
1 0.5048076923076923 0.21875 0.009615384615384616 0.009615384615384616
1 0.49759615384615385 0.22115384615384615 0.009615384615384616 0.009615384615384616
1 0.5336538461538461 0.21634615384615385 0.009615384615384616 0.009615384615384616
1 0.5420673076923077 0.21394230769230768 0.007211538461538462 0.009615384615384616
1 0.5252403846153846 0.21754807692307693 0.01201923076923077 0.01201923076923077
1 0.5480769230769231 0.21394230769230768 0.009615384615384616 0.009615384615384616
1 0.5637019230769231 0.21153846153846154 0.007211538461538462 0.009615384615384616
1 0.5564903846153846 0.21153846153846154 0.007211538461538462 0.009615384615384616
1 0.5841346153846154 0.2091346153846154 0.009615384615384616 0.009615384615384616
1 0.5697115384615384 0.21153846153846154 0.009615384615384616 0.009615384615384616
1 0.5769230769230769 0.2091346153846154 0.009615384615384616 0.009615384615384616
1 0.6033653846153846 0.20673076923076922 0.009615384615384616 0.009615384615384616
1 0.5913461538461539 0.20793269230769232 0.004807692307692308 0.007211538461538462
1 0.5973557692307693 0.20793269230769232 0.007211538461538462 0.007211538461538462
1 0.7427884615384616 0.19230769230769232 0.009615384615384616 0.009615384615384616
1 0.7331730769230769 0.19951923076923078 0.009615384615384616 0.009615384615384616
1 0.7439903846153846 0.20192307692307693 0.007211538461538462 0.009615384615384616
1 0.6430288461538461 0.21995192307692307 0.007211538461538462 0.01201923076923077
1 0.7451923076923077 0.21634615384615385 0.009615384615384616 0.009615384615384616
2 0.6670673076923077 0.23677884615384615 0.007211538461538462 0.01201923076923077
1 0.6682692307692307 0.25 0.009615384615384616 0.009615384615384616
1 0.7512019230769231 0.24759615384615385 0.007211538461538462 0.009615384615384616
1 0.6418269230769231 0.2692307692307692 0.009615384615384616 0.009615384615384616
