2 0.3245192307692308 0.3786057692307692 0.009615384615384616 0.021634615384615384
2 0.4735576923076923 0.3894230769230769 0.009615384615384616 0.019230769230769232
2 0.375 0.38221153846153844 0.009615384615384616 0.019230769230769232
2 0.5745192307692307 0.39302884615384615 0.009615384615384616 0.016826923076923076
2 0.5240384615384616 0.3918269230769231 0.009615384615384616 0.019230769230769232
2 0.6754807692307693 0.39903846153846156 0.009615384615384616 0.019230769230769232
2 0.6225961538461539 0.39663461538461536 0.009615384615384616 0.019230769230769232
2 0.4254807692307692 0.38822115384615385 0.009615384615384616 0.021634615384615384
2 0.27524038461538464 0.5024038461538461 0.01201923076923077 0.02403846153846154
2 0.25841346153846156 0.5841346153846154 0.016826923076923076 0.009615384615384616
2 0.31009615384615385 0.6225961538461539 0.009615384615384616 0.019230769230769232
2 0.4110576923076923 0.6298076923076923 0.009615384615384616 0.019230769230769232
2 0.45913461538461536 0.6322115384615384 0.009615384615384616 0.019230769230769232
2 0.5108173076923077 0.6370192307692307 0.007211538461538462 0.019230769230769232
2 0.5588942307692307 0.6394230769230769 0.01201923076923077 0.02403846153846154
2 0.6129807692307693 0.6418269230769231 0.009615384615384616 0.019230769230769232
2 0.3605769230769231 0.6298076923076923 0.009615384615384616 0.019230769230769232
2 0.6586538461538461 0.6454326923076923 0.009615384615384616 0.021634615384615384
2 0.25721153846153844 0.6454326923076923 0.019230769230769232 0.016826923076923076
2 0.2932692307692308 0.22115384615384615 0.009615384615384616 0.019230769230769232
