1 0.24519230769230768 0.3173076923076923 0.004807692307692308 0.009615384615384616
1 0.25 0.3293269230769231 0.004807692307692308 0.009615384615384616
1 0.5252403846153846 0.3329326923076923 0.002403846153846154 0.007211538461538462
1 0.5841346153846154 0.34615384615384615 0.004807692307692308 0.009615384615384616
1 0.59375 0.3557692307692308 0.004807692307692308 0.009615384615384616
1 0.5841346153846154 0.3581730769230769 0.004807692307692308 0.009615384615384616
1 0.59375 0.36538461538461536 0.004807692307692308 0.009615384615384616
1 0.5841346153846154 0.36778846153846156 0.004807692307692308 0.009615384615384616
1 0.5841346153846154 0.37740384615384615 0.004807692307692308 0.009615384615384616
1 0.5841346153846154 0.3870192307692308 0.004807692307692308 0.009615384615384616
1 0.59375 0.3870192307692308 0.004807692307692308 0.009615384615384616
1 0.2548076923076923 0.42788461538461536 0.004807692307692308 0.009615384615384616
1 0.2692307692307692 0.42788461538461536 0.004807692307692308 0.009615384615384616
1 0.2620192307692308 0.42788461538461536 0.004807692307692308 0.009615384615384616
2 0.24519230769230768 0.453125 0.004807692307692308 0.01201923076923077
2 0.5697115384615384 0.45552884615384615 0.009615384615384616 0.007211538461538462
2 0.47596153846153844 0.46875 0.004807692307692308 0.014423076923076924
1 0.31009615384615385 0.47115384615384615 0.004807692307692308 0.009615384615384616
1 0.29927884615384615 0.47115384615384615 0.007211538461538462 0.009615384615384616
1 0.33052884615384615 0.47115384615384615 0.007211538461538462 0.009615384615384616
1 0.31850961538461536 0.47115384615384615 0.007211538461538462 0.009615384615384616
1 0.59375 0.47836538461538464 0.004807692307692308 0.009615384615384616
2 0.25240384615384615 0.4807692307692308 0.004807692307692308 0.014423076923076924
1 0.33413461538461536 0.4831730769230769 0.004807692307692308 0.009615384615384616
1 0.30408653846153844 0.4831730769230769 0.007211538461538462 0.009615384615384616
1 0.3137019230769231 0.4831730769230769 0.007211538461538462 0.009615384615384616
1 0.3245192307692308 0.4831730769230769 0.004807692307692308 0.009615384615384616
1 0.5721153846153846 0.4855769230769231 0.004807692307692308 0.009615384615384616
1 0.59375 0.4879807692307692 0.004807692307692308 0.009615384615384616
2 0.5264423076923077 0.49038461538461536 0.009615384615384616 0.004807692307692308
1 0.59375 0.49759615384615385 0.004807692307692308 0.009615384615384616
2 0.4110576923076923 0.5072115384615384 0.009615384615384616 0.004807692307692308
1 0.5949519230769231 0.5072115384615384 0.007211538461538462 0.009615384615384616
2 0.4254807692307692 0.5264423076923077 0.004807692307692308 0.009615384615384616
2 0.24519230769230768 0.5360576923076923 0.009615384615384616 0.004807692307692308
2 0.39903846153846156 0.5504807692307693 0.009615384615384616 0.004807692307692308
2 0.25 0.5600961538461539 0.004807692307692308 0.014423076923076924
2 0.2548076923076923 0.5588942307692307 0.004807692307692308 0.01201923076923077
1 0.42788461538461536 0.5600961538461539 0.004807692307692308 0.009615384615384616
1 0.42788461538461536 0.5697115384615384 0.004807692307692308 0.009615384615384616
1 0.42788461538461536 0.5817307692307693 0.004807692307692308 0.009615384615384616
1 0.42788461538461536 0.5913461538461539 0.004807692307692308 0.009615384615384616
1 0.4206730769230769 0.6081730769230769 0.004807692307692308 0.009615384615384616
1 0.42788461538461536 0.6081730769230769 0.004807692307692308 0.009615384615384616
1 0.4495192307692308 0.6081730769230769 0.004807692307692308 0.009615384615384616
1 0.4375 0.6081730769230769 0.004807692307692308 0.009615384615384616
1 0.44471153846153844 0.6081730769230769 0.004807692307692308 0.009615384615384616
2 0.2644230769230769 0.6262019230769231 0.004807692307692308 0.01201923076923077
2 0.2644230769230769 0.6502403846153846 0.004807692307692308 0.01201923076923077
2 0.5985576923076923 0.6598557692307693 0.02403846153846154 0.026442307692307692
2 0.24158653846153846 0.6730769230769231 0.007211538461538462 0.004807692307692308
2 0.25961538461538464 0.6730769230769231 0.009615384615384616 0.004807692307692308
1 0.6346153846153846 0.17307692307692307 0.004807692307692308 0.009615384615384616
2 0.6177884615384616 0.18629807692307693 0.004807692307692308 0.01201923076923077
2 0.5925480769230769 0.22355769230769232 0.026442307692307692 0.019230769230769232
1 0.25 0.25 0.004807692307692308 0.009615384615384616
1 0.24278846153846154 0.25 0.004807692307692308 0.009615384615384616
1 0.5 0.25721153846153844 0.004807692307692308 0.009615384615384616
1 0.6177884615384616 0.2644230769230769 0.004807692307692308 0.009615384615384616
1 0.6237980769230769 0.2644230769230769 0.007211538461538462 0.009615384615384616
1 0.6322115384615384 0.2668269230769231 0.004807692307692308 0.009615384615384616
2 0.5072115384615384 0.27524038461538464 0.004807692307692308 0.01201923076923077
1 0.44711538461538464 0.28125 0.004807692307692308 0.009615384615384616
1 0.5096153846153846 0.2980769230769231 0.004807692307692308 0.009615384615384616
1 0.515625 0.29927884615384615 0.002403846153846154 0.007211538461538462
1 0.5204326923076923 0.29927884615384615 0.002403846153846154 0.007211538461538462
