2 0.3173076923076923 0.3629807692307692 0.03365384615384615 0.02403846153846154
2 0.3161057692307692 0.484375 0.021634615384615384 0.01201923076923077
2 0.6033653846153846 0.6490384615384616 0.014423076923076924 0.009615384615384616
2 0.6826923076923077 0.3629807692307692 0.009615384615384616 0.009615384615384616
2 0.6971153846153846 0.3641826923076923 0.014423076923076924 0.007211538461538462
2 0.7091346153846154 0.1875 0.004807692307692308 0.004807692307692308
2 0.7091346153846154 0.19230769230769232 0.004807692307692308 0.004807692307692308
2 0.2776442307692308 0.4375 0.021634615384615384 0.014423076923076924
2 0.2848557692307692 0.30288461538461536 0.016826923076923076 0.009615384615384616
2 0.2860576923076923 0.3293269230769231 0.014423076923076924 0.014423076923076924
2 0.2956730769230769 0.5048076923076923 0.019230769230769232 0.014423076923076924
2 0.3016826923076923 0.41586538461538464 0.026442307692307692 0.019230769230769232
2 0.3076923076923077 0.30408653846153844 0.019230769230769232 0.01201923076923077
2 0.3076923076923077 0.3269230769230769 0.019230769230769232 0.014423076923076924
