2 0.6670673076923077 0.36899038461538464 0.007211538461538462 0.01201923076923077
2 0.6610576923076923 0.3701923076923077 0.009615384615384616 0.014423076923076924
2 0.6346153846153846 0.41346153846153844 0.009615384615384616 0.004807692307692308
2 0.6346153846153846 0.4098557692307692 0.009615384615384616 0.007211538461538462
2 0.5072115384615384 0.6117788461538461 0.009615384615384616 0.01201923076923077
2 0.5 0.6129807692307693 0.009615384615384616 0.014423076923076924
2 0.4879807692307692 0.5649038461538461 0.04807692307692308 0.03365384615384615
2 0.3713942307692308 0.5637019230769231 0.01201923076923077 0.01201923076923077
2 0.3076923076923077 0.4110576923076923 0.0625 0.04807692307692308
2 0.3112980769230769 0.5757211538461539 0.01201923076923077 0.01201923076923077
2 0.8365384615384616 0.4639423076923077 0.009615384615384616 0.004807692307692308
2 0.8353365384615384 0.46153846153846156 0.007211538461538462 0.004807692307692308
2 0.8413461538461539 0.5276442307692307 0.009615384615384616 0.007211538461538462
2 0.8149038461538461 0.5516826923076923 0.009615384615384616 0.007211538461538462
2 0.7860576923076923 0.47596153846153844 0.004807692307692308 0.004807692307692308
2 0.7824519230769231 0.47716346153846156 0.007211538461538462 0.007211538461538462
2 0.7668269230769231 0.4807692307692308 0.004807692307692308 0.004807692307692308
2 0.6742788461538461 0.36658653846153844 0.007211538461538462 0.01201923076923077
