1 0.3557692307692308 0.22596153846153846 0.009615384615384616 0.009615384615384616
1 0.2956730769230769 0.5697115384615384 0.009615384615384616 0.009615384615384616
2 0.35336538461538464 0.24879807692307693 0.004807692307692308 0.007211538461538462
1 0.3629807692307692 0.203125 0.009615384615384616 0.007211538461538462
1 0.36778846153846156 0.19471153846153846 0.009615384615384616 0.009615384615384616
1 0.36778846153846156 0.2283653846153846 0.009615384615384616 0.009615384615384616
1 0.38461538461538464 0.20192307692307693 0.009615384615384616 0.009615384615384616
1 0.3798076923076923 0.27163461538461536 0.009615384615384616 0.009615384615384616
2 0.32572115384615385 0.5673076923076923 0.007211538461538462 0.009615384615384616
1 0.39903846153846156 0.203125 0.009615384615384616 0.007211538461538462
1 0.3894230769230769 0.27283653846153844 0.009615384615384616 0.007211538461538462
1 0.4014423076923077 0.28966346153846156 0.009615384615384616 0.007211538461538462
1 0.40384615384615385 0.2764423076923077 0.009615384615384616 0.009615384615384616
1 0.41346153846153844 0.27884615384615385 0.009615384615384616 0.009615384615384616
1 0.4110576923076923 0.2932692307692308 0.009615384615384616 0.009615384615384616
1 0.421875 0.2932692307692308 0.01201923076923077 0.009615384615384616
2 0.4495192307692308 0.1814903846153846 0.009615384615384616 0.007211538461538462
2 0.46274038461538464 0.18389423076923078 0.01201923076923077 0.007211538461538462
2 0.47596153846153844 0.2608173076923077 0.014423076923076924 0.007211538461538462
2 0.4879807692307692 0.26322115384615385 0.009615384615384616 0.007211538461538462
1 0.4495192307692308 0.5528846153846154 0.009615384615384616 0.009615384615384616
1 0.4519230769230769 0.546875 0.009615384615384616 0.007211538461538462
1 0.5817307692307693 0.3088942307692308 0.009615384615384616 0.007211538461538462
1 0.5480769230769231 0.5588942307692307 0.009615384615384616 0.007211538461538462
1 0.5432692307692307 0.5841346153846154 0.009615384615384616 0.009615384615384616
1 0.5456730769230769 0.5709134615384616 0.009615384615384616 0.007211538461538462
1 0.5456730769230769 0.5769230769230769 0.009615384615384616 0.009615384615384616
1 0.5480769230769231 0.5637019230769231 0.009615384615384616 0.007211538461538462
1 0.5961538461538461 0.31009615384615385 0.009615384615384616 0.009615384615384616
1 0.5625 0.5805288461538461 0.009615384615384616 0.007211538461538462
1 0.5649038461538461 0.5685096153846154 0.009615384615384616 0.007211538461538462
1 0.5649038461538461 0.5612980769230769 0.009615384615384616 0.007211538461538462
1 0.5625 0.5757211538461539 0.009615384615384616 0.007211538461538462
1 0.5793269230769231 0.5144230769230769 0.009615384615384616 0.009615384615384616
1 0.5793269230769231 0.5841346153846154 0.009615384615384616 0.009615384615384616
1 0.5793269230769231 0.5769230769230769 0.009615384615384616 0.009615384615384616
1 0.5817307692307693 0.5649038461538461 0.009615384615384616 0.009615384615384616
1 0.5817307692307693 0.5709134615384616 0.009615384615384616 0.007211538461538462
1 0.59375 0.5877403846153846 0.009615384615384616 0.007211538461538462
1 0.59375 0.5925480769230769 0.009615384615384616 0.007211538461538462
1 0.5961538461538461 0.5805288461538461 0.009615384615384616 0.007211538461538462
1 0.5961538461538461 0.5733173076923077 0.009615384615384616 0.007211538461538462
1 0.5985576923076923 0.5673076923076923 0.009615384615384616 0.009615384615384616
2 0.6105769230769231 0.6382211538461539 0.009615384615384616 0.007211538461538462
2 0.6538461538461539 0.3954326923076923 0.004807692307692308 0.007211538461538462
1 0.6370192307692307 0.5264423076923077 0.009615384615384616 0.009615384615384616
1 0.6370192307692307 0.5192307692307693 0.009615384615384616 0.009615384615384616
2 0.6550480769230769 0.421875 0.01201923076923077 0.007211538461538462
1 0.625 0.6418269230769231 0.009615384615384616 0.009615384615384616
1 0.6370192307692307 0.6394230769230769 0.009615384615384616 0.009615384615384616
1 0.6346153846153846 0.6466346153846154 0.009615384615384616 0.009615384615384616
2 0.6826923076923077 0.42427884615384615 0.009615384615384616 0.007211538461538462
1 0.7091346153846154 0.4567307692307692 0.009615384615384616 0.009615384615384616
1 0.7139423076923077 0.484375 0.009615384615384616 0.007211538461538462
1 0.6995192307692307 0.6310096153846154 0.009615384615384616 0.007211538461538462
1 0.7367788461538461 0.4699519230769231 0.01201923076923077 0.007211538461538462
1 0.2956730769230769 0.2860576923076923 0.009615384615384616 0.009615384615384616
1 0.27163461538461536 0.4675480769230769 0.009615384615384616 0.007211538461538462
1 0.3173076923076923 0.2247596153846154 0.009615384615384616 0.007211538461538462
1 0.3173076923076923 0.21634615384615385 0.009615384615384616 0.009615384615384616
1 0.25961538461538464 0.6057692307692307 0.009615384615384616 0.009615384615384616
2 0.27163461538461536 0.5420673076923077 0.009615384615384616 0.007211538461538462
1 0.2764423076923077 0.5673076923076923 0.009615384615384616 0.009615384615384616
1 0.34134615384615385 0.21634615384615385 0.009615384615384616 0.004807692307692308
1 0.35096153846153844 0.2091346153846154 0.009615384615384616 0.004807692307692308
