2 0.5913461538461539 0.6694711538461539 0.03365384615384615 0.01201923076923077
1 0.6177884615384616 0.36658653846153844 0.014423076923076924 0.036057692307692304
1 0.609375 0.36778846153846156 0.01201923076923077 0.03365384615384615
2 0.5661057692307693 0.27524038461538464 0.016826923076923076 0.021634615384615384
1 0.5024038461538461 0.5685096153846154 0.014423076923076924 0.036057692307692304
1 0.4807692307692308 0.6490384615384616 0.052884615384615384 0.014423076923076924
2 0.43509615384615385 0.6262019230769231 0.019230769230769232 0.007211538461538462
2 0.43028846153846156 0.6382211538461539 0.019230769230769232 0.007211538461538462
2 0.4326923076923077 0.6334134615384616 0.019230769230769232 0.007211538461538462
2 0.33653846153846156 0.2536057692307692 0.02403846153846154 0.026442307692307692
1 0.8100961538461539 0.3713942307692308 0.014423076923076924 0.036057692307692304
1 0.8040865384615384 0.3713942307692308 0.016826923076923076 0.036057692307692304
1 0.7956730769230769 0.4098557692307692 0.014423076923076924 0.036057692307692304
1 0.7944711538461539 0.36899038461538464 0.01201923076923077 0.036057692307692304
1 0.7848557692307693 0.4074519230769231 0.016826923076923076 0.036057692307692304
2 0.7151442307692307 0.6790865384615384 0.01201923076923077 0.021634615384615384
