1 0.6517857142857143 0.4582317073170732 0.006087662337662338 0.00426829268292683
1 0.750202922077922 0.45929878048780487 0.00487012987012987 0.0039634146341463415
0 0.4253246753246753 0.45975609756097563 0.006493506493506494 0.003658536585365854
0 0.41883116883116883 0.4600609756097561 0.005681818181818182 0.003658536585365854
1 0.4351663961038961 0.4606707317073171 0.00588474025974026 0.003658536585365854
0 0.6415381493506493 0.4614329268292683 0.00588474025974026 0.004573170731707317
0 0.5163352272727273 0.4617378048780488 0.00588474025974026 0.005792682926829268
0 0.5247564935064936 0.46189024390243905 0.006493506493506494 0.004878048780487805
1 0.5326704545454546 0.46204268292682926 0.005681818181818182 0.0039634146341463415
0 0.7399553571428571 0.46265243902439024 0.004667207792207792 0.004573170731707317
0 0.6516842532467533 0.4632621951219512 0.00588474025974026 0.0039634146341463415
0 0.75 0.46509146341463414 0.005681818181818182 0.0039634146341463415
0 0.7765827922077922 0.4919207317073171 0.005681818181818182 0.0039634146341463415
0 0.8061079545454546 0.49573170731707317 0.0038555194805194805 0.013414634146341463
0 0.36576704545454547 0.5024390243902439 0.0034496753246753245 0.013414634146341463
0 0.4674310064935065 0.5073170731707317 0.007508116883116883 0.004878048780487805
0 0.5688920454545454 0.5088414634146341 0.007508116883116883 0.006097560975609756
0 0.6916599025974026 0.510670731707317 0.007508116883116883 0.00548780487804878
0 0.46763392857142855 0.5132621951219513 0.007508116883116883 0.005182926829268293
