0 0.3117897727272727 0.45960365853658536 0.020495129870129872 0.011890243902439025
0 0.3452719155844156 0.4605182926829268 0.020495129870129872 0.011890243902439025
0 0.3788555194805195 0.46158536585365856 0.020698051948051948 0.011585365853658536
0 0.41243912337662336 0.46189024390243905 0.020089285714285716 0.011585365853658536
0 0.44622564935064934 0.46219512195121953 0.020292207792207792 0.011585365853658536
0 0.4797077922077922 0.463109756097561 0.020292207792207792 0.011585365853658536
0 0.5133928571428571 0.4635670731707317 0.019886363636363636 0.011280487804878048
0 0.546672077922078 0.46402439024390246 0.020698051948051948 0.011585365853658536
0 0.5802556818181818 0.46448170731707317 0.020495129870129872 0.011280487804878048
0 0.6139407467532467 0.4652439024390244 0.020089285714285716 0.010365853658536586
0 0.6474228896103896 0.4658536585365854 0.020495129870129872 0.01097560975609756
0 0.6811079545454546 0.46692073170731707 0.020495129870129872 0.010670731707317074
0 0.7142857142857143 0.46707317073170734 0.020698051948051948 0.01097560975609756
0 0.7482751623376623 0.46783536585365854 0.020495129870129872 0.011280487804878048
0 0.7817573051948052 0.4685975609756098 0.02130681818181818 0.011585365853658536
0 0.8148336038961039 0.4692073170731707 0.020495129870129872 0.01097560975609756
0 0.7483766233766234 0.5253048780487805 0.030032467532467532 0.08414634146341464
0 0.7821631493506493 0.5265243902439024 0.028612012987012988 0.08414634146341464
0 0.815036525974026 0.526829268292683 0.029017857142857144 0.08414634146341464
0 0.46631493506493504 0.5952743902439024 0.004464285714285714 0.013719512195121951
0 0.4715909090909091 0.5952743902439024 0.004464285714285714 0.013719512195121951
0 0.47696834415584416 0.5955792682926829 0.004667207792207792 0.0125
0 0.4822443181818182 0.5957317073170731 0.004261363636363636 0.013414634146341463
0 0.3794642857142857 0.5990853658536586 0.003246753246753247 0.007926829268292683
0 0.7770900974025974 0.599390243902439 0.004261363636363636 0.012804878048780487
0 0.7824675324675324 0.5995426829268292 0.004058441558441558 0.013719512195121951
0 0.7717126623376623 0.5996951219512195 0.004464285714285714 0.013414634146341463
0 0.7876420454545454 0.5998475609756098 0.004667207792207792 0.013109756097560975
0 0.330661525974026 0.6009146341463415 0.003043831168831169 0.007926829268292683
1 0.6923701298701299 0.6022865853658537 0.003246753246753247 0.008231707317073171
1 0.3449675324675325 0.6053353658536585 0.004058441558441558 0.010060975609756098
1 0.39366883116883117 0.6071646341463415 0.0036525974025974025 0.010060975609756098
1 0.34862012987012986 0.6076219512195122 0.002840909090909091 0.00853658536585366
1 0.7060673701298701 0.6079268292682927 0.0038555194805194805 0.00975609756097561
1 0.734375 0.6108231707317073 0.0036525974025974025 0.009451219512195122
0 0.7201704545454546 0.6109756097560975 0.003246753246753247 0.00853658536585366
1 0.8024553571428571 0.6135670731707317 0.004261363636363636 0.010060975609756098
1 0.46773538961038963 0.620579268292683 0.0036525974025974025 0.009451219512195122
1 0.4968547077922078 0.625 0.0038555194805194805 0.00975609756097561
1 0.7751623376623377 0.6272865853658537 0.0036525974025974025 0.009451219512195122
0 0.49320211038961037 0.6275914634146341 0.002637987012987013 0.008231707317073171
0 0.8023538961038961 0.6280487804878049 0.002840909090909091 0.00853658536585366
1 0.7715097402597403 0.6298780487804878 0.002840909090909091 0.007926829268292683
0 0.8250811688311688 0.6314024390243902 0.002840909090909091 0.007926829268292683
1 0.8180803571428571 0.6333841463414634 0.002637987012987013 0.008231707317073171
1 0.8218344155844156 0.6335365853658537 0.002840909090909091 0.007926829268292683
1 0.8342126623376623 0.6342987804878049 0.002840909090909091 0.007621951219512195
0 0.42349837662337664 0.6355182926829268 0.018668831168831168 0.032621951219512196
0 0.5383522727272727 0.636280487804878 0.002435064935064935 0.007926829268292683
0 0.34395292207792205 0.6365853658536585 0.018668831168831168 0.03475609756097561
0 0.3632305194805195 0.6381097560975609 0.018668831168831168 0.02926829268292683
0 0.442775974025974 0.6381097560975609 0.018262987012987012 0.02804878048780488
0 0.5515422077922078 0.6407012195121952 0.002840909090909091 0.010060975609756098
0 0.5587459415584416 0.6410060975609756 0.002637987012987013 0.008841463414634146
0 0.5620941558441559 0.6411585365853658 0.0036525974025974025 0.00853658536585366
1 0.8214285714285714 0.6426829268292683 0.002840909090909091 0.007317073170731708
0 0.8145292207792207 0.6428353658536585 0.002840909090909091 0.008841463414634146
1 0.8182832792207793 0.6428353658536585 0.002232142857142857 0.00701219512195122
0 0.830560064935065 0.6428353658536585 0.002840909090909091 0.007621951219512195
1 0.8342126623376623 0.6432926829268293 0.002840909090909091 0.00853658536585366
0 0.7070819805194806 0.6439024390243903 0.018465909090909092 0.027439024390243903
0 0.726359577922078 0.6439024390243903 0.018871753246753248 0.026829268292682926
1 0.783887987012987 0.6463414634146342 0.006493506493506494 0.012804878048780487
1 0.3815949675324675 0.6547256097560976 0.003043831168831169 0.007621951219512195
0 0.385349025974026 0.6551829268292683 0.002840909090909091 0.00853658536585366
0 0.4551542207792208 0.65625 0.002840909090909091 0.008231707317073171
0 0.471286525974026 0.65625 0.002637987012987013 0.008231707317073171
0 0.487012987012987 0.6570121951219512 0.003246753246753247 0.007317073170731708
1 0.3763189935064935 0.6576219512195122 0.002637987012987013 0.007926829268292683
1 0.39417613636363635 0.6577743902439024 0.002637987012987013 0.007621951219512195
1 0.390625 0.6579268292682927 0.002435064935064935 0.007926829268292683
0 0.3977272727272727 0.6580792682926829 0.002840909090909091 0.007621951219512195
1 0.4056412337662338 0.6585365853658537 0.002840909090909091 0.00853658536585366
1 0.45140016233766234 0.6586890243902439 0.002232142857142857 0.007621951219512195
1 0.46398133116883117 0.6589939024390243 0.002637987012987013 0.008231707317073171
1 0.4674310064935065 0.6589939024390243 0.002232142857142857 0.007621951219512195
1 0.4797077922077922 0.6592987804878049 0.002840909090909091 0.008231707317073171
1 0.48325892857142855 0.6596036585365853 0.002637987012987013 0.007621951219512195
1 0.4956371753246753 0.6597560975609756 0.002637987012987013 0.00853658536585366
1 0.35765016233766234 0.661280487804878 0.002637987012987013 0.007926829268292683
0 0.7739448051948052 0.661890243902439 0.002435064935064935 0.007317073170731708
1 0.3231534090909091 0.6620426829268292 0.003043831168831169 0.007621951219512195
0 0.32670454545454547 0.6620426829268292 0.003246753246753247 0.008231707317073171
0 0.7896712662337663 0.6623475609756098 0.003043831168831169 0.008231707317073171
0 0.8054991883116883 0.6626524390243902 0.003043831168831169 0.008231707317073171
1 0.75 0.6644817073170731 0.002435064935064935 0.008231707317073171
1 0.3471996753246753 0.6646341463414634 0.003246753246753247 0.00853658536585366
1 0.7667410714285714 0.6646341463414634 0.003043831168831169 0.00853658536585366
1 0.7702922077922078 0.6646341463414634 0.002840909090909091 0.007926829268292683
1 0.7827719155844156 0.6646341463414634 0.002637987012987013 0.007926829268292683
1 0.7862215909090909 0.6649390243902439 0.003043831168831169 0.00853658536585366
1 0.354099025974026 0.6652439024390244 0.002435064935064935 0.00853658536585366
1 0.7983969155844156 0.6652439024390244 0.003043831168831169 0.00853658536585366
1 0.802252435064935 0.6652439024390244 0.003043831168831169 0.007926829268292683
0 0.3612012987012987 0.6653963414634146 0.003246753246753247 0.008231707317073171
1 0.33116883116883117 0.6660060975609756 0.002840909090909091 0.008231707317073171
0 0.3398944805194805 0.6660060975609756 0.003246753246753247 0.008231707317073171
1 0.4160917207792208 0.6661585365853658 0.003043831168831169 0.00853658536585366
0 0.4197443181818182 0.6661585365853658 0.003043831168831169 0.007926829268292683
0 0.42948457792207795 0.666310975609756 0.002637987012987013 0.008231707317073171
1 0.34344561688311687 0.6664634146341464 0.002637987012987013 0.007317073170731708
0 0.3708400974025974 0.6664634146341464 0.003043831168831169 0.007926829268292683
0 0.38707386363636365 0.6664634146341464 0.002637987012987013 0.007317073170731708
1 0.4330357142857143 0.6664634146341464 0.002840909090909091 0.007926829268292683
1 0.37804383116883117 0.6666158536585366 0.002840909090909091 0.007621951219512195
1 0.43638392857142855 0.6666158536585366 0.003043831168831169 0.008231707317073171
1 0.3743912337662338 0.6667682926829268 0.002840909090909091 0.007317073170731708
0 0.4055397727272727 0.6670731707317074 0.002232142857142857 0.007926829268292683
1 0.390523538961039 0.6673780487804878 0.002637987012987013 0.007926829268292683
1 0.3940746753246753 0.6673780487804878 0.002840909090909091 0.007926829268292683
1 0.4125405844155844 0.6673780487804878 0.002840909090909091 0.007926829268292683
1 0.40919237012987014 0.667530487804878 0.002637987012987013 0.008231707317073171
0 0.4603287337662338 0.6678353658536585 0.003043831168831169 0.007621951219512195
1 0.45140016233766234 0.6682926829268293 0.002637987012987013 0.007926829268292683
0 0.476461038961039 0.6682926829268293 0.002435064935064935 0.007926829268292683
1 0.4797077922077922 0.6682926829268293 0.002840909090909091 0.007317073170731708
1 0.48325892857142855 0.6682926829268293 0.002637987012987013 0.007926829268292683
1 0.46387987012987014 0.6685975609756097 0.002840909090909091 0.007926829268292683
1 0.4672280844155844 0.6685975609756097 0.002637987012987013 0.007926829268292683
0 0.7535511363636364 0.66875 0.003043831168831169 0.008231707317073171
0 0.4921875 0.6689024390243903 0.002637987012987013 0.007926829268292683
1 0.4955357142857143 0.6689024390243903 0.003246753246753247 0.00853658536585366
1 0.7130681818181818 0.6716463414634146 0.003246753246753247 0.00853658536585366
1 0.716112012987013 0.6717987804878048 0.002435064935064935 0.007621951219512195
0 0.7322443181818182 0.6719512195121952 0.002637987012987013 0.00853658536585366
1 0.7357954545454546 0.6721036585365854 0.002435064935064935 0.008231707317073171
0 0.7054586038961039 0.6725609756097561 0.003043831168831169 0.007926829268292683
1 0.7235186688311688 0.6727134146341464 0.002637987012987013 0.007621951219512195
1 0.7092126623376623 0.6730182926829268 0.002435064935064935 0.007621951219512195
0 0.7198660714285714 0.6730182926829268 0.002637987012987013 0.008231707317073171
1 0.739549512987013 0.6731707317073171 0.002637987012987013 0.007926829268292683
1 0.75 0.6734756097560975 0.003246753246753247 0.007317073170731708
1 0.7667410714285714 0.6736280487804878 0.003043831168831169 0.007621951219512195
0 0.763189935064935 0.6737804878048781 0.002840909090909091 0.00853658536585366
1 0.7702922077922078 0.6737804878048781 0.002435064935064935 0.007926829268292683
0 0.7790178571428571 0.6737804878048781 0.002840909090909091 0.007317073170731708
1 0.7826704545454546 0.6739329268292683 0.002840909090909091 0.007621951219512195
1 0.801948051948052 0.6740853658536585 0.002840909090909091 0.007926829268292683
0 0.7949472402597403 0.6742378048780487 0.002637987012987013 0.008231707317073171
1 0.7860186688311688 0.6743902439024391 0.003043831168831169 0.00853658536585366
1 0.7987012987012987 0.6743902439024391 0.002840909090909091 0.007926829268292683
