1 0.8509615384615384 0.39783653846153844 0.004807692307692308 0.007211538461538462
1 0.8629807692307693 0.40625 0.004807692307692308 0.009615384615384616
1 0.8509615384615384 0.4110576923076923 0.004807692307692308 0.009615384615384616
1 0.8605769230769231 0.4182692307692308 0.004807692307692308 0.009615384615384616
1 0.8485576923076923 0.4230769230769231 0.004807692307692308 0.009615384615384616
1 0.8605769230769231 0.43028846153846156 0.004807692307692308 0.009615384615384616
1 0.8485576923076923 0.4362980769230769 0.004807692307692308 0.007211538461538462
1 0.8581730769230769 0.44471153846153844 0.004807692307692308 0.009615384615384616
1 0.8461538461538461 0.4495192307692308 0.004807692307692308 0.009615384615384616
1 0.8581730769230769 0.4567307692307692 0.004807692307692308 0.009615384615384616
1 0.8461538461538461 0.46153846153846156 0.004807692307692308 0.009615384615384616
1 0.8557692307692307 0.46875 0.004807692307692308 0.009615384615384616
1 0.84375 0.4735576923076923 0.004807692307692308 0.009615384615384616
1 0.8557692307692307 0.4807692307692308 0.004807692307692308 0.009615384615384616
1 0.84375 0.4855769230769231 0.004807692307692308 0.009615384615384616
1 0.8257211538461539 0.5576923076923077 0.007211538461538462 0.009615384615384616
1 0.8353365384615384 0.5588942307692307 0.007211538461538462 0.007211538461538462
1 0.7776442307692307 0.5600961538461539 0.007211538461538462 0.009615384615384616
1 0.7848557692307693 0.5612980769230769 0.007211538461538462 0.007211538461538462
1 0.7223557692307693 0.5564903846153846 0.007211538461538462 0.007211538461538462
1 0.7127403846153846 0.5576923076923077 0.007211538461538462 0.009615384615384616
1 0.6838942307692307 0.5552884615384616 0.007211538461538462 0.009615384615384616
1 0.6935096153846154 0.5552884615384616 0.007211538461538462 0.009615384615384616
1 0.703125 0.5576923076923077 0.007211538461538462 0.009615384615384616
1 0.7992788461538461 0.5661057692307693 0.007211538461538462 0.007211538461538462
1 0.8161057692307693 0.5685096153846154 0.007211538461538462 0.007211538461538462
1 0.8076923076923077 0.5685096153846154 0.004807692307692308 0.007211538461538462
1 0.8257211538461539 0.5709134615384616 0.007211538461538462 0.007211538461538462
1 0.7692307692307693 0.5685096153846154 0.004807692307692308 0.007211538461538462
1 0.7608173076923077 0.5685096153846154 0.007211538461538462 0.007211538461538462
1 0.7055288461538461 0.5805288461538461 0.007211538461538462 0.007211538461538462
1 0.7139423076923077 0.5841346153846154 0.004807692307692308 0.004807692307692308
1 0.6862980769230769 0.5805288461538461 0.007211538461538462 0.007211538461538462
1 0.6959134615384616 0.5805288461538461 0.007211538461538462 0.007211538461538462
1 0.6790865384615384 0.5805288461538461 0.007211538461538462 0.007211538461538462
1 0.7668269230769231 0.5913461538461539 0.004807692307692308 0.009615384615384616
1 0.7355769230769231 0.5961538461538461 0.004807692307692308 0.009615384615384616
1 0.7644230769230769 0.6033653846153846 0.004807692307692308 0.009615384615384616
1 0.7524038461538461 0.6033653846153846 0.004807692307692308 0.009615384615384616
1 0.7427884615384616 0.6033653846153846 0.004807692307692308 0.009615384615384616
1 0.7379807692307693 0.6177884615384616 0.004807692307692308 0.009615384615384616
1 0.5516826923076923 0.6045673076923077 0.007211538461538462 0.007211538461538462
1 0.7379807692307693 0.6298076923076923 0.004807692307692308 0.009615384615384616
1 0.7379807692307693 0.6418269230769231 0.004807692307692308 0.009615384615384616
1 0.7283653846153846 0.6538461538461539 0.004807692307692308 0.009615384615384616
1 0.6370192307692307 0.7079326923076923 0.004807692307692308 0.01201923076923077
1 0.6274038461538461 0.7067307692307693 0.004807692307692308 0.009615384615384616
2 0.7764423076923077 0.7283653846153846 0.019230769230769232 0.014423076923076924
1 0.6370192307692307 0.7319711538461539 0.004807692307692308 0.01201923076923077
1 0.6274038461538461 0.7331730769230769 0.004807692307692308 0.009615384615384616
2 0.7596153846153846 0.7463942307692307 0.014423076923076924 0.04567307692307692
1 0.6346153846153846 0.7475961538461539 0.004807692307692308 0.009615384615384616
1 0.625 0.7475961538461539 0.004807692307692308 0.009615384615384616
0 0.5588942307692307 0.7524038461538461 0.01201923076923077 0.02403846153846154
1 0.6346153846153846 0.7596153846153846 0.004807692307692308 0.009615384615384616
1 0.625 0.7596153846153846 0.004807692307692308 0.009615384615384616
2 0.7632211538461539 0.7896634615384616 0.026442307692307692 0.036057692307692304
1 0.7475961538461539 0.8353365384615384 0.009615384615384616 0.002403846153846154
2 0.6959134615384616 0.3137019230769231 0.036057692307692304 0.05048076923076923
