0 0.4878885957792208 0.30571646341463415 0.0025629058441558445 0.008384146341463415
0 0.471833400974026 0.3084009146341463 0.003731737012987013 0.0033871951219512195
0 0.5055773133116883 0.3103658536585366 0.00953125 0.01524390243902439
0 0.49413047889610384 0.31078506097560976 0.006118100649350649 0.005716463414634146
0 0.47226156655844154 0.31194054878048777 0.004182224025974026 0.0025396341463414635
0 0.4719460227272727 0.3155487804878049 0.003956980519480519 0.003048780487804878
0 0.47206980519480524 0.3196478658536585 0.0033928571428571428 0.002710365853658537
0 0.47226156655844154 0.322984756097561 0.004182224025974026 0.003896341463414634
0 0.5823021509740259 0.3239832317073171 0.009571834415584415 0.013210365853658536
0 0.4720931412337662 0.3272698170731707 0.0038453733766233766 0.002710365853658537
0 0.4720251623376623 0.33123323170731706 0.004521103896103896 0.002710365853658537
0 0.47235186688311687 0.3348064024390244 0.003956980519480519 0.0025396341463414635
0 0.47211546266233767 0.33863414634146344 0.00429586038961039 0.002878048780487805
0 0.47237520292207785 0.3424283536585366 0.004409496753246754 0.0025396341463414635
0 0.4722737418831168 0.3458673780487805 0.003394886363636364 0.002710365853658537
0 0.4724086850649351 0.3498307926829268 0.0040706168831168826 0.002710365853658537
0 0.4724086850649351 0.3539634146341463 0.0040706168831168826 0.003048780487804878
0 0.47263392857142855 0.3570625 0.004521103896103896 0.0025396341463414635
0 0.472554788961039 0.3607042682926829 0.003956980519480519 0.0037256097560975612
0 0.47281452922077927 0.36515853658536584 0.0040706168831168826 0.002878048780487805
0 0.46351663961038964 0.38594207317073176 0.010637175324675325 0.017615853658536587
0 0.47725142045454544 0.38611128048780485 0.011321022727272726 0.017954268292682925
0 0.4644409496753247 0.40907926829268293 0.010862418831168832 0.016939024390243904
0 0.485872564935065 0.42428810975609754 0.005430194805194805 0.004064024390243903
0 0.5064143668831169 0.42545731707317075 0.007146915584415584 0.011890243902439025
0 0.535679788961039 0.42877743902439025 0.0019602272727272728 0.006945121951219512
0 0.4856178977272727 0.4298399390243902 0.005732548701298701 0.004192073170731708
0 0.4650953733766233 0.4315045731707317 0.009736201298701298 0.017277439024390245
0 0.49202922077922073 0.4340960365853659 0.0047564935064935065 0.003557926829268293
0 0.5359395292207793 0.4484923780487805 0.0020738636363636367 0.007960365853658537
0 0.46511769480519477 0.4510838414634147 0.010186688311688312 0.01863109756097561
0 0.6467471590909091 0.4716463414634146 0.008997564935064937 0.011585365853658536
0 0.4647575081168831 0.4719512195121951 0.013118912337662339 0.018292682926829267
0 0.6551704545454545 0.5217987804878049 0.007581168831168831 0.014329268292682927
0 0.5333512581168831 0.546265243902439 0.001767451298701299 0.0041158536585365856
0 0.5337571022727273 0.5528201219512195 0.001361607142857143 0.004420731707317073
0 0.5316264204545454 0.5529725609756098 0.0019703733766233767 0.004725609756097561
0 0.5318293425324675 0.5735518292682927 0.0015645292207792207 0.004420731707317073
0 0.5337063717532468 0.5734756097560976 0.00166599025974026 0.004878048780487805
0 0.5308177759740259 0.6082896341463415 0.005629058441558441 0.004384146341463415
0 0.47712763798701296 0.6110670731707317 0.007826704545454545 0.014207317073170732
0 0.5304372970779221 0.6130899390243902 0.004868100649350649 0.00361890243902439
0 0.5421469155844155 0.6170548780487805 0.008806818181818181 0.01276829268292683
0 0.4847179383116883 0.6389664634146341 0.008396915584415585 0.013908536585365852
0 0.6511109983766235 0.6397865853658536 0.009202516233766235 0.015548780487804878
0 0.476268262987013 0.6607286585365854 0.000020292207792207792 0.0013353658536585365
0 0.49381087662337664 0.20709756097560975 0.0038555194805194805 0.0032195121951219515
0 0.5414204545454545 0.22113871951219513 0.008165584415584416 0.005082317073170732
0 0.5315310470779221 0.22144359756097562 0.008273133116883118 0.005082317073170732
0 0.46033989448051943 0.2214939024390244 0.011994724025974025 0.016158536585365854
0 0.5412672483766233 0.22621951219512196 0.0038007305194805194 0.003048780487804878
0 0.5313220373376624 0.2263719512195122 0.003390827922077922 0.003353658536585366
0 0.5417755681818182 0.22957317073170733 0.005223214285714285 0.0024390243902439024
0 0.5316264204545454 0.22980182926829268 0.004405438311688312 0.0022865853658536584
0 0.5394916801948052 0.23201219512195123 0.003090503246753247 0.0024390243902439024
0 0.5335541801948052 0.23224085365853658 0.003796672077922078 0.001676829268292683
0 0.5529555600649351 0.23573475609756098 0.0048559253246753245 0.0031768292682926827
1 0.4844744318181818 0.23583993902439024 0.005880681818181818 0.0033871951219512195
1 0.49320211038961037 0.23597560975609755 0.00588474025974026 0.003048780487804878
0 0.5376643668831169 0.23597560975609755 0.0022767857142857143 0.00548780487804878
0 0.5352790178571428 0.23605182926829268 0.0015645292207792207 0.0038109756097560975
1 0.509406452922078 0.24053201219512196 0.006231737012987014 0.004234756097560976
1 0.5014904626623377 0.24080335365853658 0.0062276785714285715 0.003557926829268293
0 0.5530397727272728 0.24080335365853658 0.00502435064935065 0.003557926829268293
1 0.4931463068181818 0.2411920731707317 0.005773133116883117 0.0037256097560975612
1 0.4847341720779221 0.24141310975609756 0.005994318181818181 0.003557926829268293
0 0.5205123782467532 0.24275914634146342 0.004904626623376623 0.0038109756097560975
0 0.48586140422077917 0.2499832317073171 0.00216112012987013 0.007283536585365854
0 0.5131544237012987 0.25 0.003987418831168831 0.003658536585365854
0 0.4834588068181818 0.2503719512195122 0.001820211038961039 0.0074512195121951225
0 0.5570738636363637 0.2539375 0.001728896103896104 0.004826219512195122
0 0.5597118506493507 0.25396341463414634 0.001728896103896104 0.006097560975609756
0 0.5552130681818183 0.2544085365853659 0.002065746753246753 0.006987804878048781
0 0.5131036931818181 0.2558689024390244 0.004291801948051948 0.0025914634146341465
0 0.6929241071428571 0.2608231707317073 0.008007305194805196 0.011280487804878048
0 0.47135957792207794 0.28148780487804875 0.004407467532467532 0.0032195121951219515
0 0.5110633116883117 0.28594969512195123 0.00224025974025974 0.007875
0 0.47159496753246755 0.2862042682926829 0.004472402597402597 0.002896341463414634
0 0.47144277597402595 0.28971036585365856 0.00416801948051948 0.0025914634146341465
0 0.4717471590909091 0.2933689024390244 0.003965097402597402 0.0032012195121951218
0 0.4718486201298701 0.2972560975609756 0.0037621753246753244 0.003048780487804878
0 0.4717471590909091 0.30053353658536586 0.0035592532467532464 0.002896341463414634
0 0.5422311282467532 0.30121951219512194 0.0016700487012987013 0.00548780487804878
0 0.5297991071428572 0.3014481707317073 0.0019683441558441556 0.005335365853658537
0 0.47164569805194806 0.3044969512195122 0.003356331168831169 0.002896341463414634
