2 0.7007211538461539 0.6129807692307693 0.01201923076923077 0.019230769230769232
2 0.6911057692307693 0.6141826923076923 0.01201923076923077 0.021634615384615384
1 0.5144230769230769 0.15985576923076922 0.009615384615384616 0.007211538461538462
1 0.5360576923076923 0.3425480769230769 0.009615384615384616 0.007211538461538462
1 0.5 0.2848557692307692 0.009615384615384616 0.007211538461538462
2 0.5 0.3016826923076923 0.028846153846153848 0.01201923076923077
2 0.4074519230769231 0.35216346153846156 0.016826923076923076 0.021634615384615384
2 0.7944711538461539 0.5733173076923077 0.01201923076923077 0.021634615384615384
2 0.7848557692307693 0.5757211538461539 0.01201923076923077 0.021634615384615384
2 0.7584134615384616 0.5769230769230769 0.01201923076923077 0.019230769230769232
2 0.7475961538461539 0.578125 0.014423076923076924 0.021634615384615384
