1 0.28125 0.2800480769230769 0.009615384615384616 0.007211538461538462
1 0.3245192307692308 0.6286057692307693 0.009615384615384616 0.007211538461538462
2 0.2860576923076923 0.30408653846153844 0.004807692307692308 0.007211538461538462
1 0.28365384615384615 0.2548076923076923 0.009615384615384616 0.004807692307692308
1 0.28365384615384615 0.24639423076923078 0.009615384615384616 0.007211538461538462
1 0.2932692307692308 0.2800480769230769 0.009615384615384616 0.007211538461538462
1 0.3004807692307692 0.24879807692307693 0.009615384615384616 0.007211538461538462
1 0.3173076923076923 0.3161057692307692 0.009615384615384616 0.007211538461538462
2 0.35336538461538464 0.6153846153846154 0.004807692307692308 0.009615384615384616
1 0.31490384615384615 0.24759615384615385 0.009615384615384616 0.004807692307692308
1 0.3269230769230769 0.31490384615384615 0.009615384615384616 0.004807692307692308
1 0.34375 0.3293269230769231 0.009615384615384616 0.004807692307692308
1 0.34134615384615385 0.3161057692307692 0.009615384615384616 0.007211538461538462
1 0.35336538461538464 0.3137019230769231 0.009615384615384616 0.007211538461538462
1 0.3557692307692308 0.328125 0.009615384615384616 0.007211538461538462
1 0.3641826923076923 0.3269230769230769 0.01201923076923077 0.009615384615384616
2 0.3605769230769231 0.2091346153846154 0.009615384615384616 0.004807692307692308
2 0.3713942307692308 0.20793269230769232 0.01201923076923077 0.007211538461538462
2 0.40625 0.2776442307692308 0.014423076923076924 0.007211538461538462
2 0.4206730769230769 0.2764423076923077 0.009615384615384616 0.004807692307692308
1 0.46634615384615385 0.5661057692307693 0.009615384615384616 0.007211538461538462
1 0.46634615384615385 0.5600961538461539 0.009615384615384616 0.004807692307692308
1 0.5216346153846154 0.2932692307692308 0.009615384615384616 0.004807692307692308
1 0.5625 0.5408653846153846 0.009615384615384616 0.004807692307692308
1 0.5673076923076923 0.5685096153846154 0.009615384615384616 0.007211538461538462
1 0.5649038461538461 0.5552884615384616 0.009615384615384616 0.004807692307692308
1 0.5673076923076923 0.5612980769230769 0.009615384615384616 0.007211538461538462
1 0.5649038461538461 0.5480769230769231 0.009615384615384616 0.004807692307692308
1 0.5360576923076923 0.2920673076923077 0.009615384615384616 0.007211538461538462
1 0.5817307692307693 0.5600961538461539 0.009615384615384616 0.004807692307692308
1 0.5817307692307693 0.5456730769230769 0.009615384615384616 0.004807692307692308
1 0.5817307692307693 0.5408653846153846 0.009615384615384616 0.004807692307692308
1 0.5817307692307693 0.5528846153846154 0.009615384615384616 0.004807692307692308
1 0.5793269230769231 0.49158653846153844 0.009615384615384616 0.007211538461538462
1 0.5985576923076923 0.5564903846153846 0.009615384615384616 0.007211538461538462
1 0.5985576923076923 0.5516826923076923 0.009615384615384616 0.007211538461538462
1 0.5961538461538461 0.5372596153846154 0.009615384615384616 0.007211538461538462
1 0.5985576923076923 0.5432692307692307 0.009615384615384616 0.004807692307692308
1 0.6153846153846154 0.5552884615384616 0.009615384615384616 0.004807692307692308
1 0.6153846153846154 0.5625 0.009615384615384616 0.004807692307692308
1 0.6153846153846154 0.5504807692307693 0.009615384615384616 0.004807692307692308
1 0.6129807692307693 0.5432692307692307 0.009615384615384616 0.004807692307692308
1 0.6129807692307693 0.5348557692307693 0.009615384615384616 0.007211538461538462
2 0.6466346153846154 0.6009615384615384 0.009615384615384616 0.004807692307692308
2 0.6177884615384616 0.3545673076923077 0.004807692307692308 0.007211538461538462
1 0.6370192307692307 0.484375 0.009615384615384616 0.007211538461538462
1 0.6370192307692307 0.47716346153846156 0.009615384615384616 0.007211538461538462
2 0.6262019230769231 0.38100961538461536 0.01201923076923077 0.007211538461538462
1 0.6610576923076923 0.5997596153846154 0.009615384615384616 0.007211538461538462
1 0.6706730769230769 0.5949519230769231 0.009615384615384616 0.007211538461538462
1 0.6706730769230769 0.6021634615384616 0.009615384615384616 0.007211538461538462
2 0.6538461538461539 0.375 0.009615384615384616 0.004807692307692308
1 0.6875 0.39783653846153844 0.009615384615384616 0.007211538461538462
1 0.6995192307692307 0.4206730769230769 0.009615384615384616 0.004807692307692308
1 0.7283653846153846 0.5673076923076923 0.009615384615384616 0.004807692307692308
1 0.7175480769230769 0.4026442307692308 0.01201923076923077 0.007211538461538462
1 0.2403846153846154 0.3545673076923077 0.009615384615384616 0.007211538461538462
1 0.27163461538461536 0.5336538461538461 0.009615384615384616 0.004807692307692308
1 0.24278846153846154 0.29086538461538464 0.009615384615384616 0.004807692307692308
1 0.24278846153846154 0.2824519230769231 0.009615384615384616 0.007211538461538462
1 0.3004807692307692 0.671875 0.009615384615384616 0.007211538461538462
2 0.2956730769230769 0.6081730769230769 0.009615384615384616 0.004807692307692308
1 0.30528846153846156 0.6310096153846154 0.009615384615384616 0.007211538461538462
1 0.2668269230769231 0.27524038461538464 0.009615384615384616 0.002403846153846154
1 0.27403846153846156 0.265625 0.009615384615384616 0.002403846153846154
