1 0.6201923076923077 0.7920673076923077 0.009615384615384616 0.007211538461538462
1 0.6105769230769231 0.7848557692307693 0.009615384615384616 0.007211538461538462
1 0.6694711538461539 0.5144230769230769 0.007211538461538462 0.004807692307692308
1 0.6682692307692307 0.453125 0.009615384615384616 0.007211538461538462
1 0.6634615384615384 0.4411057692307692 0.009615384615384616 0.007211538461538462
1 0.6586538461538461 0.45072115384615385 0.009615384615384616 0.007211538461538462
1 0.6538461538461539 0.4387019230769231 0.009615384615384616 0.007211538461538462
1 0.6490384615384616 0.4483173076923077 0.009615384615384616 0.007211538461538462
1 0.6394230769230769 0.44591346153846156 0.009615384615384616 0.007211538461538462
1 0.6298076923076923 0.44350961538461536 0.009615384615384616 0.007211538461538462
1 0.6322115384615384 0.4362980769230769 0.009615384615384616 0.007211538461538462
1 0.5168269230769231 0.7560096153846154 0.009615384615384616 0.007211538461538462
1 0.5192307692307693 0.7439903846153846 0.009615384615384616 0.007211538461538462
1 0.5192307692307693 0.7487980769230769 0.009615384615384616 0.007211538461538462
2 0.4891826923076923 0.7608173076923077 0.01201923076923077 0.007211538461538462
2 0.5600961538461539 0.44350961538461536 0.009615384615384616 0.01201923076923077
2 0.5264423076923077 0.5324519230769231 0.014423076923076924 0.007211538461538462
1 0.4855769230769231 0.6935096153846154 0.009615384615384616 0.007211538461538462
1 0.484375 0.7019230769230769 0.01201923076923077 0.009615384615384616
1 0.4891826923076923 0.6730769230769231 0.01201923076923077 0.009615384615384616
1 0.48677884615384615 0.6850961538461539 0.01201923076923077 0.009615384615384616
1 0.5432692307692307 0.41466346153846156 0.009615384615384616 0.007211538461538462
2 0.4639423076923077 0.7463942307692307 0.014423076923076924 0.007211538461538462
1 0.4807692307692308 0.6670673076923077 0.009615384615384616 0.007211538461538462
1 0.4723557692307692 0.6947115384615384 0.01201923076923077 0.009615384615384616
1 0.47475961538461536 0.6850961538461539 0.01201923076923077 0.009615384615384616
1 0.47836538461538464 0.6742788461538461 0.009615384615384616 0.007211538461538462
1 0.53125 0.4338942307692308 0.009615384615384616 0.007211538461538462
1 0.5336538461538461 0.41225961538461536 0.009615384615384616 0.007211538461538462
2 0.515625 0.47836538461538464 0.007211538461538462 0.009615384615384616
1 0.5240384615384616 0.4098557692307692 0.009615384615384616 0.007211538461538462
2 0.4723557692307692 0.5865384615384616 0.007211538461538462 0.009615384615384616
1 0.515625 0.40865384615384615 0.01201923076923077 0.009615384615384616
2 0.45913461538461536 0.5661057692307693 0.009615384615384616 0.007211538461538462
2 0.4074519230769231 0.7403846153846154 0.007211538461538462 0.009615384615384616
2 0.42908653846153844 0.5889423076923077 0.007211538461538462 0.009615384615384616
2 0.3870192307692308 0.7319711538461539 0.014423076923076924 0.007211538461538462
2 0.38822115384615385 0.7271634615384616 0.01201923076923077 0.007211538461538462
1 0.4254807692307692 0.5588942307692307 0.009615384615384616 0.007211538461538462
1 0.41586538461538464 0.5564903846153846 0.009615384615384616 0.007211538461538462
1 0.40625 0.5540865384615384 0.009615384615384616 0.007211538461538462
1 0.39663461538461536 0.5516826923076923 0.009615384615384616 0.007211538461538462
1 0.37740384615384615 0.5540865384615384 0.009615384615384616 0.007211538461538462
1 0.3798076923076923 0.546875 0.009615384615384616 0.007211538461538462
1 0.38461538461538464 0.5252403846153846 0.009615384615384616 0.007211538461538462
1 0.38221153846153844 0.5372596153846154 0.009615384615384616 0.007211538461538462
1 0.38461538461538464 0.5324519230769231 0.009615384615384616 0.007211538461538462
2 0.32572115384615385 0.7007211538461539 0.01201923076923077 0.007211538461538462
2 0.3016826923076923 0.6959134615384616 0.01201923076923077 0.007211538461538462
2 0.36899038461538464 0.3701923076923077 0.03125 0.028846153846153848
2 0.27283653846153844 0.7127403846153846 0.007211538461538462 0.007211538461538462
2 0.2776442307692308 0.6971153846153846 0.007211538461538462 0.009615384615384616
1 0.8509615384615384 0.44350961538461536 0.009615384615384616 0.007211538461538462
2 0.8329326923076923 0.4579326923076923 0.01201923076923077 0.007211538461538462
2 0.7908653846153846 0.4723557692307692 0.02403846153846154 0.03125
1 0.6875 0.8016826923076923 0.009615384615384616 0.007211538461538462
1 0.6850961538461539 0.8088942307692307 0.009615384615384616 0.007211538461538462
1 0.7379807692307693 0.5564903846153846 0.009615384615384616 0.007211538461538462
1 0.7572115384615384 0.4411057692307692 0.009615384615384616 0.007211538461538462
1 0.7584134615384616 0.4326923076923077 0.01201923076923077 0.009615384615384616
1 0.7596153846153846 0.4266826923076923 0.009615384615384616 0.007211538461538462
2 0.7223557692307693 0.5444711538461539 0.01201923076923077 0.007211538461538462
1 0.7019230769230769 0.6021634615384616 0.009615384615384616 0.007211538461538462
1 0.6995192307692307 0.5372596153846154 0.009615384615384616 0.007211538461538462
1 0.6983173076923077 0.53125 0.007211538461538462 0.004807692307692308
1 0.7007211538461539 0.5264423076923077 0.007211538461538462 0.004807692307692308
