0 0.5964630681818182 0.49934146341463415 0.009078733766233766 0.017585365853658535
0 0.6062895698051948 0.4993780487804878 0.009657061688311689 0.014609756097560976
0 0.7189143668831168 0.5084710365853659 0.006416396103896104 0.017551829268292685
0 0.7282782061688311 0.5100899390243903 0.009721996753246753 0.01835060975609756
0 0.7039995941558441 0.5526600609756097 0.013924512987012989 0.01690548780487805
0 0.5997382305194806 0.5677667682926829 0.012382305194805196 0.02211890243902439
0 0.6905326704545455 0.573594512195122 0.008906250000000001 0.019140243902439024
0 0.7189650974025974 0.5767881097560975 0.011793831168831169 0.02064939024390244
0 0.7325821834415585 0.5767301829268292 0.01427150974025974 0.02358231707317073
0 0.7051998782467532 0.5788323170731707 0.015107548701298702 0.02473780487804878
0 0.6484892451298702 0.5975457317073171 0.014510957792207794 0.017652439024390242
0 0.6048315746753247 0.607827743902439 0.011611201298701298 0.01809451219512195
0 0.6061191152597403 0.6318262195121951 0.011345373376623375 0.0173109756097561
0 0.662578125 0.6397606707317073 0.008597808441558441 0.019765243902439025
0 0.8219592126623376 0.6464253048780488 0.013236607142857144 0.020899390243902437
0 0.810570211038961 0.6482850609756098 0.010344967532467532 0.017301829268292684
0 0.5759009740259741 0.6538521341463416 0.00650974025974026 0.013192073170731709
0 0.5652719155844156 0.6550823170731708 0.012037337662337663 0.018701219512195125
0 0.6065503246753247 0.6580548780487805 0.01099025974025974 0.01976829268292683
0 0.507518262987013 0.6653475609756098 0.009354707792207793 0.014231707317073171
0 0.8111759334415585 0.6678353658536585 0.011556412337662338 0.016158536585365854
0 0.5925213068181818 0.6710350609756097 0.01093547077922078 0.019509146341463415
0 0.4774512987012987 0.6710777439024391 0.011314935064935064 0.016545731707317074
0 0.5803206168831169 0.6736753048780488 0.009261363636363637 0.014423780487804879
0 0.5066801948051948 0.6803490853658537 0.008084415584415585 0.011307926829268294
0 0.565445413961039 0.6808658536585365 0.01197849025974026 0.02026829268292683
0 0.5744703733766233 0.682125 0.004866071428571429 0.005713414634146341
0 0.6060531655844156 0.6862713414634146 0.012025162337662338 0.018274390243902438
0 0.5191375811688311 0.6876935975609757 0.007431006493506493 0.013801829268292683
0 0.5786718750000001 0.6926707317073171 0.008398944805194805 0.010951219512195123
0 0.5937702922077922 0.6942957317073171 0.008157467532467533 0.012371951219512194
0 0.5703835227272727 0.6963307926829269 0.0027800324675324676 0.007905487804878049
0 0.49062195616883114 0.6998399390243902 0.0064062500000000005 0.010045731707317073
0 0.48109679383116877 0.7063216463414634 0.0027780032467532466 0.007155487804878048
0 0.5090351055194805 0.7105091463414633 0.012794237012987012 0.02223780487804878
0 0.5220799512987013 0.711202743902439 0.012504058441558441 0.022405487804878048
0 0.48864549512987016 0.7165807926829268 0.008946834415584417 0.011210365853658538
0 0.45727069805194803 0.723030487804878 0.013567370129870129 0.020451219512195123
0 0.48829849837662337 0.7343582317073172 0.005411931818181818 0.005911585365853659
0 0.4981442775974026 0.7360731707317074 0.008058035714285714 0.015439024390243902
0 0.536304788961039 0.7362865853658537 0.012950487012987013 0.019524390243902442
0 0.5631341314935064 0.7406082317073172 0.01263189935064935 0.020850609756097562
0 0.549760551948052 0.7428993902439025 0.009829545454545454 0.014457317073170732
0 0.5981574675324675 0.7496448170731708 0.010844155844155844 0.018192073170731706
0 0.4963595779220779 0.7526493902439024 0.004082792207792208 0.007128048780487804
0 0.5200953733766234 0.7537881097560977 0.0028530844155844155 0.007576219512195123
0 0.43716112012987013 0.7587743902439025 0.01109172077922078 0.022426829268292682
0 0.5654230925324676 0.7685975609756097 0.012745535714285714 0.018292682926829267
0 0.565822849025974 0.7972881097560975 0.015168425324675324 0.02079573170731707
0 0.6302374188311688 0.8056067073170732 0.007228084415584415 0.013652439024390244
0 0.7007071834415585 0.8088917682926829 0.012615665584415585 0.020832317073170733
