2 0.6586538461538461 0.4026442307692308 0.009615384615384616 0.007211538461538462
2 0.5865384615384616 0.6478365384615384 0.004807692307692308 0.002403846153846154
2 0.6502403846153846 0.2824519230769231 0.007211538461538462 0.007211538461538462
2 0.5649038461538461 0.6370192307692307 0.009615384615384616 0.004807692307692308
2 0.5588942307692307 0.65625 0.09375 0.03365384615384615
2 0.5552884615384616 0.6370192307692307 0.009615384615384616 0.004807692307692308
2 0.5721153846153846 0.42788461538461536 0.004807692307692308 0.004807692307692308
2 0.5600961538461539 0.453125 0.004807692307692308 0.002403846153846154
2 0.5528846153846154 0.42788461538461536 0.004807692307692308 0.004807692307692308
2 0.4735576923076923 0.6286057692307693 0.009615384615384616 0.007211538461538462
2 0.45552884615384615 0.6117788461538461 0.007211538461538462 0.007211538461538462
2 0.4495192307692308 0.6105769230769231 0.004807692307692308 0.004807692307692308
2 0.4963942307692308 0.36177884615384615 0.007211538461538462 0.007211538461538462
2 0.5 0.3425480769230769 0.004807692307692308 0.002403846153846154
2 0.5240384615384616 0.20192307692307693 0.004807692307692308 0.004807692307692308
2 0.4423076923076923 0.6237980769230769 0.009615384615384616 0.007211538461538462
2 0.4423076923076923 0.6081730769230769 0.004807692307692308 0.004807692307692308
2 0.4375 0.6081730769230769 0.004807692307692308 0.004807692307692308
2 0.48677884615384615 0.20552884615384615 0.016826923076923076 0.01201923076923077
2 0.4110576923076923 0.5769230769230769 0.004807692307692308 0.004807692307692308
2 0.4639423076923077 0.20192307692307693 0.004807692307692308 0.004807692307692308
2 0.41346153846153844 0.39663461538461536 0.004807692307692308 0.004807692307692308
2 0.4014423076923077 0.41586538461538464 0.009615384615384616 0.004807692307692308
2 0.38221153846153844 0.18509615384615385 0.009615384615384616 0.004807692307692308
2 0.3173076923076923 0.18870192307692307 0.009615384615384616 0.007211538461538462
2 0.23317307692307693 0.4987980769230769 0.009615384615384616 0.007211538461538462
2 0.22596153846153846 0.5324519230769231 0.009615384615384616 0.007211538461538462
2 0.7211538461538461 0.6682692307692307 0.004807692307692308 0.004807692307692308
2 0.7139423076923077 0.6658653846153846 0.004807692307692308 0.004807692307692308
2 0.6850961538461539 0.6598557692307693 0.004807692307692308 0.002403846153846154
