2 0.6646634615384616 0.6610576923076923 0.01201923076923077 0.019230769230769232
2 0.6550480769230769 0.6598557692307693 0.01201923076923077 0.021634615384615384
1 0.6009615384615384 0.17548076923076922 0.009615384615384616 0.009615384615384616
1 0.5745192307692307 0.3557692307692308 0.009615384615384616 0.009615384615384616
1 0.5552884615384616 0.29086538461538464 0.009615384615384616 0.009615384615384616
2 0.5528846153846154 0.3076923076923077 0.028846153846153848 0.014423076923076924
2 0.45072115384615385 0.3329326923076923 0.016826923076923076 0.021634615384615384
2 0.765625 0.6478365384615384 0.01201923076923077 0.021634615384615384
2 0.7560096153846154 0.6478365384615384 0.01201923076923077 0.021634615384615384
2 0.7295673076923077 0.6418269230769231 0.01201923076923077 0.019230769230769232
2 0.71875 0.640625 0.014423076923076924 0.021634615384615384
