2 0.328125 0.7596153846153846 0.016826923076923076 0.019230769230769232
2 0.33653846153846156 0.7932692307692307 0.019230769230769232 0.019230769230769232
2 0.3269230769230769 0.5625 0.028846153846153848 0.014423076923076924
2 0.41947115384615385 0.84375 0.021634615384615384 0.02403846153846154
2 0.4387019230769231 0.7415865384615384 0.036057692307692304 0.021634615384615384
2 0.4411057692307692 0.765625 0.036057692307692304 0.026442307692307692
2 0.7560096153846154 0.6598557692307693 0.036057692307692304 0.036057692307692304
2 0.765625 0.6057692307692307 0.06009615384615385 0.02403846153846154
2 0.8112980769230769 0.6574519230769231 0.06971153846153846 0.03125
2 0.2764423076923077 0.48677884615384615 0.038461538461538464 0.01201923076923077
2 0.29927884615384615 0.6899038461538461 0.016826923076923076 0.02403846153846154
