2 0.7644230769230769 0.2860576923076923 0.004807692307692308 0.004807692307692308
2 0.6514423076923077 0.30288461538461536 0.004807692307692308 0.009615384615384616
2 0.7271634615384616 0.3245192307692308 0.002403846153846154 0.009615384615384616
2 0.5673076923076923 0.3557692307692308 0.004807692307692308 0.004807692307692308
2 0.5745192307692307 0.3701923076923077 0.004807692307692308 0.009615384615384616
1 0.36778846153846156 0.40625 0.004807692307692308 0.009615384615384616
1 0.7475961538461539 0.37740384615384615 0.004807692307692308 0.009615384615384616
1 0.7163461538461539 0.44711538461538464 0.004807692307692308 0.009615384615384616
1 0.7572115384615384 0.4423076923076923 0.004807692307692308 0.009615384615384616
2 0.5576923076923077 0.47115384615384615 0.004807692307692308 0.009615384615384616
1 0.71875 0.45913461538461536 0.004807692307692308 0.009615384615384616
2 0.38100961538461536 0.5240384615384616 0.002403846153846154 0.009615384615384616
2 0.38822115384615385 0.5240384615384616 0.002403846153846154 0.009615384615384616
2 0.6021634615384616 0.5 0.002403846153846154 0.009615384615384616
2 0.5817307692307693 0.5120192307692307 0.004807692307692308 0.009615384615384616
2 0.8389423076923077 0.49158653846153844 0.009615384615384616 0.007211538461538462
2 0.8377403846153846 0.5096153846153846 0.007211538461538462 0.004807692307692308
2 0.8401442307692307 0.5264423076923077 0.007211538461538462 0.004807692307692308
2 0.35336538461538464 0.5901442307692307 0.02403846153846154 0.05048076923076923
2 0.33413461538461536 0.6021634615384616 0.02403846153846154 0.05048076923076923
2 0.5012019230769231 0.5829326923076923 0.03125 0.026442307692307692
1 0.7980769230769231 0.5480769230769231 0.004807692307692308 0.009615384615384616
2 0.8497596153846154 0.5504807692307693 0.007211538461538462 0.004807692307692308
1 0.8004807692307693 0.5649038461538461 0.004807692307692308 0.009615384615384616
2 0.8497596153846154 0.5600961538461539 0.007211538461538462 0.004807692307692308
2 0.7788461538461539 0.5961538461538461 0.004807692307692308 0.009615384615384616
2 0.5841346153846154 0.6310096153846154 0.004807692307692308 0.01201923076923077
1 0.7475961538461539 0.6153846153846154 0.004807692307692308 0.009615384615384616
0 0.38461538461538464 0.6634615384615384 0.004807692307692308 0.009615384615384616
0 0.39302884615384615 0.6634615384615384 0.007211538461538462 0.009615384615384616
2 0.5252403846153846 0.6466346153846154 0.002403846153846154 0.009615384615384616
2 0.5336538461538461 0.6466346153846154 0.004807692307692308 0.009615384615384616
2 0.578125 0.6418269230769231 0.002403846153846154 0.009615384615384616
2 0.5300480769230769 0.6466346153846154 0.002403846153846154 0.009615384615384616
2 0.5745192307692307 0.6418269230769231 0.004807692307692308 0.009615384615384616
2 0.5817307692307693 0.6418269230769231 0.004807692307692308 0.009615384615384616
2 0.5709134615384616 0.6442307692307693 0.002403846153846154 0.009615384615384616
1 0.4326923076923077 0.6598557692307693 0.004807692307692308 0.007211538461538462
1 0.46634615384615385 0.65625 0.004807692307692308 0.009615384615384616
1 0.4182692307692308 0.6610576923076923 0.009615384615384616 0.009615384615384616
1 0.4519230769230769 0.6586538461538461 0.004807692307692308 0.009615384615384616
2 0.6971153846153846 0.6298076923076923 0.004807692307692308 0.004807692307692308
2 0.35336538461538464 0.6706730769230769 0.004807692307692308 0.009615384615384616
2 0.35697115384615385 0.6706730769230769 0.002403846153846154 0.009615384615384616
2 0.3485576923076923 0.6706730769230769 0.004807692307692308 0.009615384615384616
2 0.3605769230769231 0.6706730769230769 0.004807692307692308 0.009615384615384616
2 0.3401442307692308 0.6730769230769231 0.007211538461538462 0.014423076923076924
1 0.7475961538461539 0.625 0.004807692307692308 0.009615384615384616
2 0.38461538461538464 0.6754807692307693 0.004807692307692308 0.009615384615384616
2 0.3798076923076923 0.6754807692307693 0.004807692307692308 0.009615384615384616
2 0.4026442307692308 0.6730769230769231 0.002403846153846154 0.009615384615384616
2 0.3954326923076923 0.6730769230769231 0.002403846153846154 0.009615384615384616
2 0.38221153846153844 0.6754807692307693 0.004807692307692308 0.009615384615384616
2 0.38822115384615385 0.6730769230769231 0.002403846153846154 0.009615384615384616
2 0.3918269230769231 0.6730769230769231 0.004807692307692308 0.009615384615384616
2 0.39903846153846156 0.6730769230769231 0.004807692307692308 0.009615384615384616
2 0.4411057692307692 0.6682692307692307 0.002403846153846154 0.009615384615384616
0 0.4675480769230769 0.6658653846153846 0.007211538461538462 0.009615384615384616
0 0.4182692307692308 0.6706730769230769 0.004807692307692308 0.009615384615384616
0 0.43509615384615385 0.6706730769230769 0.004807692307692308 0.009615384615384616
0 0.4543269230769231 0.6682692307692307 0.004807692307692308 0.009615384615384616
1 0.7487980769230769 0.6346153846153846 0.007211538461538462 0.009615384615384616
2 0.49399038461538464 0.6682692307692307 0.007211538461538462 0.014423076923076924
2 0.6983173076923077 0.6466346153846154 0.007211538461538462 0.004807692307692308
1 0.75 0.6442307692307693 0.004807692307692308 0.009615384615384616
1 0.7512019230769231 0.6538461538461539 0.007211538461538462 0.009615384615384616
1 0.7439903846153846 0.6658653846153846 0.007211538461538462 0.009615384615384616
1 0.7524038461538461 0.6658653846153846 0.004807692307692308 0.009615384615384616
2 0.4375 0.20673076923076922 0.004807692307692308 0.004807692307692308
2 0.7908653846153846 0.18990384615384615 0.004807692307692308 0.004807692307692308
2 0.7908653846153846 0.19471153846153846 0.004807692307692308 0.004807692307692308
2 0.7908653846153846 0.19951923076923078 0.004807692307692308 0.004807692307692308
2 0.6021634615384616 0.22596153846153846 0.007211538461538462 0.004807692307692308
2 0.7932692307692307 0.20432692307692307 0.004807692307692308 0.004807692307692308
2 0.5949519230769231 0.23798076923076922 0.007211538461538462 0.004807692307692308
2 0.8052884615384616 0.22956730769230768 0.009615384615384616 0.007211538461538462
1 0.7235576923076923 0.24519230769230768 0.004807692307692308 0.009615384615384616
1 0.7139423076923077 0.24759615384615385 0.004807692307692308 0.009615384615384616
2 0.6033653846153846 0.2692307692307692 0.004807692307692308 0.004807692307692308
2 0.7620192307692307 0.25721153846153844 0.004807692307692308 0.004807692307692308
1 0.4639423076923077 0.3004807692307692 0.004807692307692308 0.009615384615384616
1 0.46875 0.3004807692307692 0.004807692307692308 0.009615384615384616
1 0.5120192307692307 0.2956730769230769 0.004807692307692308 0.009615384615384616
1 0.5240384615384616 0.2932692307692308 0.004807692307692308 0.009615384615384616
1 0.5180288461538461 0.2956730769230769 0.007211538461538462 0.009615384615384616
1 0.5372596153846154 0.2932692307692308 0.007211538461538462 0.009615384615384616
1 0.5300480769230769 0.2956730769230769 0.007211538461538462 0.009615384615384616
1 0.5 0.2980769230769231 0.004807692307692308 0.009615384615384616
1 0.4807692307692308 0.30288461538461536 0.004807692307692308 0.009615384615384616
