2 0.3870192307692308 0.5829326923076923 0.004807692307692308 0.007211538461538462
2 0.3942307692307692 0.5841346153846154 0.004807692307692308 0.009615384615384616
2 0.4182692307692308 0.5432692307692307 0.019230769230769232 0.004807692307692308
2 0.4074519230769231 0.23076923076923078 0.007211538461538462 0.009615384615384616
2 0.40865384615384615 0.19230769230769232 0.009615384615384616 0.014423076923076924
2 0.4182692307692308 0.21153846153846154 0.009615384615384616 0.009615384615384616
2 0.4266826923076923 0.31850961538461536 0.040865384615384616 0.026442307692307692
2 0.43149038461538464 0.3762019230769231 0.040865384615384616 0.026442307692307692
2 0.42908653846153844 0.34975961538461536 0.040865384615384616 0.026442307692307692
2 0.4387019230769231 0.47475961538461536 0.036057692307692304 0.026442307692307692
2 0.4387019230769231 0.44591346153846156 0.040865384615384616 0.026442307692307692
2 0.4423076923076923 0.5036057692307693 0.038461538461538464 0.026442307692307692
2 0.4519230769230769 0.65625 0.009615384615384616 0.004807692307692308
2 0.4675480769230769 0.6346153846153846 0.01201923076923077 0.004807692307692308
2 0.53125 0.6790865384615384 0.009615384615384616 0.01201923076923077
2 0.5625 0.6033653846153846 0.004807692307692308 0.009615384615384616
2 0.5685096153846154 0.6153846153846154 0.007211538461538462 0.009615384615384616
2 0.5817307692307693 0.6370192307692307 0.009615384615384616 0.009615384615384616
