1 0.5515422077922078 0.3934451219512195 0.005275974025974026 0.0039634146341463415
0 0.5672686688311688 0.39435975609756097 0.0018262987012987013 0.00701219512195122
2 0.6575689935064936 0.39435975609756097 0.007913961038961038 0.005182926829268293
1 0.5695008116883117 0.39451219512195124 0.002232142857142857 0.007317073170731708
1 0.5348011363636364 0.3954268292682927 0.002637987012987013 0.007926829268292683
1 0.5190746753246753 0.3955792682926829 0.002029220779220779 0.007621951219512195
1 0.531351461038961 0.3955792682926829 0.002637987012987013 0.007621951219512195
1 0.5167410714285714 0.3957317073170732 0.002232142857142857 0.007926829268292683
0 0.6631493506493507 0.3975609756097561 0.002435064935064935 0.007317073170731708
1 0.4976663961038961 0.3980182926829268 0.005073051948051948 0.0039634146341463415
1 0.6382913961038961 0.3980182926829268 0.002232142857142857 0.00701219512195122
0 0.640625 0.3980182926829268 0.002029220779220779 0.007621951219512195
0 0.6518871753246753 0.3980182926829268 0.002232142857142857 0.00701219512195122
2 0.6575689935064936 0.3989329268292683 0.007508116883116883 0.004573170731707317
2 0.6462053571428571 0.39969512195121953 0.007508116883116883 0.004878048780487805
1 0.4706777597402597 0.4003048780487805 0.002232142857142857 0.007317073170731708
0 0.46834415584415584 0.4004573170731707 0.002435064935064935 0.007621951219512195
0 0.42015016233766234 0.4010670731707317 0.002232142857142857 0.007621951219512195
1 0.4864042207792208 0.4016768292682927 0.00487012987012987 0.003353658536585366
0 0.45403814935064934 0.4024390243902439 0.005073051948051948 0.003658536585365854
1 0.4448051948051948 0.40259146341463414 0.005275974025974026 0.003353658536585366
1 0.6123478084415584 0.40340701219512193 0.0026988636363636364 0.011082317073170733
2 0.6573660714285714 0.40426829268292686 0.007508116883116883 0.00426829268292683
0 0.6631493506493507 0.40777439024390244 0.002435064935064935 0.007621951219512195
0 0.6517857142857143 0.40792682926829266 0.002435064935064935 0.007317073170731708
0 0.640726461038961 0.40807926829268293 0.002232142857142857 0.00701219512195122
2 0.6574675324675324 0.4094512195121951 0.007711038961038961 0.004878048780487805
2 0.6463068181818182 0.40990853658536586 0.007305194805194805 0.005182926829268293
2 0.6576704545454546 0.4144817073170732 0.007305194805194805 0.0039634146341463415
0 0.6632508116883117 0.41783536585365855 0.002637987012987013 0.007621951219512195
1 0.6382913961038961 0.41829268292682925 0.002232142857142857 0.006707317073170732
0 0.6519886363636364 0.41829268292682925 0.002435064935064935 0.007317073170731708
0 0.640827922077922 0.4184451219512195 0.002029220779220779 0.00701219512195122
1 0.4811282467532468 0.41875 0.00487012987012987 0.0039634146341463415
2 0.6466112012987013 0.4196646341463415 0.007508116883116883 0.005182926829268293
2 0.6578733766233766 0.4198170731707317 0.007305194805194805 0.004878048780487805
1 0.5703125 0.42332317073170733 0.004261363636363636 0.00274390243902439
1 0.4812297077922078 0.4321646341463415 0.005478896103896104 0.0039634146341463415
1 0.6702516233766234 0.4329268292682927 0.002435064935064935 0.007317073170731708
1 0.6601055194805194 0.43307926829268295 0.002435064935064935 0.00701219512195122
1 0.6488433441558441 0.43323170731707317 0.002637987012987013 0.007926829268292683
1 0.6545251623376623 0.43338414634146344 0.002232142857142857 0.008841463414634146
1 0.6443790584415584 0.4336890243902439 0.002637987012987013 0.00701219512195122
2 0.6781655844155844 0.4336890243902439 0.007305194805194805 0.005182926829268293
1 0.6546266233766234 0.44146341463414634 0.002029220779220779 0.00853658536585366
1 0.6703530844155844 0.44146341463414634 0.002637987012987013 0.007317073170731708
1 0.6602069805194806 0.44161585365853656 0.002232142857142857 0.00701219512195122
1 0.6489448051948052 0.44176829268292683 0.002435064935064935 0.007317073170731708
1 0.6445819805194806 0.44192073170731705 0.002637987012987013 0.007621951219512195
1 0.44632711038961037 0.44634146341463415 0.004667207792207792 0.003048780487804878
0 0.45424107142857145 0.44649390243902437 0.005073051948051948 0.003353658536585366
1 0.43506493506493504 0.44664634146341464 0.00487012987012987 0.003048780487804878
1 0.6209415584415584 0.44740853658536583 0.00487012987012987 0.003353658536585366
0 0.6152597402597403 0.4477134146341463 0.00487012987012987 0.003353658536585366
0 0.663961038961039 0.4480182926829268 0.00487012987012987 0.003353658536585366
0 0.6579748376623377 0.4483231707317073 0.004667207792207792 0.003353658536585366
1 0.6207386363636364 0.4509146341463415 0.00487012987012987 0.003048780487804878
1 0.6775568181818182 0.45625 0.005275974025974026 0.0039634146341463415
0 0.4445982142857143 0.4583384146341463 0.004456168831168832 0.0032621951219512194
0 0.4384943181818182 0.4586814024390244 0.004829545454545454 0.003948170731707317
1 0.6773538961038961 0.45990853658536585 0.005275974025974026 0.003353658536585366
1 0.44429788961038963 0.4617378048780488 0.005073051948051948 0.003353658536585366
1 0.43861607142857145 0.46204268292682926 0.005073051948051948 0.003353658536585366
0 0.6073457792207793 0.4629573170731707 0.00487012987012987 0.00274390243902439
1 0.677252435064935 0.463109756097561 0.005073051948051948 0.003658536585365854
0 0.6640625 0.4634146341463415 0.005073051948051948 0.003658536585365854
0 0.6581777597402597 0.463719512195122 0.005073051948051948 0.00426829268292683
1 0.677252435064935 0.46646341463414637 0.005073051948051948 0.003658536585365854
1 0.630174512987013 0.4725609756097561 0.004667207792207792 0.0024390243902439024
2 0.6673092532467533 0.47347560975609754 0.007913961038961038 0.004878048780487805
0 0.6606128246753247 0.4736280487804878 0.005073051948051948 0.0039634146341463415
2 0.6505681818181818 0.4739329268292683 0.007711038961038961 0.005182926829268293
1 0.6437702922077922 0.4745426829268293 0.005073051948051948 0.0039634146341463415
0 0.4206574675324675 0.47591463414634144 0.002435064935064935 0.007317073170731708
1 0.4815340909090909 0.47591463414634144 0.00487012987012987 0.003658536585365854
0 0.630174512987013 0.47621951219512193 0.005073051948051948 0.003658536585365854
0 0.4544439935064935 0.4766768292682927 0.004667207792207792 0.0039634146341463415
1 0.4466314935064935 0.4768292682926829 0.00487012987012987 0.0024390243902439024
2 0.6673092532467533 0.47835365853658535 0.007102272727272727 0.004878048780487805
0 0.630174512987013 0.4792682926829268 0.004667207792207792 0.003658536585365854
0 0.6471185064935064 0.4792682926829268 0.004464285714285714 0.003658536585365854
0 0.6526988636363636 0.4792682926829268 0.005073051948051948 0.003658536585365854
1 0.6089691558441559 0.4815548780487805 0.00487012987012987 0.003353658536585366
0 0.6029829545454546 0.481859756097561 0.005073051948051948 0.003353658536585366
1 0.630275974025974 0.48307926829268294 0.004464285714285714 0.003353658536585366
2 0.6674107142857143 0.4836890243902439 0.007711038961038961 0.005792682926829268
2 0.6506696428571429 0.4841463414634146 0.007913961038961038 0.00548780487804878
0 0.6608157467532467 0.4841463414634146 0.005073051948051948 0.003658536585365854
1 0.6437702922077922 0.4842987804878049 0.005073051948051948 0.0039634146341463415
2 0.6675121753246753 0.4888719512195122 0.007102272727272727 0.005182926829268293
0 0.6472199675324676 0.4891768292682927 0.004667207792207792 0.003353658536585366
2 0.6595982142857143 0.4891768292682927 0.007102272727272727 0.005182926829268293
0 0.6528003246753247 0.4893292682926829 0.005275974025974026 0.003658536585365854
1 0.630377435064935 0.4894817073170732 0.005073051948051948 0.003353658536585366
1 0.481737012987013 0.4897865853658537 0.00487012987012987 0.003353658536585366
1 0.6304788961038961 0.49314024390243905 0.00487012987012987 0.0039634146341463415
0 0.6609172077922078 0.49390243902439024 0.00487012987012987 0.003658536585365854
2 0.6506696428571429 0.4942073170731707 0.007102272727272727 0.004878048780487805
2 0.6675121753246753 0.4942073170731707 0.007102272727272727 0.004878048780487805
1 0.6437702922077922 0.494359756097561 0.004261363636363636 0.003353658536585366
2 0.6676136363636364 0.49847560975609756 0.007305194805194805 0.00426829268292683
0 0.6529017857142857 0.4992378048780488 0.004667207792207792 0.003353658536585366
2 0.6598011363636364 0.4992378048780488 0.007508116883116883 0.005182926829268293
0 0.6473214285714286 0.499390243902439 0.00487012987012987 0.003048780487804878
1 0.6755275974025974 0.5001524390243902 0.00487012987012987 0.0039634146341463415
1 0.48396915584415584 0.501219512195122 0.00487012987012987 0.003048780487804878
1 0.6756290584415584 0.5035060975609756 0.005073051948051948 0.003353658536585366
1 0.48407061688311687 0.5048780487804878 0.005073051948051948 0.003048780487804878
1 0.6756290584415584 0.5071646341463415 0.005073051948051948 0.003353658536585366
1 0.48407061688311687 0.5082317073170731 0.005073051948051948 0.003048780487804878
1 0.6757305194805194 0.510670731707317 0.00487012987012987 0.003048780487804878
1 0.48417207792207795 0.511890243902439 0.00487012987012987 0.003048780487804878
1 0.669237012987013 0.5120426829268293 0.00487012987012987 0.003353658536585366
1 0.5855316558441559 0.5125 0.002232142857142857 0.007317073170731708
1 0.5810673701298701 0.5126524390243903 0.002232142857142857 0.007621951219512195
1 0.583299512987013 0.5128048780487805 0.002232142857142857 0.007926829268292683
1 0.6690340909090909 0.5157012195121952 0.004464285714285714 0.003353658536585366
1 0.6690340909090909 0.5192073170731707 0.00487012987012987 0.003658536585365854
0 0.4549512987012987 0.520579268292683 0.00487012987012987 0.003353658536585366
0 0.4403409090909091 0.5208841463414634 0.004464285714285714 0.003353658536585366
1 0.4460227272727273 0.5210365853658536 0.00487012987012987 0.003658536585365854
1 0.5766030844155844 0.5210365853658536 0.002232142857142857 0.007317073170731708
1 0.5809659090909091 0.5210365853658536 0.002435064935064935 0.007317073170731708
1 0.583400974025974 0.5210365853658536 0.002435064935064935 0.007926829268292683
1 0.5856331168831169 0.521189024390244 0.002435064935064935 0.00701219512195122
1 0.5698051948051948 0.5213414634146342 0.002029220779220779 0.006707317073170732
1 0.5720373376623377 0.5213414634146342 0.002029220779220779 0.007317073170731708
1 0.5741680194805194 0.5213414634146342 0.002232142857142857 0.007317073170731708
1 0.43242694805194803 0.5227134146341463 0.002029220779220779 0.007621951219512195
0 0.43476055194805197 0.5227134146341463 0.0018262987012987013 0.00701219512195122
0 0.42796266233766234 0.5228658536585366 0.002029220779220779 0.007926829268292683
0 0.42562905844155846 0.5230182926829269 0.002232142857142857 0.007621951219512195
1 0.4301948051948052 0.5230182926829269 0.002029220779220779 0.007621951219512195
1 0.6690340909090909 0.5240853658536585 0.00487012987012987 0.003658536585365854
1 0.6759334415584416 0.5240853658536585 0.00487012987012987 0.003048780487804878
1 0.6634537337662337 0.524390243902439 0.005073051948051948 0.003658536585365854
1 0.6758319805194806 0.5275914634146341 0.004667207792207792 0.0039634146341463415
1 0.669237012987013 0.5277439024390244 0.00487012987012987 0.003658536585365854
0 0.47433035714285715 0.532469512195122 0.005073051948051948 0.0039634146341463415
0 0.6310876623376623 0.5385670731707317 0.00487012987012987 0.00274390243902439
1 0.6760349025974026 0.5410060975609756 0.005073051948051948 0.003353658536585366
1 0.6365665584415584 0.541920731707317 0.00487012987012987 0.003353658536585366
0 0.6309862012987013 0.5422256097560976 0.005073051948051948 0.003353658536585366
1 0.6309862012987013 0.5454268292682927 0.005073051948051948 0.003048780487804878
1 0.6368709415584416 0.5454268292682927 0.005073051948051948 0.003048780487804878
1 0.6761363636363636 0.5461890243902439 0.005275974025974026 0.0039634146341463415
1 0.6365665584415584 0.5486280487804878 0.00487012987012987 0.003353658536585366
1 0.6309862012987013 0.5489329268292683 0.004667207792207792 0.00274390243902439
1 0.6761363636363636 0.5513719512195122 0.005275974025974026 0.0039634146341463415
1 0.6368709415584416 0.5519817073170732 0.004667207792207792 0.003353658536585366
1 0.6310876623376623 0.5521341463414634 0.005275974025974026 0.003048780487804878
0 0.5882711038961039 0.5544207317073171 0.00487012987012987 0.0039634146341463415
1 0.6367694805194806 0.5553353658536585 0.00487012987012987 0.003353658536585366
1 0.6311891233766234 0.555640243902439 0.005073051948051948 0.003353658536585366
1 0.6761363636363636 0.55625 0.00487012987012987 0.003353658536585366
1 0.6311891233766234 0.5588414634146341 0.004667207792207792 0.003048780487804878
1 0.6366680194805194 0.5588414634146341 0.004667207792207792 0.003048780487804878
0 0.5881696428571429 0.5600609756097561 0.005073051948051948 0.003658536585365854
0 0.5634131493506493 0.5605182926829269 0.002232142857142857 0.007621951219512195
1 0.6763392857142857 0.5614329268292683 0.005275974025974026 0.003353658536585366
1 0.6311891233766234 0.5621951219512196 0.004667207792207792 0.003048780487804878
1 0.6367694805194806 0.5621951219512196 0.00487012987012987 0.003048780487804878
0 0.4835633116883117 0.5623475609756098 0.002435064935064935 0.00701219512195122
0 0.4802150974025974 0.5626524390243902 0.002232142857142857 0.008231707317073171
1 0.6368709415584416 0.5655487804878049 0.004667207792207792 0.003048780487804878
1 0.6311891233766234 0.5658536585365853 0.005073051948051948 0.003658536585365854
2 0.6753246753246753 0.5664634146341463 0.007305194805194805 0.00548780487804878
1 0.6313920454545454 0.5690548780487805 0.005073051948051948 0.003353658536585366
1 0.6367694805194806 0.5690548780487805 0.004464285714285714 0.003353658536585366
0 0.578327922077922 0.5704268292682927 0.004464285714285714 0.003658536585365854
1 0.5636160714285714 0.5707317073170731 0.002637987012987013 0.007317073170731708
1 0.6776582792207793 0.5714939024390244 0.005073051948051948 0.003353658536585366
1 0.671976461038961 0.5717987804878049 0.005073051948051948 0.0039634146341463415
1 0.4835633116883117 0.5724085365853658 0.002435064935064935 0.007621951219512195
1 0.6312905844155844 0.572560975609756 0.005275974025974026 0.003048780487804878
1 0.6366680194805194 0.572560975609756 0.004667207792207792 0.003048780487804878
1 0.5231331168831169 0.573170731707317 0.002029220779220779 0.007317073170731708
0 0.5254667207792207 0.573170731707317 0.002232142857142857 0.007317073170731708
1 0.6776582792207793 0.5748475609756097 0.005073051948051948 0.003353658536585366
0 0.671976461038961 0.5751524390243903 0.005073051948051948 0.0039634146341463415
1 0.6314935064935064 0.5759146341463415 0.005275974025974026 0.003658536585365854
1 0.6368709415584416 0.5759146341463415 0.004667207792207792 0.003048780487804878
1 0.5342938311688312 0.5763719512195122 0.002029220779220779 0.00701219512195122
1 0.512987012987013 0.5768292682926829 0.002435064935064935 0.007317073170731708
1 0.671976461038961 0.5783536585365854 0.005073051948051948 0.003048780487804878
1 0.6775568181818182 0.5785060975609756 0.00487012987012987 0.003353658536585366
0 0.6369724025974026 0.5791158536585366 0.00487012987012987 0.003353658536585366
0 0.5636160714285714 0.5792682926829268 0.002637987012987013 0.007926829268292683
1 0.6310876623376623 0.5794207317073171 0.005275974025974026 0.003353658536585366
0 0.5230316558441559 0.5817073170731707 0.002232142857142857 0.007317073170731708
1 0.5254667207792207 0.5817073170731707 0.002232142857142857 0.007317073170731708
0 0.6315949675324676 0.5829268292682926 0.004667207792207792 0.0024390243902439024
2 0.6766436688311688 0.5833841463414634 0.007508116883116883 0.005182926829268293
0 0.5648336038961039 0.5878048780487805 0.005073051948051948 0.003658536585365854
0 0.6778612012987013 0.5884146341463414 0.005073051948051948 0.003658536585365854
1 0.513088474025974 0.5888719512195122 0.002232142857142857 0.00701219512195122
0 0.570515422077922 0.5908536585365853 0.004667207792207792 0.003658536585365854
1 0.564935064935065 0.5913109756097561 0.005275974025974026 0.0039634146341463415
0 0.6776582792207793 0.5922256097560976 0.005073051948051948 0.003353658536585366
1 0.564935064935065 0.594359756097561 0.005275974025974026 0.003353658536585366
2 0.6767451298701299 0.5969512195121951 0.007711038961038961 0.004878048780487805
0 0.565036525974026 0.5978658536585366 0.005073051948051948 0.003658536585365854
1 0.677049512987013 0.6019817073170731 0.005073051948051948 0.003353658536585366
1 0.682426948051948 0.6051829268292683 0.004464285714285714 0.003048780487804878
1 0.6767451298701299 0.605640243902439 0.00487012987012987 0.003353658536585366
1 0.682426948051948 0.6088414634146342 0.00487012987012987 0.003048780487804878
0 0.5334821428571429 0.6103658536585366 0.00487012987012987 0.003048780487804878
0 0.5144074675324676 0.6108231707317073 0.005275974025974026 0.0039634146341463415
0 0.48295454545454547 0.6115853658536585 0.00487012987012987 0.003658536585365854
