2 0.23677884615384615 0.328125 0.002403846153846154 0.007211538461538462
2 0.1971153846153846 0.33653846153846156 0.004807692307692308 0.009615384615384616
2 0.23798076923076922 0.34134615384615385 0.004807692307692308 0.009615384615384616
2 0.19471153846153846 0.38461538461538464 0.004807692307692308 0.004807692307692308
2 0.4795673076923077 0.37259615384615385 0.002403846153846154 0.009615384615384616
2 0.4206730769230769 0.375 0.004807692307692308 0.004807692307692308
2 0.4206730769230769 0.3798076923076923 0.004807692307692308 0.004807692307692308
2 0.2283653846153846 0.41346153846153844 0.004807692307692308 0.004807692307692308
2 0.20072115384615385 0.4579326923076923 0.002403846153846154 0.007211538461538462
2 0.19831730769230768 0.4579326923076923 0.002403846153846154 0.007211538461538462
2 0.203125 0.45913461538461536 0.002403846153846154 0.009615384615384616
2 0.20793269230769232 0.45913461538461536 0.002403846153846154 0.009615384615384616
2 0.20552884615384615 0.4579326923076923 0.002403846153846154 0.007211538461538462
2 0.19591346153846154 0.4579326923076923 0.002403846153846154 0.007211538461538462
2 0.4254807692307692 0.6225961538461539 0.004807692307692308 0.014423076923076924
2 0.34134615384615385 0.6394230769230769 0.004807692307692308 0.009615384615384616
2 0.34375 0.6394230769230769 0.004807692307692308 0.009615384615384616
2 0.28725961538461536 0.6887019230769231 0.03125 0.036057692307692304
2 0.5733173076923077 0.6911057692307693 0.002403846153846154 0.007211538461538462
2 0.5745192307692307 0.6971153846153846 0.004807692307692308 0.004807692307692308
2 0.28725961538461536 0.7247596153846154 0.03125 0.036057692307692304
2 0.28966346153846156 0.7908653846153846 0.03125 0.03365384615384615
2 0.24278846153846154 0.8365384615384616 0.004807692307692308 0.004807692307692308
2 0.24278846153846154 0.8389423076923077 0.004807692307692308 0.004807692307692308
2 0.24519230769230768 0.84375 0.004807692307692308 0.004807692307692308
2 0.24519230769230768 0.8461538461538461 0.004807692307692308 0.004807692307692308
2 0.23798076923076922 0.8533653846153846 0.004807692307692308 0.009615384615384616
