1 0.31009615384615385 0.41346153846153844 0.009615384615384616 0.009615384615384616
2 0.35216346153846156 0.6346153846153846 0.021634615384615384 0.009615384615384616
1 0.34375 0.5733173076923077 0.009615384615384616 0.007211538461538462
1 0.34615384615384615 0.5877403846153846 0.009615384615384616 0.007211538461538462
1 0.3245192307692308 0.4110576923076923 0.009615384615384616 0.009615384615384616
1 0.34615384615384615 0.49038461538461536 0.009615384615384616 0.009615384615384616
2 0.3762019230769231 0.6514423076923077 0.036057692307692304 0.03365384615384615
1 0.34134615384615385 0.3293269230769231 0.009615384615384616 0.009615384615384616
1 0.3605769230769231 0.4375 0.009615384615384616 0.009615384615384616
1 0.3605769230769231 0.4182692307692308 0.009615384615384616 0.009615384615384616
1 0.3629807692307692 0.4254807692307692 0.009615384615384616 0.009615384615384616
1 0.36778846153846156 0.33052884615384615 0.009615384615384616 0.007211538461538462
2 0.43149038461538464 0.6490384615384616 0.036057692307692304 0.03365384615384615
1 0.38461538461538464 0.33052884615384615 0.009615384615384616 0.007211538461538462
1 0.3918269230769231 0.3401442307692308 0.009615384615384616 0.007211538461538462
1 0.4182692307692308 0.4891826923076923 0.009615384615384616 0.007211538461538462
1 0.39663461538461536 0.33052884615384615 0.009615384615384616 0.007211538461538462
1 0.4014423076923077 0.33774038461538464 0.009615384615384616 0.007211538461538462
1 0.40384615384615385 0.3485576923076923 0.009615384615384616 0.009615384615384616
1 0.40625 0.3605769230769231 0.009615384615384616 0.009615384615384616
1 0.40865384615384615 0.37259615384615385 0.009615384615384616 0.009615384615384616
1 0.4206730769230769 0.42788461538461536 0.009615384615384616 0.009615384615384616
1 0.4182692307692308 0.41586538461538464 0.009615384615384616 0.009615384615384616
1 0.4230769230769231 0.43509615384615385 0.009615384615384616 0.009615384615384616
1 0.4110576923076923 0.32572115384615385 0.009615384615384616 0.007211538461538462
1 0.4206730769230769 0.3245192307692308 0.009615384615384616 0.009615384615384616
1 0.4326923076923077 0.3233173076923077 0.009615384615384616 0.007211538461538462
1 0.4951923076923077 0.5745192307692307 0.009615384615384616 0.009615384615384616
1 0.46875 0.41586538461538464 0.009615384615384616 0.009615384615384616
1 0.5 0.5877403846153846 0.009615384615384616 0.007211538461538462
1 0.5048076923076923 0.5973557692307693 0.009615384615384616 0.007211538461538462
1 0.5264423076923077 0.5709134615384616 0.009615384615384616 0.007211538461538462
1 0.5432692307692307 0.5901442307692307 0.009615384615384616 0.007211538461538462
1 0.5024038461538461 0.30528846153846156 0.009615384615384616 0.009615384615384616
1 0.5024038461538461 0.31490384615384615 0.009615384615384616 0.009615384615384616
1 0.5072115384615384 0.33413461538461536 0.009615384615384616 0.009615384615384616
1 0.5048076923076923 0.3245192307692308 0.009615384615384616 0.009615384615384616
1 0.5456730769230769 0.5661057692307693 0.009615384615384616 0.007211538461538462
1 0.5504807692307693 0.5757211538461539 0.009615384615384616 0.007211538461538462
1 0.5552884615384616 0.5901442307692307 0.009615384615384616 0.007211538461538462
1 0.5408653846153846 0.3076923076923077 0.009615384615384616 0.009615384615384616
1 0.5384615384615384 0.2980769230769231 0.009615384615384616 0.009615384615384616
1 0.5432692307692307 0.31850961538461536 0.009615384615384616 0.007211538461538462
1 0.5456730769230769 0.3269230769230769 0.009615384615384616 0.009615384615384616
2 0.6610576923076923 0.5925480769230769 0.009615384615384616 0.007211538461538462
2 0.6286057692307693 0.32211538461538464 0.007211538461538462 0.009615384615384616
2 0.6298076923076923 0.33052884615384615 0.004807692307692308 0.007211538461538462
1 0.6778846153846154 0.6057692307692307 0.009615384615384616 0.009615384615384616
2 0.6346153846153846 0.30528846153846156 0.009615384615384616 0.004807692307692308
2 0.6334134615384616 0.296875 0.01201923076923077 0.007211538461538462
2 0.6334134615384616 0.3016826923076923 0.01201923076923077 0.007211538461538462
1 0.6274038461538461 0.25 0.009615384615384616 0.009615384615384616
1 0.6875 0.6033653846153846 0.009615384615384616 0.009615384615384616
1 0.6899038461538461 0.5925480769230769 0.009615384615384616 0.007211538461538462
1 0.6370192307692307 0.24759615384615385 0.009615384615384616 0.009615384615384616
2 0.6911057692307693 0.5492788461538461 0.01201923076923077 0.007211538461538462
2 0.7091346153846154 0.5829326923076923 0.004807692307692308 0.007211538461538462
2 0.6802884615384616 0.3762019230769231 0.009615384615384616 0.007211538461538462
1 0.6875 0.36538461538461536 0.009615384615384616 0.009615384615384616
2 0.6875 0.35697115384615385 0.014423076923076924 0.007211538461538462
2 0.6923076923076923 0.3737980769230769 0.009615384615384616 0.007211538461538462
2 0.6778846153846154 0.25600961538461536 0.009615384615384616 0.007211538461538462
2 0.6935096153846154 0.33052884615384615 0.01201923076923077 0.007211538461538462
2 0.6947115384615384 0.33533653846153844 0.009615384615384616 0.007211538461538462
2 0.6971153846153846 0.3449519230769231 0.009615384615384616 0.007211538461538462
2 0.7043269230769231 0.3713942307692308 0.009615384615384616 0.007211538461538462
2 0.7019230769230769 0.2512019230769231 0.009615384615384616 0.007211538461538462
1 0.7331730769230769 0.4423076923076923 0.009615384615384616 0.009615384615384616
1 0.7307692307692307 0.43028846153846156 0.009615384615384616 0.009615384615384616
1 0.7355769230769231 0.4495192307692308 0.009615384615384616 0.009615384615384616
1 0.7379807692307693 0.45913461538461536 0.009615384615384616 0.009615384615384616
1 0.7403846153846154 0.47115384615384615 0.009615384615384616 0.009615384615384616
1 0.7403846153846154 0.4807692307692308 0.009615384615384616 0.009615384615384616
1 0.7427884615384616 0.4855769230769231 0.009615384615384616 0.009615384615384616
1 0.7451923076923077 0.4987980769230769 0.009615384615384616 0.007211538461538462
1 0.7475961538461539 0.5144230769230769 0.009615384615384616 0.009615384615384616
1 0.7115384615384616 0.24879807692307693 0.009615384615384616 0.007211538461538462
1 0.71875 0.24759615384615385 0.009615384615384616 0.004807692307692308
1 0.7307692307692307 0.23798076923076922 0.009615384615384616 0.009615384615384616
2 0.7536057692307693 0.23677884615384615 0.01201923076923077 0.007211538461538462
2 0.7548076923076923 0.23197115384615385 0.009615384615384616 0.007211538461538462
1 0.22115384615384615 0.33052884615384615 0.009615384615384616 0.007211538461538462
1 0.28846153846153844 0.6201923076923077 0.009615384615384616 0.009615384615384616
1 0.2644230769230769 0.46875 0.009615384615384616 0.009615384615384616
1 0.25240384615384615 0.3918269230769231 0.009615384615384616 0.009615384615384616
1 0.24759615384615385 0.3449519230769231 0.009615384615384616 0.007211538461538462
1 0.2644230769230769 0.4495192307692308 0.009615384615384616 0.009615384615384616
1 0.27163461538461536 0.4831730769230769 0.009615384615384616 0.009615384615384616
1 0.2764423076923077 0.5 0.009615384615384616 0.009615384615384616
1 0.27884615384615385 0.5168269230769231 0.009615384615384616 0.009615384615384616
1 0.28125 0.5288461538461539 0.009615384615384616 0.009615384615384616
1 0.28365384615384615 0.5408653846153846 0.009615384615384616 0.009615384615384616
1 0.28846153846153844 0.5600961538461539 0.009615384615384616 0.009615384615384616
1 0.29086538461538464 0.5120192307692307 0.009615384615384616 0.009615384615384616
1 0.29086538461538464 0.49038461538461536 0.009615384615384616 0.009615384615384616
1 0.3004807692307692 0.5408653846153846 0.009615384615384616 0.009615384615384616
