1 0.7043269230769231 0.3269230769230769 0.009615384615384616 0.009615384615384616
1 0.7115384615384616 0.2283653846153846 0.009615384615384616 0.009615384615384616
1 0.6706730769230769 0.4567307692307692 0.009615384615384616 0.009615384615384616
1 0.6754807692307693 0.43990384615384615 0.009615384615384616 0.009615384615384616
1 0.6682692307692307 0.47596153846153844 0.009615384615384616 0.009615384615384616
1 0.6730769230769231 0.4495192307692308 0.009615384615384616 0.009615384615384616
1 0.6682692307692307 0.4807692307692308 0.009615384615384616 0.009615384615384616
1 0.6995192307692307 0.22596153846153846 0.009615384615384616 0.009615384615384616
1 0.6802884615384616 0.31490384615384615 0.009615384615384616 0.009615384615384616
1 0.6610576923076923 0.4423076923076923 0.009615384615384616 0.009615384615384616
1 0.6586538461538461 0.4519230769230769 0.009615384615384616 0.009615384615384616
1 0.6706730769230769 0.31490384615384615 0.009615384615384616 0.009615384615384616
1 0.6442307692307693 0.49759615384615385 0.009615384615384616 0.009615384615384616
1 0.6442307692307693 0.5024038461538461 0.009615384615384616 0.009615384615384616
1 0.6394230769230769 0.5192307692307693 0.009615384615384616 0.009615384615384616
1 0.6418269230769231 0.5132211538461539 0.009615384615384616 0.007211538461538462
1 0.6334134615384616 0.5733173076923077 0.01201923076923077 0.01201923076923077
1 0.6322115384615384 0.5817307692307693 0.009615384615384616 0.009615384615384616
2 0.6778846153846154 0.22596153846153846 0.004807692307692308 0.004807692307692308
2 0.6538461538461539 0.3629807692307692 0.004807692307692308 0.004807692307692308
1 0.6586538461538461 0.3125 0.009615384615384616 0.009615384615384616
2 0.6466346153846154 0.35336538461538464 0.004807692307692308 0.004807692307692308
2 0.6418269230769231 0.35336538461538464 0.004807692307692308 0.004807692307692308
1 0.6225961538461539 0.47836538461538464 0.009615384615384616 0.009615384615384616
1 0.6105769230769231 0.47836538461538464 0.009615384615384616 0.009615384615384616
2 0.5877403846153846 0.6033653846153846 0.036057692307692304 0.03365384615384615
1 0.6009615384615384 0.47596153846153844 0.009615384615384616 0.009615384615384616
1 0.5889423076923077 0.4735576923076923 0.009615384615384616 0.009615384615384616
1 0.578125 0.4735576923076923 0.01201923076923077 0.009615384615384616
1 0.5673076923076923 0.47115384615384615 0.009615384615384616 0.009615384615384616
1 0.5576923076923077 0.46875 0.009615384615384616 0.009615384615384616
1 0.5745192307692307 0.27884615384615385 0.009615384615384616 0.009615384615384616
1 0.5456730769230769 0.46875 0.009615384615384616 0.009615384615384616
1 0.5769230769230769 0.2403846153846154 0.009615384615384616 0.009615384615384616
1 0.5576923076923077 0.3269230769230769 0.009615384615384616 0.009615384615384616
1 0.5552884615384616 0.33774038461538464 0.009615384615384616 0.007211538461538462
1 0.5336538461538461 0.4675480769230769 0.009615384615384616 0.007211538461538462
1 0.5625 0.23798076923076922 0.009615384615384616 0.009615384615384616
1 0.5432692307692307 0.34615384615384615 0.009615384615384616 0.009615384615384616
1 0.5420673076923077 0.35336538461538464 0.01201923076923077 0.009615384615384616
1 0.5228365384615384 0.4651442307692308 0.01201923076923077 0.007211538461538462
1 0.5336538461538461 0.34615384615384615 0.009615384615384616 0.009615384615384616
1 0.53125 0.35336538461538464 0.009615384615384616 0.009615384615384616
1 0.5144230769230769 0.46274038461538464 0.009615384615384616 0.007211538461538462
1 0.5024038461538461 0.46153846153846156 0.009615384615384616 0.009615384615384616
1 0.49158653846153844 0.45913461538461536 0.01201923076923077 0.009615384615384616
1 0.5072115384615384 0.35336538461538464 0.009615384615384616 0.009615384615384616
1 0.4807692307692308 0.4567307692307692 0.009615384615384616 0.009615384615384616
2 0.4855769230769231 0.3581730769230769 0.004807692307692308 0.004807692307692308
1 0.47115384615384615 0.45552884615384615 0.009615384615384616 0.007211538461538462
1 0.49278846153846156 0.2668269230769231 0.009615384615384616 0.009615384615384616
2 0.4735576923076923 0.37740384615384615 0.004807692307692308 0.004807692307692308
1 0.46153846153846156 0.46153846153846156 0.009615384615384616 0.009615384615384616
1 0.4519230769230769 0.49038461538461536 0.009615384615384616 0.009615384615384616
1 0.4519230769230769 0.4831730769230769 0.009615384615384616 0.009615384615384616
1 0.4519230769230769 0.46153846153846156 0.009615384615384616 0.009615384615384616
1 0.44471153846153844 0.4951923076923077 0.009615384615384616 0.009615384615384616
2 0.4326923076923077 0.5300480769230769 0.009615384615384616 0.007211538461538462
2 0.4230769230769231 0.5829326923076923 0.028846153846153848 0.03125
1 0.46634615384615385 0.22355769230769232 0.009615384615384616 0.009615384615384616
1 0.4495192307692308 0.22115384615384615 0.009615384615384616 0.009615384615384616
1 0.38221153846153844 0.5048076923076923 0.009615384615384616 0.009615384615384616
2 0.4206730769230769 0.17548076923076922 0.004807692307692308 0.004807692307692308
2 0.3918269230769231 0.3485576923076923 0.004807692307692308 0.004807692307692308
2 0.36778846153846156 0.5084134615384616 0.009615384615384616 0.007211538461538462
2 0.36778846153846156 0.515625 0.009615384615384616 0.007211538461538462
2 0.36778846153846156 0.5132211538461539 0.009615384615384616 0.007211538461538462
2 0.36778846153846156 0.5204326923076923 0.009615384615384616 0.007211538461538462
2 0.3701923076923077 0.4951923076923077 0.004807692307692308 0.004807692307692308
2 0.3870192307692308 0.35216346153846156 0.009615384615384616 0.007211538461538462
2 0.38461538461538464 0.34615384615384615 0.004807692307692308 0.004807692307692308
2 0.38221153846153844 0.3629807692307692 0.004807692307692308 0.004807692307692308
2 0.38461538461538464 0.3557692307692308 0.004807692307692308 0.004807692307692308
2 0.3629807692307692 0.49399038461538464 0.004807692307692308 0.007211538461538462
2 0.4014423076923077 0.17307692307692307 0.004807692307692308 0.004807692307692308
1 0.375 0.34375 0.009615384615384616 0.009615384615384616
1 0.375 0.3545673076923077 0.009615384615384616 0.007211538461538462
0 0.37259615384615385 0.3605769230769231 0.009615384615384616 0.009615384615384616
1 0.37740384615384615 0.33653846153846156 0.009615384615384616 0.009615384615384616
2 0.3701923076923077 0.375 0.009615384615384616 0.004807692307692308
1 0.3629807692307692 0.4206730769230769 0.009615384615384616 0.009615384615384616
1 0.3581730769230769 0.4495192307692308 0.009615384615384616 0.009615384615384616
1 0.3605769230769231 0.43509615384615385 0.009615384615384616 0.009615384615384616
1 0.3557692307692308 0.47115384615384615 0.009615384615384616 0.009615384615384616
2 0.3605769230769231 0.4014423076923077 0.009615384615384616 0.004807692307692308
2 0.3605769230769231 0.4050480769230769 0.009615384615384616 0.007211538461538462
2 0.3485576923076923 0.390625 0.009615384615384616 0.007211538461538462
2 0.3317307692307692 0.5084134615384616 0.009615384615384616 0.007211538461538462
2 0.33653846153846156 0.3954326923076923 0.009615384615384616 0.007211538461538462
2 0.33653846153846156 0.39302884615384615 0.009615384615384616 0.007211538461538462
2 0.33653846153846156 0.39783653846153844 0.009615384615384616 0.007211538461538462
2 0.33653846153846156 0.4026442307692308 0.009615384615384616 0.007211538461538462
1 0.8100961538461539 0.3713942307692308 0.009615384615384616 0.007211538461538462
2 0.7788461538461539 0.5841346153846154 0.004807692307692308 0.004807692307692308
1 0.8076923076923077 0.3629807692307692 0.009615384615384616 0.009615384615384616
1 0.7980769230769231 0.36899038461538464 0.009615384615384616 0.007211538461538462
0 0.7644230769230769 0.5829326923076923 0.009615384615384616 0.007211538461538462
1 0.7644230769230769 0.5889423076923077 0.009615384615384616 0.009615384615384616
0 0.7572115384615384 0.6298076923076923 0.009615384615384616 0.009615384615384616
1 0.7572115384615384 0.6225961538461539 0.009615384615384616 0.009615384615384616
1 0.7956730769230769 0.3605769230769231 0.009615384615384616 0.009615384615384616
1 0.7451923076923077 0.5793269230769231 0.009615384615384616 0.009615384615384616
1 0.7355769230769231 0.5432692307692307 0.009615384615384616 0.009615384615384616
1 0.7524038461538461 0.38461538461538464 0.009615384615384616 0.009615384615384616
1 0.7524038461538461 0.3918269230769231 0.009615384615384616 0.009615384615384616
1 0.75 0.4110576923076923 0.009615384615384616 0.009615384615384616
1 0.7524038461538461 0.4014423076923077 0.009615384615384616 0.009615384615384616
1 0.7331730769230769 0.47115384615384615 0.009615384615384616 0.009615384615384616
1 0.7331730769230769 0.47836538461538464 0.009615384615384616 0.009615384615384616
2 0.7115384615384616 0.6225961538461539 0.004807692307692308 0.004807692307692308
2 0.7548076923076923 0.2848557692307692 0.009615384615384616 0.007211538461538462
2 0.7548076923076923 0.28725961538461536 0.009615384615384616 0.007211538461538462
