0 0.3893060064935065 0.35045731707317074 0.010349025974025974 0.013109756097560975
1 0.5737621753246753 0.35472560975609757 0.0038555194805194805 0.010670731707317074
0 0.4054383116883117 0.36341463414634145 0.011363636363636364 0.01768292682926829
0 0.3867694805194805 0.36859756097560975 0.010551948051948052 0.015853658536585366
1 0.41812094155844154 0.37682926829268293 0.0038555194805194805 0.00975609756097561
0 0.3430397727272727 0.39466463414634145 0.009943181818181818 0.014939024390243902
0 0.3882913961038961 0.3986280487804878 0.01075487012987013 0.01676829268292683
2 0.4044237012987013 0.4094512195121951 0.015827922077922076 0.03475609756097561
0 0.4153814935064935 0.44146341463414634 0.010551948051948052 0.011585365853658536
1 0.3703327922077922 0.4452743902439024 0.004058441558441558 0.010060975609756098
1 0.3744926948051948 0.4457317073170732 0.0038555194805194805 0.009146341463414634
0 0.413961038961039 0.4551829268292683 0.010551948051948052 0.01402439024390244
1 0.5853287337662337 0.45914634146341465 0.007102272727272727 0.003658536585365854
1 0.5856331168831169 0.46448170731707317 0.007305194805194805 0.005792682926829268
1 0.385450487012987 0.4714939024390244 0.007913961038961038 0.0064024390243902435
1 0.5914163961038961 0.4785060975609756 0.013189935064935064 0.01676829268292683
1 0.38524756493506496 0.4788109756097561 0.007508116883116883 0.005182926829268293
2 0.5036525974025974 0.4847560975609756 0.01461038961038961 0.023170731707317073
1 0.5734577922077922 0.4853658536585366 0.010146103896103896 0.015853658536585366
1 0.385349025974026 0.48567073170731706 0.007305194805194805 0.006097560975609756
1 0.5309456168831169 0.4989329268292683 0.010349025974025974 0.014329268292682927
1 0.6157670454545454 0.5009146341463414 0.0038555194805194805 0.010365853658536586
1 0.6045048701298701 0.5024390243902439 0.007305194805194805 0.00548780487804878
1 0.604099025974026 0.5086890243902439 0.006899350649350649 0.004573170731707317
1 0.41497564935064934 0.511890243902439 0.012175324675324676 0.007317073170731708
0 0.43577516233766234 0.5370426829268292 0.010349025974025974 0.013109756097560975
1 0.41436688311688313 0.5583841463414634 0.003246753246753247 0.011890243902439025
1 0.3893060064935065 0.5652439024390243 0.007508116883116883 0.00548780487804878
1 0.3939732142857143 0.5721036585365854 0.007102272727272727 0.005182926829268293
1 0.6831371753246753 0.5727134146341464 0.004261363636363636 0.010060975609756098
0 0.4906351461038961 0.5996112804878049 0.01617288961038961 0.02971036585365854
0 0.4288758116883117 0.6028963414634146 0.011566558441558442 0.015548780487804878
1 0.3601866883116883 0.6041158536585366 0.007711038961038961 0.0064024390243902435
0 0.44308035714285715 0.6106707317073171 0.011972402597402598 0.018902439024390243
0 0.4828530844155844 0.6417682926829268 0.012378246753246754 0.01707317073170732
0 0.43262987012987014 0.6486280487804879 0.008522727272727272 0.0125
0 0.4484577922077922 0.6507621951219512 0.010957792207792208 0.014939024390243902
