2 0.6862980769230769 0.24639423076923078 0.007211538461538462 0.002403846153846154
2 0.6802884615384616 0.20673076923076922 0.009615384615384616 0.004807692307692308
2 0.6730769230769231 0.24759615384615385 0.009615384615384616 0.004807692307692308
2 0.6322115384615384 0.19951923076923078 0.004807692307692308 0.004807692307692308
2 0.6298076923076923 0.48677884615384615 0.009615384615384616 0.002403846153846154
2 0.6298076923076923 0.42788461538461536 0.004807692307692308 0.004807692307692308
2 0.625 0.42788461538461536 0.004807692307692308 0.004807692307692308
2 0.6033653846153846 0.23317307692307693 0.004807692307692308 0.004807692307692308
2 0.5588942307692307 0.203125 0.007211538461538462 0.002403846153846154
2 0.5588942307692307 0.20072115384615385 0.007211538461538462 0.002403846153846154
2 0.5576923076923077 0.20552884615384615 0.009615384615384616 0.002403846153846154
2 0.5576923076923077 0.21033653846153846 0.009615384615384616 0.002403846153846154
2 0.5588942307692307 0.20793269230769232 0.007211538461538462 0.002403846153846154
2 0.5588942307692307 0.19831730769230768 0.007211538461538462 0.002403846153846154
2 0.38221153846153844 0.4182692307692308 0.014423076923076924 0.004807692307692308
2 0.3701923076923077 0.33413461538461536 0.009615384615384616 0.004807692307692308
2 0.3701923076923077 0.33653846153846156 0.009615384615384616 0.004807692307692308
2 0.3245192307692308 0.2764423076923077 0.03365384615384615 0.028846153846153848
2 0.30649038461538464 0.5637019230769231 0.007211538461538462 0.002403846153846154
2 0.3004807692307692 0.5625 0.004807692307692308 0.004807692307692308
2 0.28846153846153844 0.2764423076923077 0.03365384615384615 0.028846153846153848
2 0.22235576923076922 0.27403846153846156 0.03125 0.028846153846153848
2 0.18028846153846154 0.22596153846153846 0.004807692307692308 0.004807692307692308
2 0.17548076923076922 0.22596153846153846 0.004807692307692308 0.004807692307692308
2 0.17307692307692307 0.22596153846153846 0.004807692307692308 0.004807692307692308
2 0.16826923076923078 0.22596153846153846 0.004807692307692308 0.004807692307692308
2 0.16105769230769232 0.22115384615384615 0.009615384615384616 0.004807692307692308
