1 0.5913461538461539 0.5612980769230769 0.014423076923076924 0.007211538461538462
2 0.5685096153846154 0.6478365384615384 0.03125 0.026442307692307692
2 0.5649038461538461 0.6742788461538461 0.028846153846153848 0.026442307692307692
1 0.5697115384615384 0.5673076923076923 0.009615384615384616 0.009615384615384616
1 0.5697115384615384 0.5793269230769231 0.009615384615384616 0.009615384615384616
1 0.5673076923076923 0.5865384615384616 0.009615384615384616 0.009615384615384616
1 0.5673076923076923 0.5961538461538461 0.009615384615384616 0.009615384615384616
2 0.5745192307692307 0.43509615384615385 0.038461538461538464 0.019230769230769232
2 0.5709134615384616 0.453125 0.036057692307692304 0.016826923076923076
1 0.5384615384615384 0.5564903846153846 0.014423076923076924 0.007211538461538462
2 0.5144230769230769 0.6887019230769231 0.004807692307692308 0.002403846153846154
1 0.5252403846153846 0.5552884615384616 0.01201923076923077 0.009615384615384616
1 0.5144230769230769 0.5540865384615384 0.009615384615384616 0.007211538461538462
2 0.5204326923076923 0.43028846153846156 0.040865384615384616 0.019230769230769232
1 0.5024038461538461 0.5528846153846154 0.014423076923076924 0.009615384615384616
1 0.5 0.5649038461538461 0.009615384615384616 0.009615384615384616
1 0.49759615384615385 0.5817307692307693 0.009615384615384616 0.009615384615384616
1 0.5 0.5733173076923077 0.009615384615384616 0.007211538461538462
1 0.47596153846153844 0.5516826923076923 0.009615384615384616 0.007211538461538462
2 0.47596153846153844 0.5240384615384616 0.004807692307692308 0.004807692307692308
2 0.3918269230769231 0.5408653846153846 0.004807692307692308 0.004807692307692308
2 0.3870192307692308 0.5877403846153846 0.004807692307692308 0.007211538461538462
