1 0.6850961538461539 0.27884615384615385 0.009615384615384616 0.004807692307692308
1 0.6730769230769231 0.27884615384615385 0.009615384615384616 0.004807692307692308
1 0.6634615384615384 0.2764423076923077 0.009615384615384616 0.004807692307692308
1 0.6225961538461539 0.45072115384615385 0.009615384615384616 0.007211538461538462
1 0.6201923076923077 0.4795673076923077 0.009615384615384616 0.007211538461538462
1 0.6225961538461539 0.4579326923076923 0.009615384615384616 0.007211538461538462
1 0.6201923076923077 0.4651442307692308 0.009615384615384616 0.007211538461538462
1 0.6201923076923077 0.4723557692307692 0.009615384615384616 0.007211538461538462
1 0.6225961538461539 0.4579326923076923 0.009615384615384616 0.007211538461538462
1 0.6177884615384616 0.49399038461538464 0.009615384615384616 0.007211538461538462
1 0.6177884615384616 0.48677884615384615 0.009615384615384616 0.007211538461538462
1 0.6153846153846154 0.5180288461538461 0.009615384615384616 0.007211538461538462
1 0.6129807692307693 0.5276442307692307 0.009615384615384616 0.007211538461538462
1 0.6153846153846154 0.5108173076923077 0.009615384615384616 0.007211538461538462
1 0.6129807692307693 0.5516826923076923 0.009615384615384616 0.007211538461538462
1 0.6105769230769231 0.5444711538461539 0.009615384615384616 0.007211538461538462
1 0.6105769230769231 0.5637019230769231 0.009615384615384616 0.007211538461538462
1 0.6033653846153846 0.6189903846153846 0.009615384615384616 0.007211538461538462
1 0.6009615384615384 0.6430288461538461 0.009615384615384616 0.007211538461538462
1 0.6033653846153846 0.6358173076923077 0.009615384615384616 0.007211538461538462
1 0.6033653846153846 0.6117788461538461 0.009615384615384616 0.007211538461538462
1 0.6346153846153846 0.2776442307692308 0.009615384615384616 0.007211538461538462
1 0.6033653846153846 0.6286057692307693 0.009615384615384616 0.007211538461538462
1 0.5264423076923077 0.5588942307692307 0.009615384615384616 0.007211538461538462
1 0.5240384615384616 0.5709134615384616 0.009615384615384616 0.007211538461538462
1 0.5216346153846154 0.5829326923076923 0.009615384615384616 0.007211538461538462
1 0.5192307692307693 0.19471153846153846 0.009615384615384616 0.004807692307692308
1 0.5096153846153846 0.2283653846153846 0.009615384615384616 0.004807692307692308
1 0.49278846153846156 0.2620192307692308 0.009615384615384616 0.004807692307692308
2 0.40625 0.5805288461538461 0.014423076923076924 0.007211538461538462
2 0.40625 0.5757211538461539 0.014423076923076924 0.007211538461538462
2 0.4326923076923077 0.18509615384615385 0.004807692307692308 0.009615384615384616
1 0.41346153846153844 0.35096153846153844 0.009615384615384616 0.004807692307692308
1 0.38461538461538464 0.5733173076923077 0.009615384615384616 0.007211538461538462
1 0.3798076923076923 0.4411057692307692 0.009615384615384616 0.007211538461538462
1 0.37740384615384615 0.4495192307692308 0.009615384615384616 0.004807692307692308
1 0.3701923076923077 0.43028846153846156 0.009615384615384616 0.004807692307692308
1 0.35096153846153844 0.42788461538461536 0.009615384615384616 0.004807692307692308
1 0.34375 0.32572115384615385 0.009615384615384616 0.007211538461538462
1 0.3317307692307692 0.453125 0.009615384615384616 0.007211538461538462
1 0.3293269230769231 0.46033653846153844 0.009615384615384616 0.007211538461538462
1 0.34134615384615385 0.2620192307692308 0.009615384615384616 0.004807692307692308
1 0.3088942307692308 0.59375 0.016826923076923076 0.014423076923076924
1 0.30288461538461536 0.640625 0.009615384615384616 0.007211538461538462
1 0.3173076923076923 0.40384615384615385 0.009615384615384616 0.004807692307692308
1 0.3173076923076923 0.4110576923076923 0.009615384615384616 0.004807692307692308
1 0.3317307692307692 0.25961538461538464 0.009615384615384616 0.004807692307692308
1 0.30528846153846156 0.5024038461538461 0.009615384615384616 0.004807692307692308
1 0.30288461538461536 0.5240384615384616 0.009615384615384616 0.004807692307692308
1 0.30288461538461536 0.515625 0.009615384615384616 0.007211538461538462
1 0.3004807692307692 0.5396634615384616 0.009615384615384616 0.007211538461538462
1 0.3076923076923077 0.39663461538461536 0.009615384615384616 0.004807692307692308
1 0.3076923076923077 0.4110576923076923 0.009615384615384616 0.004807692307692308
1 0.7379807692307693 0.3016826923076923 0.009615384615384616 0.007211538461538462
1 0.7403846153846154 0.2932692307692308 0.009615384615384616 0.004807692307692308
1 0.7091346153846154 0.4483173076923077 0.009615384615384616 0.007211538461538462
1 0.7067307692307693 0.45552884615384615 0.009615384615384616 0.007211538461538462
1 0.7067307692307693 0.46274038461538464 0.009615384615384616 0.007211538461538462
1 0.7019230769230769 0.5252403846153846 0.009615384615384616 0.007211538461538462
1 0.7019230769230769 0.5036057692307693 0.009615384615384616 0.007211538461538462
1 0.7043269230769231 0.484375 0.009615384615384616 0.007211538461538462
1 0.7043269230769231 0.47716346153846156 0.009615384615384616 0.007211538461538462
1 0.7067307692307693 0.4699519230769231 0.009615384615384616 0.007211538461538462
1 0.6995192307692307 0.5420673076923077 0.009615384615384616 0.007211538461538462
1 0.6971153846153846 0.5348557692307693 0.009615384615384616 0.007211538461538462
1 0.6947115384615384 0.5745192307692307 0.009615384615384616 0.004807692307692308
1 0.6947115384615384 0.5612980769230769 0.009615384615384616 0.007211538461538462
1 0.6923076923076923 0.5853365384615384 0.009615384615384616 0.007211538461538462
1 0.6971153846153846 0.5552884615384616 0.009615384615384616 0.009615384615384616
1 0.6923076923076923 0.6021634615384616 0.009615384615384616 0.007211538461538462
1 0.6923076923076923 0.5961538461538461 0.009615384615384616 0.004807692307692308
1 0.6899038461538461 0.6237980769230769 0.009615384615384616 0.007211538461538462
1 0.6899038461538461 0.6141826923076923 0.009615384615384616 0.007211538461538462
1 0.6875 0.6310096153846154 0.009615384615384616 0.007211538461538462
1 0.6875 0.6454326923076923 0.009615384615384616 0.007211538461538462
1 0.6875 0.6382211538461539 0.009615384615384616 0.007211538461538462
