0 0.7556858766233766 0.3054435975609756 0.007719155844155844 0.004789634146341463
0 0.7985125811688312 0.3059618902439024 0.00692775974025974 0.0046067073170731705
1 0.6999746347402597 0.30798323170731706 0.005874594155844156 0.0049908536585365855
0 0.40775974025974027 0.3089359756097561 0.012759740259740261 0.019701219512195122
0 0.7559354707792207 0.3103932926829268 0.0078125 0.004932926829268293
1 0.7990300324675325 0.3116875 0.006339285714285714 0.005692073170731708
1 0.700161323051948 0.3127560975609756 0.005842126623376623 0.005390243902439024
1 0.6956249999999999 0.3134253048780488 0.0032629870129870127 0.009167682926829268
1 0.7556716720779221 0.315625 0.006473214285714285 0.005640243902439024
1 0.7076998782467533 0.3166814024390244 0.006308847402597403 0.005314024390243902
1 0.7989539366883117 0.31714329268292685 0.006187094155844156 0.0056280487804878055
1 0.7557964691558442 0.3209740853658537 0.006316964285714285 0.00536280487804878
1 0.7991680194805195 0.3222134146341463 0.006209415584415585 0.0054024390243902435
0 0.41026176948051946 0.3253612804878049 0.00802353896103896 0.013527439024390244
1 0.7560318587662338 0.3266478658536585 0.005570211038961039 0.005124999999999999
1 0.5074096996753247 0.3324496951219512 0.006296672077922078 0.0051432926829268295
1 0.5000720373376624 0.3323643292682927 0.006231737012987014 0.004972560975609755
1 0.7324472402597403 0.3339939024390244 0.03429383116883117 0.07042682926829268
0 0.755997362012987 0.33469664634146346 0.007936282467532467 0.00536890243902439
1 0.5609841720779222 0.3365990853658537 0.003461850649350649 0.009783536585365855
0 0.5575030438311688 0.3368079268292683 0.003804788961038961 0.012030487804878049
1 0.554002637987013 0.33732621951219516 0.0028916396103896105 0.009408536585365853
0 0.7084993912337663 0.33761280487804873 0.007096185064935065 0.00449390243902439
0 0.4362895698051948 0.3408734756097561 0.01705965909090909 0.026259146341463414
0 0.4724299918831169 0.34178353658536587 0.0033015422077922077 0.010396341463414635
0 0.4554301948051948 0.34198323170731704 0.020032467532467534 0.02360060975609756
0 0.46889001623376625 0.34227439024390244 0.003526785714285714 0.01076829268292683
0 0.41804687500000004 0.3427835365853658 0.01953530844155844 0.02946951219512195
0 0.3994439935064935 0.34727743902439023 0.020073051948051947 0.028701219512195123
1 0.5634344561688311 0.3507225609756097 0.003492288961038961 0.009371951219512195
1 0.7561454951298701 0.3571234756097561 0.0062033279220779225 0.005100609756097561
0 0.5124239042207792 0.3591829268292683 0.00252637987012987 0.00921951219512195
0 0.5299117288961039 0.3599588414634146 0.0038169642857142855 0.010161585365853657
1 0.7878338068181818 0.35990853658536587 0.006268262987012987 0.005182926829268293
0 0.7797179383116882 0.35998018292682926 0.007081980519480519 0.004716463414634146
0 0.4336617288961039 0.3602667682926829 0.0032812500000000003 0.010167682926829269
0 0.4948965097402597 0.3604146341463415 0.003185876623376623 0.011682926829268293
0 0.601286525974026 0.3606356707317073 0.009391233766233766 0.011515243902439026
0 0.6109496753246754 0.36103201219512193 0.009642857142857144 0.011698170731707317
2 0.7966396103896104 0.36127134146341466 0.0064285714285714285 0.005469512195121952
0 0.807583198051948 0.361265243902439 0.006400162337662337 0.004847560975609756
0 0.7688240665584415 0.3613765243902439 0.005992288961038961 0.0050701219512195115
0 0.6729261363636363 0.3624009146341463 0.009813311688311689 0.011996951219512195
0 0.6655407873376623 0.36257926829268294 0.0055945616883116885 0.005646341463414634
0 0.779963474025974 0.3655579268292683 0.0067613636363636365 0.0055060975609756094
0 0.7878581574675325 0.3655655487804878 0.007534496753246754 0.0049115853658536586
0 0.690221185064935 0.3674314024390244 0.02086444805194805 0.033643292682926824
0 0.6412794237012986 0.3678658536585366 0.006990665584415585 0.004634146341463414
0 0.6662012987012987 0.3681539634146342 0.00650974025974026 0.004600609756097561
2 0.6575507305194805 0.3683368902439024 0.0062540584415584416 0.004966463414634146
0 0.7690097402597402 0.368547256097561 0.005957792207792208 0.00538719512195122
1 0.6046570616883117 0.36873932926829267 0.005986201298701299 0.003942073170731707
0 0.4288017451298702 0.36891463414634146 0.006954139610389611 0.004902439024390243
1 0.597624797077922 0.3690198170731707 0.0057203733766233765 0.0045030487804878045
1 0.6503388798701298 0.37351524390243906 0.006034902597402597 0.006176829268292683
0 0.6046438717532467 0.37381859756097563 0.00677150974025974 0.004344512195121952
0 0.5976521915584415 0.3738399390243902 0.00658685064935065 0.004996951219512195
1 0.4288179788961039 0.37468445121951216 0.006580762987012987 0.005466463414634146
0 0.728658685064935 0.3746371951219512 0.006424512987012987 0.004762195121951219
1 0.6583806818181818 0.37482012195121955 0.00588474025974026 0.005128048780487805
1 0.6351978490259741 0.3746935975609756 0.006191152597402598 0.005484756097560975
2 0.6654443993506494 0.3748856707317073 0.006213474025974026 0.005259146341463415
0 0.7692035308441559 0.37509756097560976 0.005939529220779221 0.005073170731707317
0 0.4012023133116883 0.37510365853658534 0.01750202922077922 0.026426829268292686
0 0.6741446834415584 0.37661585365853656 0.009409496753246753 0.012987804878048782
0 0.6438260957792208 0.37682164634146337 0.009243100649350649 0.010960365853658538
0 0.6046732954545454 0.37798170731707315 0.006830357142857142 0.00474390243902439
0 0.5975740665584415 0.37824237804878047 0.0064306006493506495 0.004655487804878049
0 0.42878551136363635 0.3798201219512195 0.006921672077922078 0.0053719512195121956
1 0.6583086444805195 0.38013871951219513 0.00614650974025974 0.004789634146341463
0 0.6269277597402597 0.3803170731707317 0.006696428571428571 0.0051463414634146335
1 0.635143060064935 0.3803368902439025 0.006081574675324675 0.005185975609756098
2 0.6655600649350649 0.38135670731707316 0.006038961038961039 0.005396341463414634
0 0.7694460227272727 0.38175000000000003 0.006424512987012987 0.0049634146341463415
0 0.6515219155844155 0.38247560975609757 0.007183441558441558 0.010682926829268292
0 0.604856939935065 0.38302439024390245 0.006791801948051948 0.005073170731707317
0 0.5975700081168831 0.3830640243902439 0.007234172077922077 0.004542682926829268
0 0.573612012987013 0.3843323170731707 0.003961038961038961 0.011347560975609756
0 0.5442755681818182 0.38495731707317077 0.003729707792207792 0.011378048780487805
1 0.4287702922077922 0.38516463414634144 0.006079545454545455 0.005085365853658537
1 0.658544034090909 0.3854786585365853 0.006211444805194805 0.005103658536585365
0 0.6421580762987013 0.38567682926829266 0.007124594155844156 0.004280487804878048
0 0.6349847808441559 0.385780487804878 0.007388392857142856 0.005097560975609755
1 0.6865543831168831 0.38777286585365855 0.0062256493506493505 0.004814024390243902
1 0.7702100243506493 0.38840243902439026 0.0059232954545454545 0.004853658536585366
0 0.7340980113636364 0.3889542682926829 0.006751217532467533 0.004128048780487804
1 0.7617278814935065 0.3890746951219512 0.0031635551948051947 0.004978658536585365
1 0.7250273944805194 0.3893170731707317 0.004437905844155844 0.004853658536585366
1 0.4287297077922078 0.3906661585365854 0.0059983766233766235 0.005112804878048781
0 0.6420616883116883 0.39138567073170727 0.00814935064935065 0.005332317073170731
1 0.7701065340909091 0.3938384146341463 0.005716314935064935 0.00475
1 0.761635551948052 0.3941189024390244 0.002978896103896104 0.004701219512195122
1 0.7250791396103896 0.39461890243902437 0.004541396103896104 0.0050914634146341465
1 0.4287621753246753 0.3960198170731707 0.006063311688311688 0.005454268292682927
1 0.6423275162337662 0.39788262195121954 0.005840097402597403 0.005521341463414634
0 0.5605905032467533 0.3994984756097561 0.0034862012987012985 0.011192073170731707
0 0.5443334009740259 0.39942682926829265 0.0030336850649350646 0.010439024390243903
2 0.4106371753246753 0.4006920731707317 0.028254870129870133 0.030652439024390247
1 0.42872159090909084 0.4012759146341463 0.005982142857142857 0.0049908536585365855
0 0.6571732954545455 0.4025030487804878 0.018892045454545453 0.03000609756097561
1 0.6421895292207792 0.40348170731707317 0.005969967532467533 0.005134146341463415
1 0.4289316152597403 0.4069969512195122 0.005996347402597402 0.004847560975609756
1 0.6424441964285714 0.4087317073170732 0.0068851461038961035 0.00526829268292683
0 0.7685998376623376 0.4109024390243902 0.015689935064935063 0.026682926829268292
1 0.42894784902597405 0.41244664634146344 0.006434659090909091 0.004771341463414634
0 0.642679586038961 0.4136859756097561 0.006950081168831169 0.0048109756097560975
0 0.5444206574675325 0.41591158536585365 0.003208198051948052 0.011091463414634148
0 0.42909395292207786 0.4180396341463415 0.006726866883116883 0.004981707317073171
0 0.6424878246753246 0.418125 0.006972402597402597 0.005762195121951219
0 0.6427242288961038 0.42284298780487806 0.007039366883116883 0.006051829268292683
1 0.6856006493506493 0.42284908536585364 0.004318181818181818 0.004844512195121951
1 0.42896408279220777 0.4232378048780488 0.006467126623376624 0.00501219512195122
0 0.8081726866883118 0.423405487804878 0.006767451298701299 0.005957317073170732
1 0.42097605519480524 0.42564939024390247 0.006318993506493507 0.004957317073170732
0 0.6616558441558441 0.4266173780487805 0.010811688311688312 0.013600609756097561
0 0.6425933441558441 0.4275655487804878 0.006777597402597402 0.005131097560975609
1 0.39558644480519484 0.4278551829268293 0.006270292207792207 0.005100609756097561
1 0.6854170048701299 0.42782774390243905 0.005168425324675325 0.005045731707317073
0 0.544705762987013 0.4283368902439024 0.002966720779220779 0.010332317073170732
1 0.8086972402597403 0.42877439024390246 0.006193181818181818 0.005109756097560976
1 0.4289559659090909 0.428859756097561 0.006045048701298701 0.005280487804878049
0 0.5561262175324676 0.42933536585365856 0.0034862012987012985 0.010499999999999999
0 0.8016741071428571 0.43094359756097556 0.011221590909090908 0.02286280487804878
1 0.5596438717532468 0.43213414634146347 0.0036221590909090912 0.009999999999999998
0 0.6426369724025974 0.43207926829268295 0.006864853896103896 0.005621951219512196
1 0.5044186282467533 0.4335106707317073 0.0068080357142857135 0.005435975609756097
0 0.45971387987012985 0.4338917682926829 0.0070900974025974025 0.004368902439024391
0 0.8085237418831169 0.4338658536585366 0.007063717532467533 0.004926829268292683
1 0.429020900974026 0.4342987804878049 0.006174918831168831 0.005182926829268293
0 0.493330965909091 0.43571951219512195 0.0037073863636363637 0.009853658536585366
0 0.4982731331168831 0.43578506097560976 0.0034456168831168833 0.009984756097560976
0 0.48101562500000006 0.4357606707317073 0.0030215097402597406 0.010545731707317074
0 0.4729038149350649 0.4359588414634146 0.0034375000000000005 0.010942073170731707
0 0.4892106331168831 0.43612347560975606 0.0031777597402597403 0.010051829268292683
0 0.4657051542207792 0.4360914634146342 0.003244724025974026 0.011207317073170731
0 0.4693952922077922 0.4360914634146342 0.002913961038961039 0.011207317073170731
0 0.48553571428571424 0.436157012195122 0.003133116883116883 0.011338414634146341
0 0.47664975649350644 0.43658536585365854 0.003218344155844156 0.01097560975609756
0 0.6428114853896104 0.4375609756097561 0.0072138798701298695 0.004999999999999999
0 0.5042288961038961 0.43921798780487803 0.0068344155844155844 0.005265243902439024
1 0.8087236201298701 0.439125 0.00705762987012987 0.005079268292682927
1 0.4291183035714286 0.43968902439024393 0.00596387987012987 0.005597560975609756
0 0.45995028409090916 0.4401493902439025 0.007157061688311689 0.0052987804878048776
0 0.6612043425324675 0.44144512195121954 0.010720373376623377 0.015207317073170733
0 0.6428185876623377 0.44281097560975613 0.006822240259740259 0.005134146341463415
0 0.5044490665584416 0.4441707317073171 0.007274756493506494 0.004804878048780488
1 0.429200487012987 0.44488414634146345 0.005722402597402598 0.00501219512195122
0 0.5626795860389611 0.4456417682926829 0.0032000811688311687 0.010795731707317072
1 0.5554991883116883 0.4456905487804878 0.003043831168831169 0.009064024390243902
1 0.5589062499999999 0.4460045731707317 0.002958603896103896 0.009692073170731707
0 0.4893496347402597 0.4469725609756097 0.010355113636363636 0.00675
0 0.6750903003246753 0.4471920731707317 0.016170860389610388 0.027310975609756098
0 0.47071124188311686 0.4474908536585366 0.007169237012987013 0.00473780487804878
0 0.45991172889610393 0.4476173780487805 0.006674107142857143 0.005600609756097562
1 0.7708989448051947 0.448015243902439 0.006489448051948052 0.004567073170731707
0 0.4797341720779221 0.44889329268292677 0.006952110389610389 0.005103658536585365
0 0.6446976461038961 0.4494344512195122 0.006521915584415584 0.004966463414634146
0 0.5446377840909091 0.45008841463414634 0.0036424512987012986 0.011152439024390243
1 0.42920758928571434 0.4504207317073171 0.006142451298701298 0.005109756097560976
0 0.5044267451298702 0.45116920731707316 0.006418425324675324 0.004777439024390244
1 0.7707041396103896 0.4533460365853658 0.0060998376623376625 0.0048628048780487805
0 0.6530073051948052 0.45378810975609757 0.006907467532467532 0.003917682926829268
0 0.48808543019480516 0.4539039634146342 0.007015016233766234 0.00536890243902439
0 0.47995637175324674 0.4541432926829268 0.006990665584415585 0.005237804878048781
1 0.46982244318181815 0.45421798780487804 0.0062033279220779225 0.004777439024390244
1 0.6463382711038962 0.4543201219512195 0.0057447240259740255 0.004981707317073171
0 0.6617015016233766 0.4557530487804878 0.010903003246753246 0.01577439024390244
0 0.4292796266233766 0.45591768292682927 0.007098214285714285 0.005128048780487805
0 0.5043384740259741 0.45772256097560976 0.007053571428571428 0.005079268292682927
0 0.47994521103896104 0.45960060975609757 0.006968344155844157 0.005176829268292683
1 0.4698386769480519 0.46090243902439026 0.005829951298701299 0.005341463414634146
0 0.42932021103896106 0.4612789634146341 0.007179383116883117 0.005484756097560975
0 0.4880367288961039 0.46192378048780486 0.007323457792207793 0.004945121951219512
0 0.504273538961039 0.4634710365853658 0.006923701298701298 0.0049908536585365855
0 0.6440533685064935 0.4637957317073171 0.007262581168831168 0.004420731707317073
0 0.6510795454545455 0.4636478658536586 0.006704545454545454 0.004125
0 0.48014813311688315 0.4650655487804878 0.006156655844155844 0.005740853658536585
0 0.5446996753246753 0.4649878048780488 0.00336038961038961 0.009853658536585366
0 0.42927252435064933 0.4666920731707317 0.006678165584415583 0.005335365853658537
0 0.6587297077922077 0.4674298780487805 0.0069886363636363635 0.004981707317073171
0 0.6512459415584416 0.46853506097560976 0.007037337662337662 0.004753048780487805
0 0.6440706168831168 0.4684527439024391 0.006079545454545455 0.004588414634146342
0 0.5045971996753247 0.46866006097560975 0.0071651785714285715 0.00439329268292683
0 0.4883756087662338 0.4704207317073171 0.006377840909090909 0.00425609756097561
0 0.4799614448051948 0.47090091463414635 0.006594967532467532 0.005216463414634146
1 0.4291670048701299 0.47216768292682926 0.006061282467532468 0.004701219512195122
0 0.5044267451298702 0.474125 0.006418425324675324 0.004957317073170732
0 0.6429291801948052 0.47539786585365856 0.006231737012987014 0.005673780487804878
0 0.47099634740259744 0.4760182926829268 0.00692775974025974 0.005085365853658537
0 0.4801207386363636 0.47598628048780484 0.007319399350649351 0.006240853658536585
1 0.4293536931818182 0.47693292682926824 0.006028814935064936 0.004475609756097561
0 0.46025974025974026 0.47753506097560977 0.0073701298701298705 0.004460365853658537
0 0.4880803571428572 0.4783185975609756 0.007410714285714286 0.005417682926829268
1 0.7986049107142857 0.4789024390243902 0.005489042207792208 0.00475609756097561
0 0.5043658685064935 0.4802378048780488 0.006702516233766234 0.004987804878048781
0 0.5447290990259741 0.4811722560975609 0.0030133928571428573 0.011125000000000001
0 0.47085430194805195 0.48149237804878053 0.007455357142857143 0.005057926829268293
1 0.4294835633116883 0.48152743902439027 0.005882711038961039 0.005128048780487805
0 0.4802140827922078 0.48162347560975605 0.007100243506493507 0.005320121951219512
1 0.7986586850649351 0.4840960365853659 0.005190746753246753 0.00538719512195122
0 0.46035815746753245 0.48435213414634143 0.006755275974025974 0.005289634146341464
0 0.4896235795454545 0.48497103658536583 0.010091314935064934 0.00713719512195122
0 0.5043009334415585 0.48521646341463415 0.007384334415584416 0.005189024390243903
0 0.5604342532467533 0.48584298780487806 0.006826298701298701 0.004612804878048781
0 0.48037236201298705 0.48656097560975614 0.00619926948051948 0.004829268292682927
0 0.4711931818181818 0.48667682926829264 0.00650974025974026 0.004451219512195122
0 0.4296205357142857 0.4867942073170732 0.006968344155844157 0.004685975609756097
0 0.4769419642857143 0.488484756097561 0.0009618506493506494 0.0001402439024390244
1 0.7985460633116883 0.4896875 0.004965503246753247 0.0043749999999999995
0 0.504705762987013 0.49070579268292686 0.006570616883116884 0.005192073170731708
0 0.4603033685064935 0.49091310975609753 0.006645698051948052 0.004996951219512195
0 0.42955661525974026 0.4913810975609756 0.006840503246753247 0.004713414634146341
0 0.6428977272727272 0.4918658536585366 0.007386363636363636 0.0056829268292682925
0 0.5445698051948051 0.4921448170731707 0.0026948051948051947 0.00989939024390244
0 0.5044044237012987 0.4960304878048781 0.007185470779220778 0.004865853658536585
1 0.42950791396103893 0.49613262195121954 0.005931412337662338 0.004460365853658537
0 0.46024857954545456 0.4965945121951219 0.007347808441558442 0.004774390243902439
1 0.6582051542207793 0.4976920731707317 0.005939529220779221 0.005140243902439025
0 0.6517684659090909 0.49775762195121953 0.007270698051948052 0.005271341463414634
0 0.49489143668831165 0.499390243902439 0.003581574675324675 0.00975609756097561
0 0.4985054788961039 0.4995228658536585 0.0030986201298701297 0.010021341463414633
0 0.4705712256493506 0.49959603658536583 0.002424918831168831 0.009557926829268292
0 0.48701603084415584 0.49959603658536583 0.0032528409090909092 0.009557926829268292
0 0.49135349025974023 0.49959603658536583 0.0025933441558441558 0.009557926829268292
0 0.47870941558441554 0.4997942073170732 0.0036850649350649353 0.009954268292682927
0 0.48226359577922073 0.4997942073170732 0.00348823051948052 0.009954268292682927
0 0.47519379058441563 0.49971951219512195 0.0031473214285714286 0.009195121951219512
1 0.4295809659090909 0.5006524390243903 0.006077516233766234 0.0049634146341463415
0 0.46049005681818184 0.5013978658536585 0.007019074675324676 0.005234756097560976
0 0.5044044237012987 0.501420731707317 0.007185470779220778 0.004670731707317073
1 0.6582680600649351 0.5024878048780488 0.006065340909090909 0.004975609756097561
0 0.6516741071428571 0.5028917682926829 0.007487824675324675 0.0051737804878048774
1 0.7351511769480519 0.5041935975609756 0.006422483766233766 0.005948170731707317
1 0.4294673295454545 0.5053475609756097 0.005850243506493506 0.005207317073170731
1 0.6187165178571429 0.5053109756097561 0.0061018668831168835 0.005134146341463415
0 0.5911810064935066 0.5058323170731708 0.0062256493506493505 0.004957317073170732
0 0.5766842532467533 0.5060442073170732 0.007264610389610389 0.004771341463414634
1 0.7263565340909092 0.5064893292682927 0.005472808441558442 0.005051829268292683
1 0.771226663961039 0.5085060975609756 0.006333198051948052 0.004817073170731707
0 0.4020982142857143 0.5084435975609756 0.02335227272727273 0.029082317073170733
0 0.544797077922078 0.5096829268292683 0.002743506493506493 0.009609756097560975
0 0.5632893668831168 0.5099253048780488 0.021059253246753246 0.02960670731707317
1 0.42952008928571433 0.5102865853658537 0.005955762987012988 0.005329268292682927
1 0.6267420860389611 0.5109969512195122 0.006730925324675325 0.005530487804878049
0 0.5913818993506493 0.5112408536585366 0.006627435064935064 0.005408536585365853
0 0.6185318587662337 0.5111859756097561 0.006950081168831169 0.0052987804878048776
1 0.5767035308441558 0.5121097560975609 0.006897321428571429 0.005926829268292683
1 0.7713676948051948 0.5157362804878048 0.005397727272727273 0.005253048780487805
0 0.6184770698051948 0.5159131097560975 0.006840503246753247 0.00438719512195122
1 0.6886201298701299 0.5163506097560976 0.004675324675324675 0.00526219512195122
0 0.626856737012987 0.5163323170731707 0.0065543831168831165 0.004615853658536585
1 0.5913159496753247 0.5165320121951219 0.00690137987012987 0.0050152439024390245
1 0.57708299512987 0.516842987804878 0.006844561688311688 0.006246951219512195
0 0.689104099025974 0.521077743902439 0.0056432629870129866 0.0043506097560975605
1 0.646140422077922 0.5218567073170732 0.006160714285714286 0.004689024390243902
0 0.6267593344155844 0.5217682926829269 0.006359577922077922 0.005731707317073171
1 0.6186728896103897 0.5221341463414634 0.00601461038961039 0.00524390243902439
0 0.5771266233766233 0.5225320121951219 0.0077435064935064924 0.004820121951219512
0 0.5450294237012987 0.5242957317073171 0.0036140422077922075 0.010176829268292683
0 0.5896580762987013 0.5264756097560975 0.009673295454545455 0.01270731707317073
1 0.6887033279220779 0.5268094512195122 0.004841720779220779 0.004228658536585365
1 0.6463758116883117 0.5269237804878049 0.0062256493506493505 0.0050670731707317075
0 0.6188179788961039 0.5274420731707317 0.006710633116883117 0.004884146341463415
1 0.6267928165584415 0.5276234756097561 0.006426542207792208 0.0052469512195121954
1 0.6392126623376624 0.5284085365853659 0.005292207792207792 0.004987804878048781
1 0.7714894480519481 0.5304725609756098 0.006047077922077922 0.005457317073170731
1 0.7643232548701299 0.5308643292682926 0.005919237012987013 0.004411585365853659
0 0.41484374999999996 0.5311509146341463 0.04356737012987013 0.03913109756097561
1 0.7353216314935065 0.53125 0.005951704545454545 0.005182926829268293
1 0.7268922483766234 0.5313795731707317 0.004515016233766234 0.004832317073170732
1 0.6186201298701298 0.5320198170731708 0.005909090909090909 0.004893292682926829
1 0.6267775974025974 0.5327164634146341 0.00599025974025974 0.0050670731707317075
0 0.6329768668831168 0.5328658536585366 0.006619318181818181 0.00475609756097561
1 0.5778409090909091 0.5328201219512195 0.00551948051948052 0.004664634146341463
0 0.5852851055194805 0.5329009146341463 0.006609172077922078 0.004826219512195122
1 0.689012784090909 0.5335670731707317 0.004648944805194805 0.0049390243902439025
2 0.6396174918831169 0.5337728658536586 0.0061018668831168835 0.005350609756097561
0 0.6187195616883118 0.5375060975609756 0.006513798701298702 0.004890243902439024
1 0.6333218344155844 0.5375518292682927 0.005685876623376623 0.004371951219512195
1 0.6267816558441559 0.5379786585365853 0.006404220779220779 0.005225609756097561
0 0.5446296672077922 0.5384176829268292 0.0032203733766233765 0.010371951219512196
0 0.5851877029220779 0.5383963414634146 0.006820211038961039 0.006060975609756097
1 0.5777749594155844 0.5386615853658536 0.0066051136363636355 0.004762195121951219
1 0.6889204545454546 0.5406371951219512 0.00487012987012987 0.004445121951219512
2 0.6186657873376623 0.5427896341463414 0.0064062500000000005 0.0050914634146341465
1 0.626880073051948 0.5435365853658537 0.006601055194805195 0.005975609756097561
1 0.6890584415584415 0.5454557926829269 0.005146103896103896 0.004935975609756098
1 0.4175385551948052 0.5466692073170731 0.0059375 0.004314024390243903
1 0.564935064935065 0.5481615853658537 0.005275974025974026 0.0042499999999999994
1 0.5717978896103897 0.5482118902439025 0.006420454545454545 0.004960365853658537
0 0.4679058441558442 0.5488064024390245 0.0039935064935064934 0.010417682926829269
0 0.5396763392857143 0.5489740853658537 0.005894886363636363 0.004045731707317073
0 0.7709902597402597 0.5496128048780488 0.016006493506493507 0.027274390243902435
1 0.7309111201298701 0.5509283536585367 0.006059253246753247 0.004905487804878049
0 0.44968547077922083 0.5537926829268293 0.016659902597402597 0.02221951219512195
0 0.5220048701298702 0.5540853658536585 0.016412337662337663 0.02646341463414634
0 0.5397138798701299 0.557172256097561 0.006781655844155844 0.005198170731707317
1 0.6640574269480519 0.5574298780487804 0.006280438311688312 0.005103658536585365
0 0.5788058035714285 0.5587423780487805 0.006637581168831169 0.005899390243902439
0 0.5067390422077922 0.5599771341463414 0.007796266233766234 0.005929878048780488
0 0.5549624594155844 0.5614435975609756 0.014551542207792206 0.02105792682926829
1 0.468354301948052 0.5618567073170732 0.0036728896103896107 0.009079268292682928
1 0.4644845779220779 0.5622179878048781 0.0032386363636363637 0.009801829268292683
2 0.4608471996753246 0.5620625 0.003674918831168831 0.009490853658536585
1 0.6639123376623377 0.5627103658536585 0.006396103896103896 0.005908536585365854
2 0.4079596185064935 0.564280487804878 0.030610795454545453 0.02551219512195122
0 0.4839864042207792 0.5647515243902439 0.007339691558441558 0.005722560975609756
0 0.5788758116883117 0.5647256097560975 0.00596590909090909 0.005060975609756098
0 0.4954941152597403 0.5651905487804878 0.006816152597402598 0.005381097560975609
0 0.4740107548701299 0.5654939024390244 0.006868912337662338 0.005378048780487805
0 0.4491071428571428 0.5673003048780487 0.006574675324675324 0.004112804878048781
1 0.5428297483766233 0.5674878048780487 0.006519886363636364 0.005707317073170732
1 0.6640320616883116 0.567983231707317 0.006229707792207792 0.00486890243902439
1 0.531690340909091 0.5689283536585366 0.006562500000000001 0.004929878048780489
0 0.5791741071428571 0.5697408536585366 0.006562500000000001 0.004725609756097561
1 0.4479646915584416 0.5719237804878049 0.005913149350649351 0.004823170731707317
1 0.45494926948051945 0.5721981707317073 0.005677759740259741 0.0053719512195121956
1 0.6644084821428571 0.574217987804878 0.004953327922077922 0.0051432926829268295
0 0.5792096185064934 0.5755442073170732 0.0062276785714285715 0.0059664634146341464
0 0.4481980519480519 0.5778368902439025 0.0071915584415584415 0.005064024390243903
0 0.46737621753246755 0.5794923780487805 0.015515422077922076 0.02361890243902439
0 0.41762987012987013 0.5795975609756098 0.006931818181818181 0.004317073170731708
1 0.5625202922077922 0.579547256097561 0.006128246753246753 0.004826219512195122
1 0.4481594967532468 0.5829710365853659 0.00630275974025974 0.004966463414634146
1 0.45486607142857144 0.5831935975609757 0.006323051948051948 0.005411585365853658
1 0.41756696428571427 0.5847088414634146 0.005994318181818181 0.004783536585365854
0 0.562807426948052 0.5849496951219512 0.00710836038961039 0.005265243902439024
1 0.5627374188311689 0.590405487804878 0.006156655844155844 0.004591463414634146
0 0.41789874188311693 0.5906006097560976 0.0062520292207792205 0.004981707317073171
0 0.40675629058441554 0.5909176829268292 0.014811282467532466 0.023908536585365854
0 0.4481960227272727 0.5917667682926829 0.006781655844155844 0.005484756097560975
1 0.5628561282467532 0.5950807926829268 0.006394074675324676 0.004795731707317073
1 0.6261688311688313 0.5989939024390244 0.005584415584415584 0.004695121951219512
1 0.6170698051948053 0.5990670731707317 0.006055194805194805 0.004841463414634146
1 0.6088798701298701 0.6005274390243902 0.005909090909090909 0.0053231707317073175
1 0.6021235795454545 0.6008780487804878 0.005789366883116883 0.004804878048780488
0 0.5628916396103896 0.6008079268292683 0.006870941558441558 0.005274390243902439
1 0.6433208198051947 0.6008384146341463 0.0062033279220779225 0.0041158536585365856
1 0.5533543019480519 0.6025030487804878 0.005653409090909091 0.005615853658536586
1 0.4231909496753247 0.6050716463414634 0.006284496753246753 0.005265243902439024
0 0.6432751623376624 0.60575 0.006923701298701298 0.004792682926829268
0 0.5626623376623378 0.6060335365853659 0.006818181818181819 0.00475
1 0.5532528409090909 0.6078521341463415 0.006262175324675325 0.004728658536585366
0 0.7927384334415584 0.6099283536585366 0.003496347402597403 0.010100609756097561
0 0.789632711038961 0.6102179878048781 0.002966720779220779 0.010070121951219512
0 0.7863078327922078 0.610109756097561 0.0028104707792207793 0.00924390243902439
0 0.42305600649350655 0.6104695121951219 0.006826298701298701 0.004475609756097561
1 0.7577840909090909 0.6106554878048781 0.007451298701298701 0.004847560975609756
0 0.4181889204545455 0.6111493902439025 0.005614853896103896 0.020469512195121952
1 0.7484080762987013 0.6110777439024391 0.006962256493506494 0.005082317073170732
0 0.48693486201298697 0.6121783536585366 0.006743100649350649 0.004844512195121951
1 0.810229301948052 0.6140182926829268 0.006822240259740259 0.004865853658536585
1 0.42323457792207786 0.6158719512195122 0.00596590909090909 0.0049146341463414634
0 0.7485511363636363 0.6168567073170732 0.007248376623376623 0.004445121951219512
0 0.799117288961039 0.6172850609756098 0.00854301948051948 0.012618902439024391
0 0.7664874188311688 0.6178551829268293 0.006594967532467532 0.0052225609756097555
0 0.7577404626623376 0.6181890243902439 0.006958198051948051 0.005890243902439024
0 0.7782964691558442 0.6186768292682927 0.011138392857142857 0.013573170731707319
1 0.8104383116883117 0.6194542682926829 0.0064285714285714285 0.0053719512195121956
0 0.7889681412337662 0.6201204268292683 0.003260957792207792 0.009753048780487805
0 0.792385349025974 0.6201814024390244 0.004007711038961039 0.010484756097560976
0 0.7483563311688312 0.6225213414634146 0.0068587662337662334 0.004798780487804878
0 0.8020890827922078 0.6243307926829268 0.00596387987012987 0.00536890243902439
0 0.7666325081168831 0.6247576219512195 0.0076968344155844155 0.00561280487804878
0 0.7575821834415584 0.6249420731707317 0.007453327922077922 0.004762195121951219
2 0.8105813717532467 0.6255396341463415 0.006308847402597403 0.005347560975609756
0 0.4872788149350649 0.6258003048780488 0.007025162337662337 0.004649390243902439
1 0.41109476461038963 0.6258338414634147 0.003601866883116883 0.008984756097560975
1 0.4218100649350649 0.6257560975609756 0.0035227272727272724 0.008829268292682928
1 0.41817370129870135 0.6259115853658536 0.003149350649350649 0.009140243902439024
1 0.4147879464285714 0.6259496951219512 0.0032771915584415582 0.009216463414634146
1 0.6793313717532468 0.6266570121951219 0.0035491071428571425 0.008801829268292684
0 0.6827293019480519 0.6266524390243903 0.0026339285714285714 0.01001219512195122
1 0.6729961444805195 0.6268917682926829 0.003053977272727273 0.009271341463414634
1 0.6858035714285714 0.6268917682926829 0.0031006493506493507 0.009271341463414634
0 0.6699614448051948 0.627141768292683 0.0038839285714285716 0.010990853658536585
0 0.6764163961038961 0.6273292682926829 0.003806818181818182 0.01075609756097561
1 0.7484963474025974 0.6275670731707317 0.0059212662337662335 0.005134146341463415
0 0.8022463474025974 0.6288292682926829 0.0062784090909090914 0.0052195121951219515
2 0.6360430194805194 0.6287469512195122 0.005852272727272728 0.005054878048780487
2 0.47445819805194805 0.6292881097560976 0.003705357142857143 0.009185975609756097
2 0.46637987012987014 0.6294359756097562 0.0033766233766233766 0.008871951219512196
2 0.47045353084415586 0.6295701219512194 0.0034070616883116883 0.009140243902439024
2 0.4623772321428571 0.629515243902439 0.0030823863636363635 0.00903048780487805
0 0.7575385551948052 0.6299359756097561 0.007366071428571428 0.00499390243902439
1 0.43373376623376625 0.6301798780487804 0.003425324675324675 0.009140243902439024
1 0.42646915584415584 0.6304756097560976 0.0035064935064935067 0.009121951219512196
1 0.4300091314935065 0.6305137195121951 0.0032812500000000003 0.009198170731707318
2 0.4875679788961039 0.6312835365853658 0.005980113636363636 0.0052499999999999995
0 0.7668262987012987 0.6317271341463415 0.00767857142857143 0.005527439024390244
1 0.7487905844155844 0.6330076219512195 0.006103896103896104 0.004429878048780487
0 0.8023650568181818 0.6335884146341464 0.006515827922077922 0.004981707317073171
2 0.6317309253246753 0.6336783536585366 0.0033157467532467532 0.009429878048780488
0 0.6517471590909091 0.6340990853658536 0.003981331168831169 0.010881097560975609
0 0.6452678571428572 0.6342103658536585 0.003603896103896104 0.010493902439024391
0 0.6419815340909091 0.6341234756097561 0.0031189123376623375 0.010929878048780489
0 0.6482589285714285 0.634375 0.0030925324675324674 0.010213414634146342
0 0.8104109172077922 0.635390243902439 0.00799715909090909 0.012853658536585365
2 0.6363463879870129 0.635594512195122 0.005647321428571429 0.004725609756097561
2 0.6195373376623377 0.635797256097561 0.00612012987012987 0.005131097560975609
1 0.7576390016233766 0.6358201219512194 0.006755275974025974 0.005176829268292683
2 0.6260988230519481 0.6359893292682927 0.006256087662337662 0.0042957317073170735
1 0.7095525568181819 0.6366493902439024 0.005955762987012988 0.004396341463414634
1 0.42185267857142855 0.6366036585365854 0.0032021103896103893 0.009182926829268292
2 0.4870850243506494 0.6366875 0.006637581168831169 0.005692073170731708
1 0.716570616883117 0.6367576219512195 0.006193181818181818 0.004612804878048781
0 0.4181341314935065 0.6366661585365854 0.0038818993506493506 0.010527439024390245
1 0.4145789366883117 0.6369283536585366 0.0032650162337662337 0.009222560975609756
0 0.41113636363636363 0.6368689024390244 0.0036850649350649353 0.010932926829268292
0 0.403791599025974 0.637077743902439 0.0036059253246753247 0.010740853658536584
0 0.4004413555194805 0.6369420731707317 0.003398944805194805 0.010469512195121952
0 0.4073518668831169 0.637155487804878 0.0038271103896103894 0.010896341463414635
1 0.7486525974025974 0.638391768292683 0.006233766233766234 0.004832317073170732
0 0.8023508522727273 0.6386128048780488 0.006081574675324675 0.005274390243902439
0 0.7667238230519481 0.6384664634146342 0.007067775974025974 0.005591463414634146
0 0.47060267857142857 0.6397850609756097 0.003705357142857143 0.010057926829268293
0 0.4741517857142857 0.640391768292683 0.003498376623376623 0.010661585365853658
0 0.46689732142857143 0.6405259146341464 0.003599837662337662 0.010929878048780489
0 0.46334517045454543 0.6403704268292683 0.003394886363636364 0.01061890243902439
1 0.7576166801948052 0.6413384146341464 0.0075223214285714286 0.005237804878048781
1 0.7094358766233766 0.642217987804878 0.005722402597402598 0.004557926829268292
0 0.71703125 0.6421478658536585 0.007114448051948052 0.005027439024390243
2 0.8105813717532467 0.6429451219512196 0.006308847402597403 0.004792682926829268
0 0.8023508522727273 0.6430716463414634 0.006081574675324675 0.005655487804878049
1 0.7486008522727273 0.643483231707317 0.006130275974025975 0.005259146341463415
0 0.7668029626623376 0.644939024390244 0.007226055194805195 0.005121951219512195
1 0.632913961038961 0.6453658536585366 0.003246753246753247 0.00902439024390244
1 0.6151552353896104 0.6459573170731706 0.0030377435064935067 0.00898780487804878
0 0.6093628246753247 0.6460045731707317 0.0028165584415584415 0.010301829268292683
2 0.6061059253246753 0.6459192073170731 0.0027962662337662337 0.008301829268292683
1 0.61203125 0.6457835365853659 0.002877435064935065 0.008030487804878049
1 0.7576166801948052 0.6469771341463415 0.0075223214285714286 0.006149390243902439
0 0.716755275974026 0.6475274390243903 0.007374188311688313 0.0048109756097560975
1 0.7096043019480519 0.6478628048780487 0.006059253246753247 0.004871951219512195
0 0.5001816152597403 0.6480472560975609 0.0027982954545454543 0.010118902439024389
1 0.503447646103896 0.6481753048780488 0.0032426948051948053 0.00915548780487805
1 0.4184730113636364 0.6488414634146341 0.0033421266233766233 0.009268292682926829
0 0.40025568181818183 0.6488323170731708 0.0030275974025974024 0.009859756097560977
1 0.4047960633116883 0.6488323170731708 0.003179788961038961 0.00925
1 0.4139965503246753 0.6486585365853659 0.0033177759740259743 0.008902439024390243
1 0.4094368912337662 0.6488704268292683 0.0031270292207792208 0.009326219512195122
1 0.7486840503246753 0.6492301829268292 0.006702516233766234 0.004557926829268292
0 0.8023782467532468 0.6492225609756097 0.007353896103896104 0.005152439024390243
0 0.811773538961039 0.6492439024390244 0.00666396103896104 0.005804878048780488
1 0.5859740259740259 0.6526448170731708 0.0035227272727272724 0.008948170731707318
2 0.5787205762987013 0.6527012195121952 0.0028145292207792205 0.009060975609756097
0 0.7658035714285715 0.6527195121951219 0.00685064935064935 0.004829268292682927
2 0.5748072240259741 0.6527347560975609 0.0035105519480519484 0.009128048780487806
0 0.5822625811688311 0.6528185975609756 0.0034050324675324677 0.010515243902439025
1 0.5900385551948052 0.652782012195122 0.0031290584415584414 0.008612804878048781
1 0.757536525974026 0.6531051829268293 0.00614448051948052 0.0049908536585365855
1 0.7168181818181818 0.6531112804878049 0.006282467532467533 0.005003048780487805
0 0.7097088068181818 0.6532911585365854 0.006268262987012987 0.0041432926829268295
0 0.8016852678571429 0.6539618902439024 0.005562094155844156 0.004875
0 0.7489103084415585 0.654748475609756 0.007560876623376623 0.005228658536585365
0 0.7754555600649351 0.6549024390243903 0.011138392857142857 0.013463414634146341
0 0.4702607548701299 0.655702743902439 0.012761769480519481 0.017503048780487803
0 0.809278612012987 0.6565167682926829 0.010196834415584416 0.01486280487804878
0 0.7096225649350649 0.6581051829268293 0.006501623376623376 0.005234756097560976
0 0.802380275974026 0.659295731707317 0.006546266233766233 0.0057865853658536585
1 0.7576907467532468 0.6594359756097561 0.006047077922077922 0.005457317073170731
0 0.7661941964285715 0.6597728658536585 0.007226055194805195 0.005521341463414634
1 0.7168526785714285 0.6610746951219512 0.005945616883116883 0.005076219512195121
0 0.5741913555194805 0.6635228658536585 0.003496347402597403 0.011192073170731707
0 0.5777851055194805 0.663920731707317 0.0033786525974025972 0.01076829268292683
0 0.5816781655844157 0.6640091463414634 0.003453733766233766 0.010945121951219512
1 0.7478845373376622 0.6641402439024391 0.006321022727272727 0.005109756097560976
0 0.5901501623376624 0.6646646341463415 0.003352272727272727 0.01103658536585366
2 0.5860612824675325 0.6662057926829269 0.0032913961038961038 0.009240853658536585
0 0.7038078327922077 0.6667378048780488 0.013135146103896104 0.018841463414634146
1 0.7166051136363636 0.6671280487804877 0.005450487012987013 0.004378048780487804
0 0.46302150974025974 0.6674100609756097 0.0035592532467532464 0.010429878048780488
2 0.4671185064935065 0.6674771341463414 0.0032305194805194804 0.008734756097560975
0 0.7992644074675325 0.6681981707317073 0.003155438311688312 0.010176829268292683
0 0.8090066964285714 0.6683551829268293 0.0031594967532467535 0.009881097560975608
0 0.7855560064935064 0.668280487804878 0.002930194805194805 0.00973170731707317
0 0.805689935064935 0.668280487804878 0.0030194805194805195 0.00973170731707317
0 0.791640625 0.6683018292682927 0.0033299512987012988 0.010384146341463415
0 0.795932426948052 0.6684725609756098 0.003390827922077922 0.010115853658536586
0 0.7888189935064935 0.6686890243902439 0.0033685064935064938 0.009939024390243903
0 0.8025669642857143 0.6687865853658537 0.002861201298701299 0.009524390243902439
0 0.7766477272727274 0.6697774390243902 0.013522727272727273 0.010896341463414635
0 0.6915107548701298 0.6698795731707317 0.007209821428571429 0.005003048780487805
0 0.7387175324675325 0.6711371951219512 0.0074675324675324666 0.005079268292682927
0 0.7168364448051948 0.6717881097560976 0.007130681818181818 0.004551829268292683
1 0.6677932224025974 0.6729756097560976 0.005229301948051948 0.005707317073170732
1 0.747770900974026 0.6734496951219512 0.006499594155844156 0.005435975609756097
1 0.6955854301948051 0.6763292682926829 0.0031838474025974025 0.008756097560975609
1 0.7387155032467532 0.6766509146341463 0.006245941558441558 0.004521341463414634
1 0.6923467938311689 0.6766935975609756 0.0027942370129870127 0.008875
1 0.6891599025974026 0.676798780487805 0.002508116883116883 0.009695121951219512
2 0.580505275974026 0.6768689024390244 0.0035430194805194807 0.009225609756097562
2 0.5838666801948053 0.6770731707317074 0.0033664772727272727 0.00902439024390244
2 0.5774928977272727 0.6770167682926829 0.0032000811688311687 0.00891158536585366
0 0.5871357548701299 0.6769999999999999 0.0034111201298701295 0.01070731707317073
2 0.5743810876623378 0.6770060975609756 0.0030641233766233763 0.008890243902439024
0 0.5903388798701299 0.6773384146341463 0.003323863636363636 0.01077439024390244
1 0.7169429788961038 0.6775503048780487 0.0061262175324675325 0.0057103658536585365
0 0.6677323457792208 0.6782728658536585 0.005919237012987013 0.0053262195121951215
0 0.7927495941558441 0.6794664634146341 0.003518668831168831 0.010152439024390243
0 0.7865117694805195 0.6795853658536585 0.0028125 0.010390243902439023
0 0.7896672077922078 0.6799939024390245 0.0030357142857142857 0.010597560975609755
0 0.7478845373376622 0.6804207317073171 0.007132711038961038 0.005353658536585365
0 0.7774360795454546 0.6808155487804878 0.016316964285714285 0.013460365853658536
0 0.7387175324675325 0.6818948170731707 0.0074675324675324666 0.004643292682926829
0 0.7169541396103897 0.6827576219512196 0.007366071428571428 0.005149390243902439
0 0.667895698051948 0.6839039634146341 0.005840097402597403 0.005003048780487805
1 0.7110176542207792 0.6844710365853659 0.003609983766233766 0.009795731707317073
0 0.7029017857142857 0.6846798780487805 0.011323051948051947 0.018140243902439023
1 0.6925588474025973 0.6861585365853659 0.0036241883116883114 0.00951219512195122
1 0.6889488636363637 0.6863582317073171 0.0028977272727272727 0.008692073170731708
1 0.6954667207792208 0.6865076219512195 0.002946428571428571 0.008381097560975609
0 0.7478612012987013 0.6872576219512195 0.006680194805194805 0.005003048780487805
1 0.7388301542207792 0.6872926829268293 0.00606939935064935 0.0056829268292682925
1 0.7167999188311688 0.6887835365853658 0.006245941558441558 0.00500609756097561
0 0.6677719155844156 0.6893414634146341 0.0059983766233766235 0.005512195121951219
1 0.41639103084415585 0.21101981707317072 0.005671672077922078 0.004966463414634146
0 0.40795251623376627 0.2111859756097561 0.006245941558441558 0.004079268292682927
0 0.43218750000000006 0.21132164634146341 0.006826298701298701 0.004960365853658537
0 0.43985896915584416 0.2113018292682927 0.006747159090909091 0.004920731707317073
1 0.4245941558441559 0.21172103658536587 0.005844155844155844 0.004539634146341464
2 0.4562601461038961 0.21292835365853657 0.005864448051948051 0.005124999999999999
0 0.738679991883117 0.21399542682926828 0.01835024350649351 0.024332317073170733
0 0.4079991883116883 0.21592835365853658 0.006745129870129871 0.004417682926829269
0 0.44810673701298703 0.21643597560975608 0.008226461038961038 0.013359756097560975
1 0.687054586038961 0.21624695121951218 0.006414366883116883 0.005054878048780487
1 0.4164579951298701 0.21630640243902438 0.006211444805194805 0.004564024390243903
1 0.7977617694805195 0.21757317073170732 0.006237824675324675 0.00526829268292683
0 0.4566629464285714 0.21928201219512194 0.007075892857142857 0.005027439024390243
0 0.41622362012987013 0.22008536585365854 0.007366071428571428 0.004804878048780488
1 0.7181047077922078 0.22455945121951218 0.005608766233766234 0.003996951219512195
1 0.7259040178571429 0.22510518292682927 0.006191152597402598 0.005088414634146342
0 0.7105580357142858 0.22912195121951218 0.009590097402597402 0.011902439024390244
0 0.45524147727272724 0.2340609756097561 0.006668019480519481 0.004097560975609756
1 0.6872504058441559 0.23446341463414633 0.005994318181818181 0.004902439024390243
0 0.7900608766233767 0.23491310975609755 0.0034172077922077922 0.0045823170731707314
0 0.4482609577922078 0.23513871951219512 0.0065056818181818184 0.004423780487804878
1 0.6716061282467533 0.2351234756097561 0.005549918831168832 0.00439329268292683
1 0.6794683441558441 0.23597713414634147 0.006258116883116883 0.004881097560975611
0 0.4081716720779221 0.23616463414634145 0.0062784090909090914 0.003426829268292683
0 0.7977201704545455 0.23633689024390242 0.006560470779220779 0.0049908536585365855
1 0.4896357548701299 0.23811280487804878 0.006868912337662338 0.006103658536585366
1 0.5539366883116883 0.23804725609756097 0.006818181818181819 0.00536280487804878
1 0.6872209821428571 0.23980030487804876 0.006341314935064935 0.005210365853658537
0 0.4554991883116883 0.23953201219512193 0.007183441558441558 0.004673780487804878
1 0.44792410714285713 0.24006249999999998 0.005831980519480519 0.004515243902439025
0 0.7899269480519481 0.2399359756097561 0.005178571428571428 0.004871951219512195
0 0.416429586038961 0.2404298780487805 0.006560470779220779 0.004640243902439024
1 0.671580762987013 0.24035060975609757 0.005499188311688312 0.0050914634146341465
1 0.6795140016233766 0.24115548780487805 0.005943587662337662 0.005481707317073171
1 0.7100142045454545 0.24142530487804878 0.00403814935064935 0.010289634146341464
1 0.797578125 0.2418917682926829 0.00627637987012987 0.005124999999999999
0 0.46116984577922077 0.24317073170731707 0.0026968344155844154 0.00951219512195122
0 0.541989650974026 0.2432469512195122 0.016609172077922077 0.02551829268292683
1 0.48959009740259735 0.24348018292682927 0.006371753246753246 0.0058628048780487805
1 0.6872909902597402 0.2450060975609756 0.0060754870129870134 0.005256097560975609
0 0.4164407467532467 0.24508079268292685 0.0069886363636363635 0.005405487804878049
0 0.7888687094155844 0.2451844512195122 0.005497159090909091 0.005003048780487805
1 0.6716964285714285 0.24524390243902439 0.00573051948051948 0.005121951219512195
1 0.6797179383116884 0.24639634146341463 0.005945616883116883 0.004987804878048781
1 0.7978226461038961 0.24733841463414633 0.006359577922077922 0.005652439024390244
1 0.48964082792207786 0.2490548780487805 0.006473214285714285 0.005426829268292683
1 0.6873244724025974 0.249515243902439 0.006142451298701298 0.005128048780487805
0 0.44800426136363636 0.25053201219512194 0.006803977272727273 0.005332317073170731
0 0.40836952110389607 0.25066615853658536 0.007485795454545455 0.0049908536585365855
1 0.41672483766233764 0.2506920731707317 0.006339285714285714 0.005652439024390244
1 0.7429352678571428 0.2513003048780488 0.003321834415584416 0.008698170731707318
1 0.4894287743506494 0.2540381097560976 0.0060491071428571425 0.005027439024390243
0 0.4613940746753247 0.2541036585365854 0.0035511363636363635 0.010036585365853659
1 0.6873498376623377 0.2543246951219512 0.006193181818181818 0.0049908536585365855
0 0.45557021103896106 0.25535670731707316 0.007325487012987014 0.004615853658536585
0 0.40828733766233766 0.2562423780487805 0.007321428571428571 0.004557926829268292
1 0.4167096185064935 0.25621646341463417 0.006308847402597403 0.004506097560975609
0 0.44818080357142864 0.26002743902439024 0.006751217532467533 0.005420731707317074
0 0.4554809253246753 0.2600259146341463 0.006335227272727273 0.004198170731707317
0 0.4167116477272727 0.2623201219512195 0.006312905844155844 0.005128048780487805
0 0.43258827110389614 0.2625838414634146 0.006816152597402598 0.004435975609756098
0 0.43981939935064934 0.26285823170731704 0.006668019480519481 0.004984756097560976
1 0.5468171672077923 0.2632576219512195 0.0067836850649350645 0.004564024390243903
1 0.7573762175324675 0.2637576219512195 0.005012175324675325 0.0037347560975609755
0 0.4098386769480519 0.2640518292682927 0.009206574675324675 0.011640243902439024
1 0.6039316152597403 0.2646356707317073 0.0033177759740259743 0.00914939024390244
1 0.6073772321428572 0.26480487804878045 0.0037155032467532465 0.00948780487804878
0 0.6560572240259741 0.2647484756097561 0.002861201298701299 0.008765243902439025
0 0.663252840909091 0.2649359756097561 0.00304788961038961 0.00853048780487805
0 0.6668587662337663 0.2649359756097561 0.00336038961038961 0.00853048780487805
1 0.6004809253246753 0.2649146341463415 0.0033157467532467532 0.009097560975609756
1 0.6184882305194805 0.26508993902439026 0.0036160714285714286 0.00883841463414634
0 0.6598285308441559 0.2651631097560976 0.0030986201298701297 0.008375
1 0.6111556412337662 0.26514176829268293 0.003561282467532468 0.008942073170731707
1 0.5786312905844155 0.2651935975609756 0.0034476461038961035 0.009045731707317074
1 0.5964955357142857 0.2651753048780488 0.0030560064935064935 0.00961890243902439
1 0.5859811282467533 0.2651295731707317 0.003536931818181818 0.008917682926829268
1 0.6145971996753247 0.2650838414634146 0.0035450487012987013 0.008216463414634147
1 0.5821763392857143 0.2652332317073171 0.003638392857142857 0.009125
1 0.5893536931818182 0.2652332317073171 0.0033827110389610393 0.009125
1 0.5716101866883117 0.2651875 0.0032041396103896103 0.008423780487804879
1 0.5751856737012987 0.2651875 0.0030499188311688312 0.008423780487804879
1 0.5931574675324676 0.2652850609756098 0.0032792207792207793 0.009228658536585365
1 0.7278713474025974 0.2656554878048781 0.003226461038961039 0.008749999999999999
1 0.7421215503246754 0.26587957317073174 0.0037236201298701302 0.008588414634146342
1 0.72369825487013 0.2656295731707317 0.0034030032467532467 0.009307926829268292
1 0.7317796266233766 0.26585213414634146 0.00333198051948052 0.009143292682926829
0 0.42468242694805197 0.2677591463414634 0.006426542207792208 0.0038109756097560975
0 0.4167745535714285 0.26802134146341466 0.005627029220779221 0.004335365853658537
1 0.546801948051948 0.26886280487804876 0.006347402597402597 0.005408536585365853
0 0.41633624188311685 0.2722439024390244 0.006779626623376622 0.004853658536585366
1 0.4704931006493507 0.27221493902439026 0.0038920454545454545 0.010283536585365852
1 0.4542491883116883 0.27240243902439026 0.0038717532467532462 0.010048780487804878
1 0.4608979301948052 0.2724969512195122 0.0033705357142857144 0.009628048780487805
1 0.46713778409090906 0.2724969512195122 0.0032690746753246754 0.009628048780487805
1 0.46395190746753245 0.2726844512195122 0.003796672077922078 0.009393292682926829
1 0.49044642857142856 0.2727545731707317 0.0032142857142857142 0.008923780487804877
1 0.48390422077922074 0.2729435975609756 0.003116883116883117 0.008082317073170732
1 0.493317775974026 0.2727545731707317 0.0036810064935064936 0.009533536585365853
1 0.5152333603896104 0.2729649390243903 0.002869318181818182 0.010564024390243901
1 0.5187743506493506 0.2730365853658536 0.003457792207792208 0.00948780487804878
1 0.48718242694805197 0.27322408536585363 0.003991477272727273 0.00864329268292683
1 0.5225831980519481 0.27322408536585363 0.0033644480519480517 0.00986280487804878
1 0.48057934253246753 0.27341158536585364 0.0029606331168831167 0.009018292682926829
1 0.49697138798701296 0.27341158536585364 0.003683035714285714 0.009018292682926829
1 0.50046875 0.27359908536585364 0.0033725649350649354 0.009393292682926829
2 0.4085034496753247 0.2735076219512195 0.006130275974025975 0.004942073170731707
1 0.546801948051948 0.27397408536585366 0.006347402597402597 0.004655487804878049
0 0.5954991883116882 0.27583384146341466 0.007150974025974027 0.003496951219512195
0 0.6138250811688312 0.27592682926829265 0.006870941558441558 0.003682926829268293
0 0.5690016233766234 0.2763003048780488 0.006915584415584416 0.003820121951219512
2 0.7502516233766233 0.27738262195121954 0.004155844155844156 0.008423780487804879
1 0.739242086038961 0.27746189024390244 0.00364650974025974 0.00858231707317073
0 0.7209364853896104 0.2777698170731707 0.003561282467532468 0.009807926829268293
1 0.7319054383116883 0.2776204268292683 0.0035836038961038963 0.00889939024390244
1 0.7353297483766233 0.27769817073170733 0.004344561688311688 0.009054878048780487
2 0.7461921672077922 0.27769817073170733 0.0033421266233766233 0.009054878048780487
1 0.7421266233766234 0.277952743902439 0.002922077922077922 0.008344512195121952
0 0.724393262987013 0.27803201219512197 0.003169642857142857 0.008503048780487805
0 0.7136505681818182 0.27803506097560976 0.0031939935064935064 0.009728658536585366
1 0.7983127029220779 0.27810060975609757 0.006122159090909091 0.004981707317073171
0 0.7170342938311689 0.2781387195121951 0.0030620941558441557 0.008106707317073171
0 0.7279352678571428 0.2782698170731707 0.003354301948051948 0.008978658536585365
1 0.3935349025974026 0.2808643292682927 0.002978896103896104 0.008679878048780487
1 0.7987723214285715 0.284375 0.006229707792207792 0.004725609756097561
0 0.4030184659090909 0.28754420731707314 0.01910511363636364 0.022649390243902442
1 0.7534151785714286 0.28976829268292686 0.0031777597402597403 0.008195121951219513
1 0.7389600243506493 0.2895929878048781 0.00348823051948052 0.009064024390243902
1 0.7496438717532468 0.2895929878048781 0.002940340909090909 0.009064024390243902
1 0.7315361201298701 0.2896692073170732 0.003250811688311688 0.007996951219512195
0 0.7138271103896103 0.2897987804878049 0.0031412337662337663 0.008865853658536585
1 0.7568374594155844 0.289875 0.0023112824675324676 0.007798780487804877
0 0.7171519886363636 0.2898780487804878 0.003297483766233766 0.00902439024390244
0 0.7209050324675325 0.2898780487804878 0.003904220779220779 0.00902439024390244
1 0.7424502840909091 0.2898780487804878 0.0035693993506493507 0.00902439024390244
0 0.745955762987013 0.29002896341463413 0.0032751623376623376 0.0099359756097561
1 0.7987286931818183 0.28983079268292683 0.006142451298701298 0.004661585365853658
1 0.7351958198051948 0.29016310975609755 0.0036708603896103897 0.008984756097560975
0 0.7279484577922077 0.28998475609756097 0.0033806818181818183 0.008628048780487806
0 0.7750344967532468 0.2900716463414634 0.018007305194805194 0.025875000000000002
0 0.7244267451298702 0.2903490853658537 0.0036424512987012986 0.008746951219512196
1 0.3934679383116883 0.2903871951219512 0.003250811688311688 0.010042682926829267
0 0.7985369318181819 0.2951082317073171 0.006164772727272727 0.004240853658536586
1 0.6984933035714286 0.29615091463414633 0.005346996753246754 0.004496951219512195
1 0.7558583603896104 0.299577743902439 0.006440746753246753 0.0058628048780487805
1 0.7558563311688312 0.2997454268292683 0.005625 0.005588414634146341
1 0.7986241883116882 0.3007667682926829 0.006339285714285714 0.005192073170731708
1 0.69984375 0.3016646341463415 0.006018668831168831 0.005158536585365854
0 0.6140016233766235 0.3021753048780488 0.008035714285714287 0.0037408536585365852
1 0.41686079545454546 0.3023795731707317 0.005799512987012987 0.0047591463414634145
0 0.5953794642857143 0.3026859756097561 0.0065056818181818184 0.0029329268292682923
0 0.5519906655844156 0.302984756097561 0.007390422077922078 0.004140243902439025
0 0.5333603896103897 0.3031890243902439 0.007873376623376623 0.0039390243902439025
0 0.5631513798701299 0.30352134146341464 0.007390422077922078 0.002774390243902439
0 0.5115543831168832 0.3035533536585366 0.008092532467532469 0.004057926829268293
0 0.4799208603896104 0.3036341463414634 0.006513798701298702 0.0042195121951219515
0 0.4553256899350649 0.3041996951219512 0.007242288961038961 0.004740853658536585
