1 0.7019230769230769 0.296875 0.009615384615384616 0.007211538461538462
1 0.6923076923076923 0.29447115384615385 0.009615384615384616 0.007211538461538462
1 0.6826923076923077 0.2920673076923077 0.009615384615384616 0.007211538461538462
1 0.625 0.46153846153846156 0.009615384615384616 0.009615384615384616
1 0.6201923076923077 0.4879807692307692 0.009615384615384616 0.009615384615384616
1 0.625 0.46875 0.009615384615384616 0.009615384615384616
1 0.6225961538461539 0.4735576923076923 0.009615384615384616 0.009615384615384616
1 0.6225961538461539 0.4807692307692308 0.009615384615384616 0.009615384615384616
1 0.625 0.46875 0.009615384615384616 0.009615384615384616
1 0.6177884615384616 0.5048076923076923 0.009615384615384616 0.009615384615384616
1 0.6177884615384616 0.49759615384615385 0.009615384615384616 0.009615384615384616
1 0.6129807692307693 0.5288461538461539 0.009615384615384616 0.009615384615384616
1 0.6105769230769231 0.5360576923076923 0.009615384615384616 0.009615384615384616
1 0.6153846153846154 0.5216346153846154 0.009615384615384616 0.009615384615384616
1 0.6081730769230769 0.5600961538461539 0.009615384615384616 0.009615384615384616
1 0.6081730769230769 0.5528846153846154 0.009615384615384616 0.009615384615384616
1 0.6033653846153846 0.5745192307692307 0.009615384615384616 0.009615384615384616
1 0.59375 0.6274038461538461 0.009615384615384616 0.009615384615384616
1 0.5889423076923077 0.6514423076923077 0.009615384615384616 0.009615384615384616
1 0.5913461538461539 0.6442307692307693 0.009615384615384616 0.009615384615384616
1 0.59375 0.6201923076923077 0.009615384615384616 0.009615384615384616
1 0.6514423076923077 0.28846153846153844 0.009615384615384616 0.009615384615384616
1 0.5913461538461539 0.6370192307692307 0.009615384615384616 0.009615384615384616
1 0.5192307692307693 0.5625 0.009615384615384616 0.009615384615384616
1 0.5168269230769231 0.5721153846153846 0.009615384615384616 0.009615384615384616
1 0.5144230769230769 0.5841346153846154 0.009615384615384616 0.009615384615384616
1 0.5456730769230769 0.19831730769230768 0.009615384615384616 0.007211538461538462
1 0.5336538461538461 0.22956730769230768 0.009615384615384616 0.007211538461538462
1 0.5144230769230769 0.26322115384615385 0.009615384615384616 0.007211538461538462
2 0.39903846153846156 0.5733173076923077 0.014423076923076924 0.007211538461538462
2 0.39903846153846156 0.5685096153846154 0.014423076923076924 0.007211538461538462
2 0.46033653846153844 0.18028846153846154 0.007211538461538462 0.009615384615384616
1 0.42788461538461536 0.3449519230769231 0.009615384615384616 0.007211538461538462
1 0.3798076923076923 0.5625 0.009615384615384616 0.009615384615384616
1 0.38461538461538464 0.43028846153846156 0.009615384615384616 0.009615384615384616
1 0.38221153846153844 0.4387019230769231 0.009615384615384616 0.007211538461538462
1 0.375 0.41947115384615385 0.009615384615384616 0.007211538461538462
1 0.3581730769230769 0.41466346153846156 0.009615384615384616 0.007211538461538462
1 0.3581730769230769 0.3125 0.009615384615384616 0.009615384615384616
1 0.33653846153846156 0.4375 0.009615384615384616 0.009615384615384616
1 0.33413461538461536 0.44471153846153844 0.009615384615384616 0.009615384615384616
1 0.3629807692307692 0.24879807692307693 0.009615384615384616 0.007211538461538462
1 0.3004807692307692 0.5769230769230769 0.019230769230769232 0.014423076923076924
1 0.29086538461538464 0.6225961538461539 0.009615384615384616 0.009615384615384616
1 0.3269230769230769 0.390625 0.009615384615384616 0.007211538461538462
1 0.3269230769230769 0.3954326923076923 0.009615384615384616 0.007211538461538462
1 0.35336538461538464 0.24639423076923078 0.009615384615384616 0.007211538461538462
1 0.30528846153846156 0.484375 0.009615384615384616 0.007211538461538462
1 0.30288461538461536 0.5060096153846154 0.009615384615384616 0.007211538461538462
1 0.30288461538461536 0.49759615384615385 0.009615384615384616 0.009615384615384616
1 0.2980769230769231 0.5216346153846154 0.009615384615384616 0.009615384615384616
1 0.3173076923076923 0.38100961538461536 0.009615384615384616 0.007211538461538462
1 0.31490384615384615 0.39302884615384615 0.009615384615384616 0.007211538461538462
1 0.7548076923076923 0.32211538461538464 0.009615384615384616 0.009615384615384616
1 0.7572115384615384 0.3161057692307692 0.009615384615384616 0.007211538461538462
1 0.7115384615384616 0.46634615384615385 0.009615384615384616 0.009615384615384616
1 0.7115384615384616 0.4735576923076923 0.009615384615384616 0.009615384615384616
1 0.7091346153846154 0.4807692307692308 0.009615384615384616 0.009615384615384616
1 0.6995192307692307 0.5408653846153846 0.009615384615384616 0.009615384615384616
1 0.7019230769230769 0.5192307692307693 0.009615384615384616 0.009615384615384616
1 0.7043269230769231 0.5024038461538461 0.009615384615384616 0.009615384615384616
1 0.7067307692307693 0.4951923076923077 0.009615384615384616 0.009615384615384616
1 0.7091346153846154 0.4879807692307692 0.009615384615384616 0.009615384615384616
1 0.6947115384615384 0.5600961538461539 0.009615384615384616 0.009615384615384616
1 0.6947115384615384 0.5528846153846154 0.009615384615384616 0.009615384615384616
1 0.6875 0.5925480769230769 0.009615384615384616 0.007211538461538462
1 0.6899038461538461 0.5793269230769231 0.009615384615384616 0.009615384615384616
1 0.6850961538461539 0.6033653846153846 0.009615384615384616 0.009615384615384616
1 0.6911057692307693 0.5733173076923077 0.01201923076923077 0.01201923076923077
1 0.6826923076923077 0.6201923076923077 0.009615384615384616 0.009615384615384616
1 0.6826923076923077 0.6117788461538461 0.009615384615384616 0.007211538461538462
1 0.6778846153846154 0.6394230769230769 0.009615384615384616 0.009615384615384616
1 0.6802884615384616 0.6298076923076923 0.009615384615384616 0.009615384615384616
1 0.6754807692307693 0.6466346153846154 0.009615384615384616 0.009615384615384616
1 0.6730769230769231 0.6610576923076923 0.009615384615384616 0.009615384615384616
1 0.6754807692307693 0.6538461538461539 0.009615384615384616 0.009615384615384616
