1 0.6682692307692307 0.6286057692307693 0.009615384615384616 0.007211538461538462
2 0.6766826923076923 0.40384615384615385 0.021634615384615384 0.009615384615384616
1 0.6706730769230769 0.46634615384615385 0.009615384615384616 0.004807692307692308
1 0.6706730769230769 0.4495192307692308 0.009615384615384616 0.004807692307692308
1 0.6538461538461539 0.6262019230769231 0.009615384615384616 0.007211538461538462
1 0.6490384615384616 0.546875 0.009615384615384616 0.007211538461538462
2 0.65625 0.38100961538461536 0.03365384615384615 0.03125
1 0.6153846153846154 0.703125 0.009615384615384616 0.007211538461538462
1 0.6225961538461539 0.5925480769230769 0.009615384615384616 0.007211538461538462
1 0.6201923076923077 0.6117788461538461 0.009615384615384616 0.007211538461538462
1 0.6177884615384616 0.6045673076923077 0.009615384615384616 0.007211538461538462
1 0.59375 0.6971153846153846 0.009615384615384616 0.004807692307692308
2 0.6009615384615384 0.3737980769230769 0.03365384615384615 0.03125
1 0.5769230769230769 0.6923076923076923 0.009615384615384616 0.004807692307692308
1 0.5721153846153846 0.6826923076923077 0.009615384615384616 0.004807692307692308
1 0.5769230769230769 0.53125 0.009615384615384616 0.004807692307692308
1 0.5649038461538461 0.6899038461538461 0.009615384615384616 0.004807692307692308
1 0.5600961538461539 0.6826923076923077 0.009615384615384616 0.004807692307692308
1 0.5600961538461539 0.671875 0.009615384615384616 0.007211538461538462
1 0.5600961538461539 0.6598557692307693 0.009615384615384616 0.007211538461538462
1 0.5600961538461539 0.6454326923076923 0.009615384615384616 0.007211538461538462
1 0.5625 0.5901442307692307 0.009615384615384616 0.007211538461538462
1 0.5600961538461539 0.6021634615384616 0.009615384615384616 0.007211538461538462
1 0.5625 0.5829326923076923 0.009615384615384616 0.007211538461538462
1 0.5480769230769231 0.6899038461538461 0.009615384615384616 0.004807692307692308
1 0.5384615384615384 0.6911057692307693 0.009615384615384616 0.007211538461538462
1 0.5264423076923077 0.6899038461538461 0.009615384615384616 0.004807692307692308
1 0.5240384615384616 0.42908653846153844 0.009615384615384616 0.007211538461538462
1 0.5120192307692307 0.5901442307692307 0.009615384615384616 0.007211538461538462
1 0.5192307692307693 0.41586538461538464 0.009615384615384616 0.004807692307692308
1 0.5192307692307693 0.40625 0.009615384615384616 0.004807692307692308
1 0.49038461538461536 0.4254807692307692 0.009615384615384616 0.004807692307692308
1 0.47836538461538464 0.40384615384615385 0.009615384615384616 0.004807692307692308
1 0.4567307692307692 0.6911057692307693 0.009615384615384616 0.007211538461538462
1 0.4567307692307692 0.6814903846153846 0.009615384615384616 0.007211538461538462
1 0.4567307692307692 0.6622596153846154 0.009615384615384616 0.007211538461538462
1 0.4567307692307692 0.671875 0.009615384615384616 0.007211538461538462
1 0.47115384615384615 0.4254807692307692 0.009615384615384616 0.004807692307692308
1 0.46875 0.41586538461538464 0.009615384615384616 0.004807692307692308
1 0.46875 0.4014423076923077 0.009615384615384616 0.004807692307692308
1 0.4182692307692308 0.6790865384615384 0.009615384615384616 0.007211538461538462
1 0.4182692307692308 0.6887019230769231 0.009615384615384616 0.007211538461538462
1 0.4182692307692308 0.6706730769230769 0.009615384615384616 0.004807692307692308
1 0.4182692307692308 0.6598557692307693 0.009615384615384616 0.007211538461538462
2 0.36538461538461536 0.375 0.009615384615384616 0.004807692307692308
2 0.33653846153846156 0.6466346153846154 0.004807692307692308 0.009615384615384616
2 0.33653846153846156 0.6382211538461539 0.004807692307692308 0.007211538461538462
1 0.35096153846153844 0.359375 0.009615384615384616 0.007211538461538462
2 0.3269230769230769 0.6598557692307693 0.009615384615384616 0.002403846153846154
2 0.32572115384615385 0.6682692307692307 0.01201923076923077 0.004807692307692308
2 0.32572115384615385 0.6634615384615384 0.01201923076923077 0.004807692307692308
1 0.32211538461538464 0.7175480769230769 0.009615384615384616 0.007211538461538462
1 0.34134615384615385 0.35697115384615385 0.009615384615384616 0.007211538461538462
1 0.33653846153846156 0.36778846153846156 0.009615384615384616 0.004807692307692308
1 0.31009615384615385 0.7151442307692307 0.009615384615384616 0.007211538461538462
2 0.32572115384615385 0.4110576923076923 0.01201923076923077 0.004807692307692308
2 0.3173076923076923 0.3737980769230769 0.004807692307692308 0.007211538461538462
2 0.2980769230769231 0.5817307692307693 0.009615384615384616 0.004807692307692308
1 0.2860576923076923 0.5901442307692307 0.009615384615384616 0.007211538461538462
2 0.2860576923076923 0.5985576923076923 0.014423076923076924 0.004807692307692308
2 0.2860576923076923 0.5817307692307693 0.009615384615384616 0.004807692307692308
2 0.27403846153846156 0.6995192307692307 0.009615384615384616 0.004807692307692308
2 0.27524038461538464 0.6225961538461539 0.01201923076923077 0.004807692307692308
2 0.27403846153846156 0.6177884615384616 0.009615384615384616 0.004807692307692308
2 0.27403846153846156 0.6081730769230769 0.009615384615384616 0.004807692307692308
2 0.27403846153846156 0.5817307692307693 0.009615384615384616 0.004807692307692308
2 0.25 0.6995192307692307 0.009615384615384616 0.004807692307692308
1 0.25961538461538464 0.5036057692307693 0.009615384615384616 0.007211538461538462
1 0.25961538461538464 0.5180288461538461 0.009615384615384616 0.007211538461538462
1 0.2620192307692308 0.4963942307692308 0.009615384615384616 0.007211538461538462
1 0.25961538461538464 0.4891826923076923 0.009615384615384616 0.007211538461538462
1 0.2620192307692308 0.47475961538461536 0.009615384615384616 0.007211538461538462
1 0.2620192307692308 0.4675480769230769 0.009615384615384616 0.007211538461538462
1 0.2620192307692308 0.46033653846153844 0.009615384615384616 0.007211538461538462
1 0.2620192307692308 0.44711538461538464 0.009615384615384616 0.004807692307692308
1 0.2620192307692308 0.43149038461538464 0.009615384615384616 0.007211538461538462
1 0.23798076923076922 0.6971153846153846 0.009615384615384616 0.004807692307692308
1 0.23076923076923078 0.6983173076923077 0.009615384615384616 0.002403846153846154
1 0.21634615384615385 0.703125 0.009615384615384616 0.007211538461538462
2 0.1935096153846154 0.6995192307692307 0.01201923076923077 0.004807692307692308
2 0.19230769230769232 0.7043269230769231 0.009615384615384616 0.004807692307692308
1 0.7355769230769231 0.7283653846153846 0.009615384615384616 0.004807692307692308
1 0.7331730769230769 0.43149038461538464 0.009615384615384616 0.007211538461538462
1 0.7235576923076923 0.5853365384615384 0.009615384615384616 0.007211538461538462
1 0.7163461538461539 0.6622596153846154 0.009615384615384616 0.007211538461538462
1 0.7115384615384616 0.7091346153846154 0.009615384615384616 0.004807692307692308
1 0.71875 0.6045673076923077 0.009615384615384616 0.007211538461538462
1 0.71875 0.5685096153846154 0.009615384615384616 0.007211538461538462
1 0.7211538461538461 0.5516826923076923 0.009615384615384616 0.007211538461538462
1 0.7211538461538461 0.5348557692307693 0.009615384615384616 0.007211538461538462
1 0.7211538461538461 0.5228365384615384 0.009615384615384616 0.007211538461538462
1 0.7211538461538461 0.5108173076923077 0.009615384615384616 0.007211538461538462
1 0.7211538461538461 0.49158653846153844 0.009615384615384616 0.007211538461538462
1 0.7067307692307693 0.5348557692307693 0.009615384615384616 0.007211538461538462
1 0.7043269230769231 0.5564903846153846 0.009615384615384616 0.007211538461538462
1 0.7043269230769231 0.5060096153846154 0.009615384615384616 0.007211538461538462
