2 0.3245192307692308 0.4338942307692308 0.009615384615384616 0.007211538461538462
2 0.3233173076923077 0.4387019230769231 0.007211538461538462 0.007211538461538462
2 0.33533653846153844 0.4362980769230769 0.007211538461538462 0.007211538461538462
2 0.32572115384615385 0.44350961538461536 0.007211538461538462 0.007211538461538462
2 0.32572115384615385 0.4483173076923077 0.007211538461538462 0.007211538461538462
2 0.33774038461538464 0.44591346153846156 0.007211538461538462 0.007211538461538462
2 0.328125 0.453125 0.007211538461538462 0.007211538461538462
2 0.3401442307692308 0.45552884615384615 0.007211538461538462 0.007211538461538462
2 0.328125 0.4579326923076923 0.007211538461538462 0.007211538461538462
2 0.3112980769230769 0.47716346153846156 0.007211538461538462 0.007211538461538462
2 0.3317307692307692 0.5132211538461539 0.009615384615384616 0.007211538461538462
2 0.3473557692307692 0.5084134615384616 0.007211538461538462 0.007211538461538462
2 0.3329326923076923 0.5180288461538461 0.007211538461538462 0.007211538461538462
2 0.3329326923076923 0.5228365384615384 0.007211538461538462 0.007211538461538462
2 0.35096153846153844 0.5180288461538461 0.009615384615384616 0.007211538461538462
2 0.33533653846153844 0.5276442307692307 0.007211538461538462 0.007211538461538462
2 0.3425480769230769 0.5252403846153846 0.007211538461538462 0.007211538461538462
2 0.35216346153846156 0.5276442307692307 0.007211538461538462 0.007211538461538462
2 0.33533653846153844 0.5324519230769231 0.007211538461538462 0.007211538461538462
2 0.33774038461538464 0.5372596153846154 0.007211538461538462 0.007211538461538462
2 0.3449519230769231 0.5348557692307693 0.007211538461538462 0.007211538461538462
2 0.3449519230769231 0.6045673076923077 0.007211538461538462 0.007211538461538462
2 0.3473557692307692 0.6213942307692307 0.007211538461538462 0.007211538461538462
2 0.34975961538461536 0.6358173076923077 0.007211538461538462 0.007211538461538462
