1 0.6105769230769231 0.234375 0.009615384615384616 0.007211538461538462
1 0.6009615384615384 0.23677884615384615 0.009615384615384616 0.007211538461538462
1 0.5913461538461539 0.23918269230769232 0.009615384615384616 0.007211538461538462
1 0.6021634615384616 0.41586538461538464 0.01201923076923077 0.009615384615384616
1 0.6069711538461539 0.44471153846153844 0.01201923076923077 0.009615384615384616
1 0.6045673076923077 0.4230769230769231 0.01201923076923077 0.009615384615384616
1 0.6045673076923077 0.43028846153846156 0.01201923076923077 0.009615384615384616
1 0.6069711538461539 0.4375 0.01201923076923077 0.009615384615384616
1 0.6045673076923077 0.4230769230769231 0.01201923076923077 0.009615384615384616
1 0.609375 0.45913461538461536 0.01201923076923077 0.009615384615384616
1 0.609375 0.4519230769230769 0.01201923076923077 0.009615384615384616
1 0.6141826923076923 0.4831730769230769 0.01201923076923077 0.009615384615384616
1 0.6165865384615384 0.49278846153846156 0.01201923076923077 0.009615384615384616
1 0.6141826923076923 0.47596153846153844 0.01201923076923077 0.009615384615384616
1 0.6213942307692307 0.5168269230769231 0.01201923076923077 0.009615384615384616
1 0.6189903846153846 0.5096153846153846 0.01201923076923077 0.009615384615384616
1 0.6237980769230769 0.5288461538461539 0.01201923076923077 0.009615384615384616
1 0.6334134615384616 0.5817307692307693 0.01201923076923077 0.009615384615384616
1 0.6382211538461539 0.6057692307692307 0.01201923076923077 0.009615384615384616
1 0.6382211538461539 0.5985576923076923 0.01201923076923077 0.009615384615384616
1 0.6310096153846154 0.5769230769230769 0.01201923076923077 0.009615384615384616
1 0.5612980769230769 0.24759615384615385 0.01201923076923077 0.009615384615384616
1 0.6358173076923077 0.5913461538461539 0.01201923076923077 0.009615384615384616
1 0.5420673076923077 0.5504807692307693 0.01201923076923077 0.009615384615384616
1 0.5420673076923077 0.5600961538461539 0.01201923076923077 0.009615384615384616
1 0.5444711538461539 0.5745192307692307 0.01201923076923077 0.009615384615384616
1 0.43028846153846156 0.203125 0.009615384615384616 0.007211538461538462
1 0.43028846153846156 0.23677884615384615 0.009615384615384616 0.007211538461538462
1 0.4230769230769231 0.27524038461538464 0.009615384615384616 0.007211538461538462
2 0.4326923076923077 0.6069711538461539 0.014423076923076924 0.007211538461538462
2 0.4326923076923077 0.6021634615384616 0.014423076923076924 0.007211538461538462
2 0.3425480769230769 0.21875 0.007211538461538462 0.009615384615384616
1 0.37259615384615385 0.38341346153846156 0.009615384615384616 0.007211538461538462
1 0.4098557692307692 0.6033653846153846 0.01201923076923077 0.009615384615384616
1 0.36658653846153844 0.47836538461538464 0.01201923076923077 0.009615384615384616
1 0.36778846153846156 0.4891826923076923 0.009615384615384616 0.007211538461538462
1 0.35336538461538464 0.4723557692307692 0.009615384615384616 0.007211538461538462
1 0.33413461538461536 0.47475961538461536 0.009615384615384616 0.007211538461538462
1 0.29927884615384615 0.3798076923076923 0.01201923076923077 0.009615384615384616
1 0.3233173076923077 0.5048076923076923 0.01201923076923077 0.009615384615384616
1 0.32572115384615385 0.5096153846153846 0.01201923076923077 0.009615384615384616
1 0.27884615384615385 0.31850961538461536 0.009615384615384616 0.007211538461538462
1 0.34375 0.6466346153846154 0.019230769230769232 0.014423076923076924
1 0.35216346153846156 0.6923076923076923 0.01201923076923077 0.009615384615384616
1 0.2980769230769231 0.46274038461538464 0.009615384615384616 0.007211538461538462
1 0.3004807692307692 0.4675480769230769 0.009615384615384616 0.007211538461538462
1 0.2692307692307692 0.32091346153846156 0.009615384615384616 0.007211538461538462
1 0.31490384615384615 0.5588942307692307 0.009615384615384616 0.007211538461538462
1 0.31971153846153844 0.5805288461538461 0.009615384615384616 0.007211538461538462
1 0.3161057692307692 0.5721153846153846 0.01201923076923077 0.009615384615384616
1 0.32091346153846156 0.5961538461538461 0.01201923076923077 0.009615384615384616
1 0.2860576923076923 0.4579326923076923 0.009615384615384616 0.007211538461538462
1 0.28846153846153844 0.4699519230769231 0.009615384615384616 0.007211538461538462
1 0.6694711538461539 0.2403846153846154 0.01201923076923077 0.009615384615384616
1 0.6682692307692307 0.23197115384615385 0.009615384615384616 0.007211538461538462
1 0.6838942307692307 0.3894230769230769 0.01201923076923077 0.009615384615384616
1 0.6838942307692307 0.39663461538461536 0.01201923076923077 0.009615384615384616
1 0.6862980769230769 0.40384615384615385 0.01201923076923077 0.009615384615384616
1 0.6983173076923077 0.4639423076923077 0.01201923076923077 0.009615384615384616
1 0.6959134615384616 0.4423076923076923 0.01201923076923077 0.009615384615384616
1 0.6911057692307693 0.4254807692307692 0.01201923076923077 0.009615384615384616
1 0.6887019230769231 0.4182692307692308 0.01201923076923077 0.009615384615384616
1 0.6887019230769231 0.4110576923076923 0.01201923076923077 0.009615384615384616
1 0.703125 0.4831730769230769 0.01201923076923077 0.009615384615384616
1 0.6983173076923077 0.47596153846153844 0.01201923076923077 0.009615384615384616
1 0.7067307692307693 0.515625 0.009615384615384616 0.007211538461538462
1 0.7055288461538461 0.5024038461538461 0.01201923076923077 0.009615384615384616
1 0.7103365384615384 0.5264423076923077 0.01201923076923077 0.009615384615384616
1 0.703125 0.4963942307692308 0.01201923076923077 0.01201923076923077
1 0.7127403846153846 0.5432692307692307 0.01201923076923077 0.009615384615384616
1 0.7115384615384616 0.5348557692307693 0.009615384615384616 0.007211538461538462
1 0.7175480769230769 0.5649038461538461 0.01201923076923077 0.009615384615384616
1 0.7151442307692307 0.5528846153846154 0.01201923076923077 0.009615384615384616
1 0.7175480769230769 0.5697115384615384 0.01201923076923077 0.009615384615384616
1 0.7223557692307693 0.5841346153846154 0.01201923076923077 0.009615384615384616
1 0.7199519230769231 0.5769230769230769 0.01201923076923077 0.009615384615384616
