1 0.6538461538461539 0.3557692307692308 0.009615384615384616 0.009615384615384616
2 0.6862980769230769 0.578125 0.021634615384615384 0.01201923076923077
1 0.6730769230769231 0.5180288461538461 0.009615384615384616 0.007211538461538462
1 0.6754807692307693 0.5324519230769231 0.009615384615384616 0.007211538461538462
1 0.6394230769230769 0.3581730769230769 0.009615384615384616 0.009615384615384616
1 0.6418269230769231 0.43990384615384615 0.009615384615384616 0.009615384615384616
2 0.6670673076923077 0.6033653846153846 0.036057692307692304 0.03365384615384615
1 0.59375 0.2860576923076923 0.009615384615384616 0.009615384615384616
1 0.6105769230769231 0.39663461538461536 0.009615384615384616 0.009615384615384616
1 0.6081730769230769 0.37740384615384615 0.009615384615384616 0.009615384615384616
1 0.6081730769230769 0.38461538461538464 0.009615384615384616 0.009615384615384616
1 0.5721153846153846 0.296875 0.009615384615384616 0.007211538461538462
2 0.6141826923076923 0.6177884615384616 0.036057692307692304 0.03365384615384615
1 0.5552884615384616 0.3016826923076923 0.009615384615384616 0.007211538461538462
1 0.5504807692307693 0.3112980769230769 0.009615384615384616 0.007211538461538462
1 0.5745192307692307 0.46274038461538464 0.009615384615384616 0.007211538461538462
1 0.5432692307692307 0.30408653846153844 0.009615384615384616 0.007211538461538462
1 0.5408653846153846 0.3137019230769231 0.009615384615384616 0.007211538461538462
1 0.5408653846153846 0.3245192307692308 0.009615384615384616 0.009615384615384616
1 0.5432692307692307 0.33653846153846156 0.009615384615384616 0.009615384615384616
1 0.5456730769230769 0.35096153846153844 0.009615384615384616 0.009615384615384616
1 0.5528846153846154 0.40384615384615385 0.009615384615384616 0.009615384615384616
1 0.5504807692307693 0.3942307692307692 0.009615384615384616 0.009615384615384616
1 0.5528846153846154 0.41346153846153844 0.009615384615384616 0.009615384615384616
1 0.5288461538461539 0.30649038461538464 0.009615384615384616 0.007211538461538462
1 0.5192307692307693 0.3076923076923077 0.009615384615384616 0.009615384615384616
1 0.5072115384615384 0.3112980769230769 0.009615384615384616 0.007211538461538462
1 0.53125 0.5673076923076923 0.009615384615384616 0.009615384615384616
1 0.5024038461538461 0.4110576923076923 0.009615384615384616 0.009615384615384616
1 0.5288461538461539 0.5829326923076923 0.009615384615384616 0.007211538461538462
1 0.5288461538461539 0.5925480769230769 0.009615384615384616 0.007211538461538462
1 0.5 0.5757211538461539 0.009615384615384616 0.007211538461538462
1 0.4879807692307692 0.5997596153846154 0.009615384615384616 0.007211538461538462
1 0.4375 0.3173076923076923 0.009615384615384616 0.009615384615384616
1 0.4375 0.3269230769230769 0.009615384615384616 0.009615384615384616
1 0.43990384615384615 0.34615384615384615 0.009615384615384616 0.009615384615384616
1 0.4375 0.33653846153846156 0.009615384615384616 0.009615384615384616
1 0.47836538461538464 0.578125 0.009615384615384616 0.007211538461538462
1 0.47836538461538464 0.5877403846153846 0.009615384615384616 0.007211538461538462
1 0.47836538461538464 0.6021634615384616 0.009615384615384616 0.007211538461538462
1 0.39903846153846156 0.3317307692307692 0.009615384615384616 0.009615384615384616
1 0.39903846153846156 0.32211538461538464 0.009615384615384616 0.009615384615384616
1 0.4014423076923077 0.3401442307692308 0.009615384615384616 0.007211538461538462
1 0.4014423076923077 0.35096153846153844 0.009615384615384616 0.009615384615384616
2 0.3798076923076923 0.640625 0.009615384615384616 0.007211538461538462
2 0.32091346153846156 0.37259615384615385 0.007211538461538462 0.009615384615384616
2 0.3245192307692308 0.38100961538461536 0.004807692307692308 0.007211538461538462
1 0.36778846153846156 0.65625 0.009615384615384616 0.009615384615384616
2 0.31009615384615385 0.3605769230769231 0.009615384615384616 0.004807692307692308
2 0.3088942307692308 0.35216346153846156 0.01201923076923077 0.007211538461538462
2 0.3088942307692308 0.35697115384615385 0.01201923076923077 0.007211538461538462
1 0.3004807692307692 0.30528846153846156 0.009615384615384616 0.009615384615384616
1 0.3557692307692308 0.6586538461538461 0.009615384615384616 0.009615384615384616
1 0.35336538461538464 0.6502403846153846 0.009615384615384616 0.007211538461538462
1 0.28846153846153844 0.30528846153846156 0.009615384615384616 0.009615384615384616
2 0.33774038461538464 0.609375 0.01201923076923077 0.007211538461538462
2 0.3317307692307692 0.6454326923076923 0.004807692307692308 0.007211538461538462
2 0.29086538461538464 0.4411057692307692 0.009615384615384616 0.007211538461538462
1 0.27884615384615385 0.43509615384615385 0.009615384615384616 0.009615384615384616
2 0.2764423076923077 0.42427884615384615 0.014423076923076924 0.007211538461538462
2 0.27884615384615385 0.44350961538461536 0.009615384615384616 0.007211538461538462
2 0.2548076923076923 0.32572115384615385 0.009615384615384616 0.007211538461538462
2 0.26322115384615385 0.4026442307692308 0.01201923076923077 0.007211538461538462
2 0.2644230769230769 0.4074519230769231 0.009615384615384616 0.007211538461538462
2 0.2644230769230769 0.4170673076923077 0.009615384615384616 0.007211538461538462
2 0.2668269230769231 0.44350961538461536 0.009615384615384616 0.007211538461538462
2 0.23076923076923078 0.33052884615384615 0.009615384615384616 0.007211538461538462
1 0.2620192307692308 0.5216346153846154 0.009615384615384616 0.009615384615384616
1 0.25961538461538464 0.5096153846153846 0.009615384615384616 0.009615384615384616
1 0.2620192307692308 0.5288461538461539 0.009615384615384616 0.009615384615384616
1 0.2620192307692308 0.5384615384615384 0.009615384615384616 0.009615384615384616
1 0.2644230769230769 0.5504807692307693 0.009615384615384616 0.009615384615384616
1 0.2668269230769231 0.5600961538461539 0.009615384615384616 0.009615384615384616
1 0.2668269230769231 0.5673076923076923 0.009615384615384616 0.009615384615384616
1 0.2692307692307692 0.578125 0.009615384615384616 0.007211538461538462
1 0.27163461538461536 0.59375 0.009615384615384616 0.009615384615384616
1 0.21875 0.33052884615384615 0.009615384615384616 0.007211538461538462
1 0.21153846153846154 0.33413461538461536 0.009615384615384616 0.004807692307692308
1 0.1971153846153846 0.3293269230769231 0.009615384615384616 0.009615384615384616
2 0.17427884615384615 0.33533653846153844 0.01201923076923077 0.007211538461538462
2 0.17307692307692307 0.33052884615384615 0.009615384615384616 0.007211538461538462
1 0.7091346153846154 0.24879807692307693 0.009615384615384616 0.007211538461538462
1 0.7379807692307693 0.5432692307692307 0.009615384615384616 0.009615384615384616
1 0.7115384615384616 0.3942307692307692 0.009615384615384616 0.009615384615384616
1 0.6995192307692307 0.3173076923076923 0.009615384615384616 0.009615384615384616
1 0.6899038461538461 0.27283653846153844 0.009615384615384616 0.007211538461538462
1 0.7067307692307693 0.375 0.009615384615384616 0.009615384615384616
1 0.7115384615384616 0.40865384615384615 0.009615384615384616 0.009615384615384616
1 0.7139423076923077 0.42788461538461536 0.009615384615384616 0.009615384615384616
1 0.7163461538461539 0.4423076923076923 0.009615384615384616 0.009615384615384616
1 0.7163461538461539 0.4543269230769231 0.009615384615384616 0.009615384615384616
1 0.71875 0.46634615384615385 0.009615384615384616 0.009615384615384616
1 0.7211538461538461 0.4879807692307692 0.009615384615384616 0.009615384615384616
1 0.7019230769230769 0.44471153846153844 0.009615384615384616 0.009615384615384616
1 0.6971153846153846 0.4230769230769231 0.009615384615384616 0.009615384615384616
1 0.7043269230769231 0.4735576923076923 0.009615384615384616 0.009615384615384616
