2 0.5733173076923077 0.3269230769230769 0.007211538461538462 0.009615384615384616
2 0.5685096153846154 0.32572115384615385 0.007211538461538462 0.007211538461538462
2 0.5709134615384616 0.33774038461538464 0.007211538461538462 0.007211538461538462
2 0.5661057692307693 0.328125 0.007211538461538462 0.007211538461538462
2 0.5588942307692307 0.328125 0.007211538461538462 0.007211538461538462
2 0.5612980769230769 0.3401442307692308 0.007211538461538462 0.007211538461538462
2 0.5540865384615384 0.33052884615384615 0.007211538461538462 0.007211538461538462
2 0.5516826923076923 0.3401442307692308 0.007211538461538462 0.007211538461538462
2 0.5492788461538461 0.33052884615384615 0.007211538461538462 0.007211538461538462
2 0.5324519230769231 0.3137019230769231 0.007211538461538462 0.007211538461538462
2 0.49399038461538464 0.3317307692307692 0.007211538461538462 0.009615384615384616
2 0.4987980769230769 0.3473557692307692 0.007211538461538462 0.007211538461538462
2 0.4891826923076923 0.3329326923076923 0.007211538461538462 0.007211538461538462
2 0.484375 0.3329326923076923 0.007211538461538462 0.007211538461538462
2 0.48677884615384615 0.35096153846153844 0.007211538461538462 0.009615384615384616
2 0.4795673076923077 0.33533653846153844 0.007211538461538462 0.007211538461538462
2 0.4795673076923077 0.3425480769230769 0.007211538461538462 0.007211538461538462
2 0.47716346153846156 0.35216346153846156 0.007211538461538462 0.007211538461538462
2 0.47475961538461536 0.33533653846153844 0.007211538461538462 0.007211538461538462
2 0.4699519230769231 0.33533653846153844 0.007211538461538462 0.007211538461538462
2 0.4723557692307692 0.3425480769230769 0.007211538461538462 0.007211538461538462
2 0.4026442307692308 0.3401442307692308 0.007211538461538462 0.007211538461538462
2 0.3858173076923077 0.3425480769230769 0.007211538461538462 0.007211538461538462
2 0.3713942307692308 0.3449519230769231 0.007211538461538462 0.007211538461538462
