2 0.30649038461538464 0.2536057692307692 0.007211538461538462 0.002403846153846154
2 0.31009615384615385 0.21394230769230768 0.009615384615384616 0.004807692307692308
2 0.31971153846153844 0.25240384615384615 0.009615384615384616 0.004807692307692308
2 0.3581730769230769 0.20432692307692307 0.004807692307692308 0.004807692307692308
2 0.3701923076923077 0.49158653846153844 0.009615384615384616 0.002403846153846154
2 0.3701923076923077 0.4326923076923077 0.004807692307692308 0.004807692307692308
2 0.375 0.4326923076923077 0.004807692307692308 0.004807692307692308
2 0.3894230769230769 0.23798076923076922 0.004807692307692308 0.004807692307692308
2 0.43149038461538464 0.20552884615384615 0.007211538461538462 0.002403846153846154
2 0.43149038461538464 0.203125 0.007211538461538462 0.002403846153846154
2 0.4326923076923077 0.20793269230769232 0.009615384615384616 0.002403846153846154
2 0.4326923076923077 0.2127403846153846 0.009615384615384616 0.002403846153846154
2 0.4338942307692308 0.21033653846153846 0.007211538461538462 0.002403846153846154
2 0.43149038461538464 0.20072115384615385 0.007211538461538462 0.002403846153846154
2 0.6153846153846154 0.41586538461538464 0.014423076923076924 0.004807692307692308
2 0.625 0.3293269230769231 0.009615384615384616 0.004807692307692308
2 0.625 0.3317307692307692 0.009615384615384616 0.004807692307692308
2 0.6682692307692307 0.27163461538461536 0.03365384615384615 0.028846153846153848
2 0.6959134615384616 0.5564903846153846 0.007211538461538462 0.002403846153846154
2 0.7043269230769231 0.5552884615384616 0.004807692307692308 0.004807692307692308
2 0.7043269230769231 0.2692307692307692 0.03365384615384615 0.028846153846153848
2 0.7704326923076923 0.2644230769230769 0.03125 0.028846153846153848
2 0.8125 0.21634615384615385 0.004807692307692308 0.004807692307692308
2 0.8149038461538461 0.21634615384615385 0.004807692307692308 0.004807692307692308
2 0.8197115384615384 0.21634615384615385 0.004807692307692308 0.004807692307692308
2 0.8221153846153846 0.21634615384615385 0.004807692307692308 0.004807692307692308
2 0.8293269230769231 0.2091346153846154 0.009615384615384616 0.004807692307692308
