1 0.39663461538461536 0.5372596153846154 0.014423076923076924 0.007211538461538462
2 0.3954326923076923 0.625 0.03125 0.028846153846153848
2 0.3918269230769231 0.6514423076923077 0.028846153846153848 0.028846153846153848
1 0.41466346153846156 0.546875 0.01201923076923077 0.01201923076923077
1 0.41466346153846156 0.5588942307692307 0.01201923076923077 0.01201923076923077
1 0.41225961538461536 0.5661057692307693 0.01201923076923077 0.01201923076923077
1 0.41225961538461536 0.5757211538461539 0.01201923076923077 0.01201923076923077
2 0.44471153846153844 0.4182692307692308 0.038461538461538464 0.019230769230769232
2 0.44591346153846156 0.43509615384615385 0.036057692307692304 0.019230769230769232
1 0.4495192307692308 0.5444711538461539 0.014423076923076924 0.007211538461538462
2 0.4375 0.6790865384615384 0.004807692307692308 0.002403846153846154
1 0.46274038461538464 0.5456730769230769 0.01201923076923077 0.009615384615384616
1 0.47115384615384615 0.5480769230769231 0.009615384615384616 0.009615384615384616
2 0.5012019230769231 0.42788461538461536 0.040865384615384616 0.019230769230769232
1 0.4831730769230769 0.5504807692307693 0.014423076923076924 0.009615384615384616
1 0.484375 0.5637019230769231 0.01201923076923077 0.01201923076923077
1 0.48197115384615385 0.578125 0.01201923076923077 0.01201923076923077
1 0.4831730769230769 0.5697115384615384 0.009615384615384616 0.009615384615384616
1 0.5096153846153846 0.5552884615384616 0.009615384615384616 0.009615384615384616
2 0.5192307692307693 0.5288461538461539 0.004807692307692308 0.004807692307692308
2 0.5961538461538461 0.5673076923076923 0.004807692307692308 0.004807692307692308
2 0.5889423076923077 0.6165865384615384 0.004807692307692308 0.007211538461538462
