1 0.40865384615384615 0.4411057692307692 0.014423076923076924 0.007211538461538462
2 0.42908653846153844 0.3545673076923077 0.03125 0.026442307692307692
2 0.4326923076923077 0.328125 0.028846153846153848 0.026442307692307692
1 0.43028846153846156 0.43509615384615385 0.009615384615384616 0.009615384615384616
1 0.43028846153846156 0.4230769230769231 0.009615384615384616 0.009615384615384616
1 0.4326923076923077 0.41586538461538464 0.009615384615384616 0.009615384615384616
1 0.4326923076923077 0.40625 0.009615384615384616 0.009615384615384616
2 0.4266826923076923 0.5661057692307693 0.036057692307692304 0.016826923076923076
2 0.43028846153846156 0.5492788461538461 0.03365384615384615 0.016826923076923076
1 0.46153846153846156 0.44591346153846156 0.014423076923076924 0.007211538461538462
2 0.4831730769230769 0.3137019230769231 0.004807692307692308 0.002403846153846154
1 0.47475961538461536 0.44591346153846156 0.01201923076923077 0.007211538461538462
1 0.4855769230769231 0.4483173076923077 0.009615384615384616 0.007211538461538462
2 0.4831730769230769 0.5709134615384616 0.038461538461538464 0.016826923076923076
1 0.49759615384615385 0.4495192307692308 0.014423076923076924 0.009615384615384616
1 0.5 0.4375 0.009615384615384616 0.009615384615384616
1 0.5024038461538461 0.4206730769230769 0.009615384615384616 0.009615384615384616
1 0.5 0.42908653846153844 0.009615384615384616 0.007211538461538462
1 0.5240384615384616 0.4483173076923077 0.009615384615384616 0.007211538461538462
2 0.5264423076923077 0.47836538461538464 0.004807692307692308 0.004807692307692308
2 0.6081730769230769 0.45913461538461536 0.004807692307692308 0.004807692307692308
2 0.6129807692307693 0.4098557692307692 0.004807692307692308 0.007211538461538462
