1 0.7195616883116883 0.30914634146341463 0.005681818181818182 0.00426829268292683
0 0.39153814935064934 0.3184451219512195 0.005478896103896104 0.004573170731707317
1 0.453023538961039 0.31859756097560976 0.005073051948051948 0.003658536585365854
1 0.683409090909091 0.32009603658536584 0.005211038961038961 0.003606707317073171
1 0.45342938311688313 0.3236280487804878 0.005478896103896104 0.003353658536585366
0 0.48062094155844154 0.3291158536585366 0.005478896103896104 0.0039634146341463415
2 0.39032061688311687 0.3315548780487805 0.007102272727272727 0.021646341463414633
1 0.49127435064935066 0.33170731707317075 0.002840909090909091 0.00853658536585366
0 0.4981737012987013 0.33201219512195124 0.005681818181818182 0.00426829268292683
1 0.43141233766233766 0.3323170731707317 0.004464285714285714 0.004878048780487805
1 0.5265827922077922 0.3332317073170732 0.005275974025974026 0.00426829268292683
1 0.43110795454545453 0.33689024390243905 0.004667207792207792 0.003048780487804878
1 0.5263798701298701 0.3382621951219512 0.005275974025974026 0.0039634146341463415
0 0.5265827922077922 0.34283536585365854 0.005275974025974026 0.0039634146341463415
1 0.6365665584415584 0.3435975609756098 0.00040584415584415587 0.0006097560975609756
1 0.3997564935064935 0.34710365853658537 0.005681818181818182 0.004573170731707317
1 0.40584415584415584 0.34710365853658537 0.005681818181818182 0.003353658536585366
1 0.6286525974025974 0.3475609756097561 0.003246753246753247 0.007926829268292683
0 0.5266842532467533 0.34771341463414634 0.005478896103896104 0.0039634146341463415
1 0.6259131493506493 0.34771341463414634 0.003043831168831169 0.007621951219512195
1 0.44937094155844154 0.348780487804878 0.005073051948051948 0.003658536585365854
1 0.4172077922077922 0.3490853658536585 0.003246753246753247 0.00853658536585366
1 0.4133522727272727 0.3492378048780488 0.002435064935064935 0.008231707317073171
1 0.6212459415584416 0.3495426829268293 0.005073051948051948 0.0039634146341463415
0 0.614650974025974 0.35015243902439025 0.004464285714285714 0.0039634146341463415
1 0.5267857142857143 0.3524390243902439 0.00487012987012987 0.003658536585365854
2 0.37073863636363635 0.35289634146341464 0.029626623376623376 0.030792682926829268
0 0.4318181818181818 0.35304878048780486 0.002840909090909091 0.00853658536585366
1 0.42562905844155846 0.35335365853658535 0.002232142857142857 0.007926829268292683
1 0.42867288961038963 0.35335365853658535 0.002637987012987013 0.007926829268292683
1 0.5267857142857143 0.3573170731707317 0.005681818181818182 0.003658536585365854
1 0.40929383116883117 0.3638719512195122 0.002840909090909091 0.008841463414634146
1 0.4056412337662338 0.3641768292682927 0.002029220779220779 0.007621951219512195
1 0.42299107142857145 0.3666158536585366 0.002637987012987013 0.007621951219512195
1 0.42613636363636365 0.3667682926829268 0.003246753246753247 0.007317073170731708
0 0.4567775974025974 0.3701219512195122 0.002435064935064935 0.007317073170731708
1 0.40006087662337664 0.3714939024390244 0.005478896103896104 0.0039634146341463415
0 0.4074675324675325 0.37164634146341463 0.005681818181818182 0.003658536585365854
1 0.578125 0.37347560975609756 0.002840909090909091 0.007926829268292683
1 0.6321022727272727 0.3745426829268293 0.005275974025974026 0.003353658536585366
1 0.6114042207792207 0.375609756097561 0.002435064935064935 0.009146341463414634
0 0.6085633116883117 0.3757621951219512 0.002840909090909091 0.008841463414634146
0 0.5247564935064936 0.37621951219512195 0.005681818181818182 0.004878048780487805
1 0.4002637987012987 0.37682926829268293 0.005073051948051948 0.00426829268292683
0 0.6898336038961039 0.3771341463414634 0.002637987012987013 0.007926829268292683
1 0.625202922077922 0.38170731707317074 0.002840909090909091 0.007926829268292683
1 0.411525974025974 0.39878048780487807 0.002435064935064935 0.00853658536585366
0 0.5250608766233766 0.39878048780487807 0.003043831168831169 0.007926829268292683
0 0.4407467532467532 0.40228658536585366 0.0036525974025974025 0.009451219512195122
1 0.44673295454545453 0.40396341463414637 0.002637987012987013 0.007926829268292683
2 0.36556412337662336 0.4088414634146341 0.029017857142857144 0.031097560975609756
1 0.640726461038961 0.41859756097560974 0.002232142857142857 0.007926829268292683
1 0.6370738636363636 0.41875 0.003043831168831169 0.007621951219512195
1 0.6322037337662337 0.419359756097561 0.002637987012987013 0.008231707317073171
1 0.6154626623376623 0.4196646341463415 0.003246753246753247 0.008231707317073171
1 0.5360186688311688 0.42134146341463413 0.005478896103896104 0.00426829268292683
1 0.557325487012987 0.4217987804878049 0.005478896103896104 0.0039634146341463415
1 0.45018262987012986 0.425 0.005478896103896104 0.004878048780487805
0 0.43060064935064934 0.42591463414634145 0.002435064935064935 0.01097560975609756
0 0.6596996753246753 0.4288109756097561 0.003246753246753247 0.008231707317073171
1 0.5234375 0.4295731707317073 0.004667207792207792 0.00426829268292683
1 0.632711038961039 0.4297256097560976 0.002435064935064935 0.008231707317073171
1 0.6292613636363636 0.4298780487804878 0.003246753246753247 0.00853658536585366
1 0.5309456168831169 0.43033536585365856 0.005073051948051948 0.0039634146341463415
0 0.6854707792207793 0.4304878048780488 0.005275974025974026 0.003048780487804878
0 0.45200892857142855 0.43140243902439024 0.003043831168831169 0.007926829268292683
1 0.4486607142857143 0.4323170731707317 0.003246753246753247 0.007926829268292683
1 0.44551542207792205 0.432469512195122 0.002637987012987013 0.008841463414634146
1 0.5234375 0.4339939024390244 0.005478896103896104 0.003353658536585366
0 0.486911525974026 0.43414634146341463 0.005073051948051948 0.003658536585365854
0 0.531148538961039 0.4347560975609756 0.005478896103896104 0.003048780487804878
1 0.4667207792207792 0.436890243902439 0.005681818181818182 0.00426829268292683
1 0.49127435064935066 0.4370426829268293 0.003246753246753247 0.008231707317073171
1 0.46114042207792205 0.4371951219512195 0.005073051948051948 0.003658536585365854
1 0.5383522727272727 0.4379573170731707 0.00487012987012987 0.0039634146341463415
1 0.5234375 0.43841463414634146 0.005073051948051948 0.00426829268292683
1 0.4707792207792208 0.43887195121951217 0.002029220779220779 0.008231707317073171
1 0.531351461038961 0.43902439024390244 0.005073051948051948 0.003048780487804878
0 0.486911525974026 0.43917682926829266 0.004667207792207792 0.0039634146341463415
0 0.4794034090909091 0.4400914634146341 0.00588474025974026 0.004573170731707317
1 0.5237418831168831 0.4426829268292683 0.005275974025974026 0.003658536585365854
1 0.523640422077922 0.44695121951219513 0.005073051948051948 0.004878048780487805
1 0.515625 0.44908536585365855 0.002840909090909091 0.009146341463414634
1 0.713474025974026 0.4583841463414634 0.002840909090909091 0.008231707317073171
1 0.7017045454545454 0.45929878048780487 0.002840909090909091 0.008841463414634146
0 0.4682426948051948 0.47271341463414634 0.003043831168831169 0.008841463414634146
1 0.6174918831168831 0.47347560975609754 0.002029220779220779 0.007317073170731708
0 0.5647321428571429 0.474390243902439 0.005681818181818182 0.00426829268292683
1 0.612012987012987 0.4746951219512195 0.002840909090909091 0.007926829268292683
1 0.5648336038961039 0.4791158536585366 0.005073051948051948 0.0039634146341463415
0 0.3887987012987013 0.4814024390243902 0.005681818181818182 0.003658536585365854
0 0.3945819805194805 0.4814024390243902 0.00588474025974026 0.003658536585365854
0 0.40645292207792205 0.4821646341463415 0.005681818181818182 0.005182926829268293
1 0.5759943181818182 0.48323170731707316 0.005073051948051948 0.003658536585365854
1 0.565036525974026 0.48551829268292684 0.005478896103896104 0.0039634146341463415
1 0.6357548701298701 0.48765243902439026 0.002840909090909091 0.008841463414634146
0 0.515827922077922 0.48810975609756097 0.002840909090909091 0.009146341463414634
0 0.565036525974026 0.49070121951219514 0.004667207792207792 0.0039634146341463415
1 0.4161931818181818 0.49634146341463414 0.005275974025974026 0.003658536585365854
0 0.4043222402597403 0.5 0.005478896103896104 0.003658536585365854
0 0.3963068181818182 0.5001524390243902 0.00487012987012987 0.004573170731707317
0 0.3893060064935065 0.5009146341463414 0.004667207792207792 0.00426829268292683
0 0.42481737012987014 0.501219512195122 0.005073051948051948 0.00426829268292683
0 0.41629464285714285 0.5021341463414634 0.005478896103896104 0.00426829268292683
0 0.4044237012987013 0.5051829268292682 0.005681818181818182 0.00426829268292683
0 0.3963068181818182 0.5054878048780488 0.005275974025974026 0.003658536585365854
0 0.3893060064935065 0.5057926829268292 0.004667207792207792 0.00426829268292683
0 0.42481737012987014 0.5059451219512195 0.005478896103896104 0.003353658536585366
0 0.4160917207792208 0.5074695121951219 0.005478896103896104 0.0039634146341463415
0 0.40462662337662336 0.5105182926829268 0.005275974025974026 0.003353658536585366
0 0.3964082792207792 0.5109756097560976 0.004261363636363636 0.003048780487804878
0 0.38920454545454547 0.5111280487804878 0.005275974025974026 0.003353658536585366
0 0.41629464285714285 0.5126524390243903 0.005073051948051948 0.0039634146341463415
1 0.5109577922077922 0.5132621951219513 0.008116883116883116 0.005182926829268293
0 0.3965097402597403 0.5164634146341464 0.00487012987012987 0.003048780487804878
0 0.3894074675324675 0.5166158536585366 0.005275974025974026 0.0039634146341463415
1 0.4056412337662338 0.5169207317073171 0.009334415584415584 0.0064024390243902435
0 0.41649756493506496 0.5175304878048781 0.005073051948051948 0.0039634146341463415
0 0.5142045454545454 0.5195121951219512 0.005681818181818182 0.00426829268292683
1 0.690239448051948 0.5207317073170732 0.002232142857142857 0.007926829268292683
0 0.38950892857142855 0.5219512195121951 0.004667207792207792 0.003048780487804878
0 0.4264407467532468 0.5219512195121951 0.004667207792207792 0.00426829268292683
0 0.416599025974026 0.5222560975609756 0.005275974025974026 0.003658536585365854
1 0.6468141233766234 0.5259146341463414 0.002232142857142857 0.007926829268292683
1 0.653612012987013 0.5260670731707318 0.003246753246753247 0.00701219512195122
1 0.6575689935064936 0.5260670731707318 0.002232142857142857 0.007621951219512195
0 0.4265422077922078 0.5263719512195122 0.00487012987012987 0.004573170731707317
1 0.416599025974026 0.5272865853658537 0.005275974025974026 0.0039634146341463415
0 0.38971185064935066 0.5292682926829269 0.005073051948051948 0.003658536585365854
1 0.697950487012987 0.5310975609756098 0.003043831168831169 0.007926829268292683
1 0.7019074675324676 0.5315548780487804 0.003246753246753247 0.008231707317073171
1 0.653814935064935 0.5344512195121951 0.002435064935064935 0.00853658536585366
1 0.6574675324675324 0.5344512195121951 0.002840909090909091 0.007926829268292683
1 0.6462053571428571 0.5346036585365853 0.002232142857142857 0.007621951219512195
1 0.643060064935065 0.5349085365853659 0.002029220779220779 0.008231707317073171
1 0.6335227272727273 0.5350609756097561 0.002840909090909091 0.007317073170731708
1 0.6398133116883117 0.5352134146341463 0.002435064935064935 0.008841463414634146
1 0.6499594155844156 0.5352134146341463 0.002840909090909091 0.008231707317073171
1 0.6365665584415584 0.5353658536585366 0.002840909090909091 0.00853658536585366
1 0.6304788961038961 0.5355182926829268 0.002840909090909091 0.007621951219512195
1 0.6271306818181818 0.535670731707317 0.003043831168831169 0.009146341463414634
1 0.6239853896103896 0.5359756097560976 0.002840909090909091 0.007926829268292683
1 0.395900974025974 0.5410060975609756 0.005275974025974026 0.003353658536585366
0 0.38971185064935066 0.5434451219512195 0.005478896103896104 0.0039634146341463415
0 0.4173092532467532 0.54375 0.004667207792207792 0.003353658536585366
0 0.4242086038961039 0.5458841463414634 0.004667207792207792 0.0039634146341463415
1 0.40452516233766234 0.5474085365853658 0.005478896103896104 0.003353658536585366
1 0.4173092532467532 0.5487804878048781 0.005073051948051948 0.003658536585365854
0 0.7231128246753247 0.5596036585365853 0.002232142857142857 0.007621951219512195
1 0.7270698051948052 0.5596036585365853 0.002840909090909091 0.008231707317073171
0 0.7302150974025974 0.5597560975609757 0.003043831168831169 0.007926829268292683
0 0.5151176948051948 0.5605182926829269 0.002637987012987013 0.008841463414634146
1 0.7195616883116883 0.5605182926829269 0.002840909090909091 0.007621951219512195
1 0.4577922077922078 0.561280487804878 0.002435064935064935 0.007926829268292683
1 0.6999797077922078 0.5695121951219512 0.002232142857142857 0.00853658536585366
1 0.6543222402597403 0.5696646341463415 0.0018262987012987013 0.008841463414634146
1 0.6576704545454546 0.5696646341463415 0.002029220779220779 0.008841463414634146
1 0.6515827922077922 0.5698170731707317 0.002435064935064935 0.007317073170731708
0 0.7306209415584416 0.5698170731707317 0.002637987012987013 0.007926829268292683
1 0.6484375 0.5699695121951219 0.002232142857142857 0.008231707317073171
1 0.6419439935064936 0.5702743902439025 0.002637987012987013 0.00701219512195122
1 0.6356534090909091 0.5704268292682927 0.002232142857142857 0.007926829268292683
1 0.6453936688311688 0.5704268292682927 0.003043831168831169 0.007926829268292683
1 0.7269683441558441 0.5704268292682927 0.003043831168831169 0.007317073170731708
1 0.6288555194805194 0.5707317073170731 0.002840909090909091 0.007926829268292683
1 0.6389001623376623 0.5707317073170731 0.002637987012987013 0.007926829268292683
1 0.7198660714285714 0.5707317073170731 0.003043831168831169 0.007926829268292683
1 0.6325081168831169 0.5710365853658537 0.002029220779220779 0.007926829268292683
1 0.6262175324675324 0.5711890243902439 0.002435064935064935 0.008231707317073171
1 0.6229707792207793 0.5713414634146341 0.002435064935064935 0.007317073170731708
1 0.619724025974026 0.5714939024390244 0.002029220779220779 0.008231707317073171
1 0.6166801948051948 0.5717987804878049 0.002435064935064935 0.007621951219512195
1 0.46063311688311687 0.5728658536585366 0.003246753246753247 0.012195121951219513
0 0.5723417207792207 0.5728658536585366 0.005073051948051948 0.003658536585365854
1 0.4577922077922078 0.5733231707317074 0.002840909090909091 0.013719512195121951
1 0.4640827922077922 0.573780487804878 0.003246753246753247 0.013414634146341463
1 0.5738636363636364 0.5804878048780487 0.002435064935064935 0.006707317073170732
0 0.5706168831168831 0.5809451219512195 0.002840909090909091 0.008231707317073171
1 0.7268668831168831 0.5833841463414634 0.00487012987012987 0.0039634146341463415
0 0.557426948051948 0.5835365853658536 0.00487012987012987 0.004878048780487805
0 0.5256696428571429 0.5844512195121951 0.005478896103896104 0.003048780487804878
1 0.6038961038961039 0.5910060975609757 0.002840909090909091 0.008231707317073171
0 0.6025771103896104 0.6036585365853658 0.005478896103896104 0.00426829268292683
0 0.700487012987013 0.6068597560975609 0.006087662337662338 0.004573170731707317
1 0.6347402597402597 0.6073170731707317 0.005681818181818182 0.00426829268292683
0 0.5822849025974026 0.6096036585365854 0.005478896103896104 0.0009146341463414635
0 0.4830560064935065 0.6117378048780487 0.004667207792207792 0.005182926829268293
1 0.7008928571428571 0.6117378048780487 0.005275974025974026 0.0039634146341463415
1 0.6345373376623377 0.6128048780487805 0.005275974025974026 0.00426829268292683
0 0.49239042207792205 0.6134146341463415 0.003043831168831169 0.007926829268292683
1 0.48924512987012986 0.613719512195122 0.002840909090909091 0.00853658536585366
1 0.700487012987013 0.6175304878048781 0.005681818181818182 0.0039634146341463415
0 0.7377232142857143 0.6208841463414634 0.005478896103896104 0.004573170731707317
0 0.48346185064935066 0.6221036585365853 0.005073051948051948 0.0039634146341463415
1 0.5864448051948052 0.6227134146341463 0.005275974025974026 0.0039634146341463415
1 0.6411323051948052 0.6227134146341463 0.0018262987012987013 0.009451219512195122
0 0.7009943181818182 0.6228658536585366 0.004261363636363636 0.004878048780487805
1 0.6348417207792207 0.6242378048780488 0.004667207792207792 0.003353658536585366
1 0.6956168831168831 0.6254573170731708 0.002435064935064935 0.009451219512195122
1 0.6809050324675324 0.6257621951219512 0.002637987012987013 0.008841463414634146
1 0.6738027597402597 0.6259146341463414 0.002637987012987013 0.007926829268292683
1 0.6696428571428571 0.6260670731707317 0.002840909090909091 0.008231707317073171
0 0.7379261363636364 0.6260670731707317 0.005478896103896104 0.003353658536585366
0 0.6777597402597403 0.626219512195122 0.002435064935064935 0.007317073170731708
1 0.5862418831168831 0.6269817073170731 0.005275974025974026 0.004573170731707317
1 0.645799512987013 0.6271341463414634 0.0034496753246753245 0.007926829268292683
0 0.6349431818181818 0.6292682926829268 0.004464285714285714 0.003658536585365854
0 0.7379261363636364 0.630640243902439 0.005478896103896104 0.0039634146341463415
0 0.635247564935065 0.6344512195121951 0.005073051948051948 0.003658536585365854
0 0.7381290584415584 0.6349085365853658 0.004667207792207792 0.0039634146341463415
0 0.713372564935065 0.6355182926829268 0.002637987012987013 0.007621951219512195
1 0.700385551948052 0.6359756097560976 0.002637987012987013 0.006707317073170732
0 0.7041396103896104 0.6359756097560976 0.002840909090909091 0.007926829268292683
0 0.6965300324675324 0.6364329268292683 0.002637987012987013 0.007621951219512195
1 0.6888189935064936 0.6365853658536585 0.003043831168831169 0.007926829268292683
1 0.5863433441558441 0.6367378048780488 0.00588474025974026 0.0039634146341463415
0 0.6920657467532467 0.6367378048780488 0.003043831168831169 0.008231707317073171
0 0.6775568181818182 0.636890243902439 0.003246753246753247 0.007926829268292683
0 0.685064935064935 0.636890243902439 0.002840909090909091 0.00853658536585366
1 0.6813108766233766 0.6370426829268293 0.002637987012987013 0.007621951219512195
1 0.6702516233766234 0.6371951219512195 0.002435064935064935 0.009146341463414634
0 0.6351461038961039 0.6400914634146342 0.005275974025974026 0.004573170731707317
1 0.3940746753246753 0.6407012195121952 0.003246753246753247 0.007621951219512195
0 0.4104099025974026 0.6407012195121952 0.003043831168831169 0.008841463414634146
0 0.3977272727272727 0.6408536585365854 0.002029220779220779 0.00853658536585366
0 0.401075487012987 0.6408536585365854 0.003043831168831169 0.00853658536585366
1 0.38768262987012986 0.6410060975609756 0.002637987012987013 0.007621951219512195
0 0.40726461038961037 0.6410060975609756 0.002840909090909091 0.008841463414634146
0 0.4224837662337662 0.6411585365853658 0.005275974025974026 0.00426829268292683
0 0.40401785714285715 0.6413109756097561 0.003246753246753247 0.009451219512195122
0 0.39092938311688313 0.6414634146341464 0.003043831168831169 0.00853658536585366
2 0.38382711038961037 0.64375 0.004261363636363636 0.010670731707317074
0 0.635450487012987 0.6454268292682926 0.005073051948051948 0.003658536585365854
0 0.6605113636363636 0.6463414634146342 0.002840909090909091 0.007317073170731708
1 0.42288961038961037 0.6466463414634146 0.006087662337662338 0.00426829268292683
0 0.635349025974026 0.6507621951219512 0.005275974025974026 0.004573170731707317
1 0.42278814935064934 0.6513719512195122 0.005478896103896104 0.0039634146341463415
0 0.4146712662337662 0.6515243902439024 0.002637987012987013 0.00853658536585366
0 0.5870535714285714 0.6515243902439024 0.005275974025974026 0.003658536585365854
1 0.4039163961038961 0.6516768292682927 0.002637987012987013 0.008231707317073171
1 0.40726461038961037 0.651829268292683 0.003246753246753247 0.007926829268292683
1 0.4106128246753247 0.651829268292683 0.002637987012987013 0.007926829268292683
0 0.41781655844155846 0.651829268292683 0.002029220779220779 0.007926829268292683
1 0.3979301948051948 0.6519817073170732 0.003246753246753247 0.007621951219512195
1 0.40137987012987014 0.6522865853658537 0.003246753246753247 0.00701219512195122
0 0.39468344155844154 0.6525914634146341 0.002840909090909091 0.008231707317073171
1 0.39163961038961037 0.6527439024390244 0.002435064935064935 0.007926829268292683
2 0.6569602272727273 0.6533536585365853 0.007913961038961038 0.006097560975609756
1 0.38687094155844154 0.6544207317073171 0.0018262987012987013 0.007621951219512195
2 0.6481331168831169 0.6544207317073171 0.007711038961038961 0.004573170731707317
1 0.3834212662337662 0.6548780487804878 0.002637987012987013 0.00853658536585366
0 0.3784496753246753 0.6564024390243902 0.005275974025974026 0.00426829268292683
0 0.635450487012987 0.6564024390243902 0.005073051948051948 0.003658536585365854
1 0.5864448051948052 0.6589939024390243 0.005681818181818182 0.004573170731707317
0 0.6996753246753247 0.6611280487804878 0.002435064935064935 0.007621951219512195
0 0.7130681818181818 0.6611280487804878 0.002435064935064935 0.007621951219512195
1 0.7026176948051948 0.661280487804878 0.003043831168831169 0.007317073170731708
1 0.705864448051948 0.661280487804878 0.002637987012987013 0.007926829268292683
1 0.7090097402597403 0.661280487804878 0.002840909090909091 0.007926829268292683
0 0.635450487012987 0.6617378048780488 0.005073051948051948 0.004573170731707317
0 0.6898336038961039 0.6617378048780488 0.002232142857142857 0.008841463414634146
1 0.6932832792207793 0.6617378048780488 0.002637987012987013 0.008231707317073171
0 0.6965300324675324 0.6617378048780488 0.002232142857142857 0.007621951219512195
1 0.6838474025974026 0.661890243902439 0.002435064935064935 0.007926829268292683
0 0.6869926948051948 0.661890243902439 0.002637987012987013 0.007926829268292683
0 0.42217938311688313 0.6623475609756098 0.005478896103896104 0.0039634146341463415
2 0.671672077922078 0.6625 0.002840909090909091 0.00853658536585366
2 0.6801948051948052 0.6628048780487805 0.003246753246753247 0.011585365853658536
0 0.3867694805194805 0.6629573170731707 0.004464285714285714 0.003353658536585366
0 0.6685267857142857 0.6629573170731707 0.002232142857142857 0.008231707317073171
1 0.6655844155844156 0.663109756097561 0.002840909090909091 0.00853658536585366
2 0.6758319805194806 0.6638719512195121 0.0034496753246753245 0.011890243902439025
0 0.5769074675324676 0.6644817073170731 0.005275974025974026 0.004573170731707317
0 0.6356534090909091 0.6673780487804878 0.004667207792207792 0.003658536585365854
0 0.3867694805194805 0.6676829268292683 0.005275974025974026 0.003658536585365854
0 0.4838676948051948 0.6682926829268293 0.006290584415584416 0.003658536585365854
0 0.5868506493506493 0.6685975609756097 0.005681818181818182 0.003048780487804878
0 0.6705560064935064 0.6698170731707317 0.005073051948051948 0.003658536585365854
1 0.7037337662337663 0.6699695121951219 0.002840909090909091 0.00701219512195122
0 0.7009943181818182 0.6701219512195122 0.003043831168831169 0.007926829268292683
0 0.698051948051948 0.6704268292682927 0.002435064935064935 0.007317073170731708
0 0.4225852272727273 0.6714939024390244 0.005073051948051948 0.003353658536585366
1 0.38687094155844154 0.6724085365853658 0.005073051948051948 0.0039634146341463415
0 0.6356534090909091 0.6725609756097561 0.005073051948051948 0.003658536585365854
0 0.5872564935064936 0.6760670731707317 0.004464285714285714 0.0039634146341463415
1 0.7007913961038961 0.6763719512195122 0.005478896103896104 0.0039634146341463415
0 0.5771103896103896 0.6765243902439024 0.005681818181818182 0.004878048780487805
1 0.3874797077922078 0.6769817073170732 0.005073051948051948 0.003353658536585366
0 0.6362621753246753 0.6778963414634146 0.005478896103896104 0.004573170731707317
2 0.421976461038961 0.6804878048780488 0.003043831168831169 0.011585365853658536
1 0.5771103896103896 0.6804878048780488 0.00487012987012987 0.003658536585365854
0 0.5870535714285714 0.6804878048780488 0.00487012987012987 0.003658536585365854
0 0.3869724025974026 0.6820121951219512 0.005681818181818182 0.00426829268292683
0 0.3795657467532468 0.6823170731707318 0.005073051948051948 0.003658536585365854
1 0.6361607142857143 0.6833841463414634 0.004464285714285714 0.003353658536585366
1 0.3871753246753247 0.6865853658536586 0.005275974025974026 0.003658536585365854
1 0.4797077922077922 0.686890243902439 0.005681818181818182 0.00426829268292683
0 0.42349837662337664 0.6882621951219512 0.005275974025974026 0.004573170731707317
0 0.7280844155844156 0.6897865853658537 0.005275974025974026 0.0039634146341463415
0 0.3796672077922078 0.6903963414634147 0.00487012987012987 0.004573170731707317
2 0.38656655844155846 0.691920731707317 0.007711038961038961 0.005792682926829268
1 0.6853693181818182 0.6923780487804878 0.0034496753246753245 0.003658536585365854
1 0.47828733766233766 0.6928353658536586 0.005681818181818182 0.0039634146341463415
1 0.6084618506493507 0.6946646341463415 0.002232142857142857 0.008231707317073171
1 0.6114042207792207 0.6948170731707317 0.002435064935064935 0.007317073170731708
0 0.617390422077922 0.6951219512195121 0.003043831168831169 0.009146341463414634
1 0.3796672077922078 0.6952743902439025 0.005275974025974026 0.003353658536585366
1 0.6051136363636364 0.6954268292682927 0.002435064935064935 0.007926829268292683
0 0.6139407467532467 0.6954268292682927 0.0034496753246753245 0.00853658536585366
1 0.598823051948052 0.6955792682926829 0.002840909090909091 0.008841463414634146
1 0.6019683441558441 0.6957317073170731 0.002232142857142857 0.007926829268292683
0 0.5853287337662337 0.6958841463414634 0.002637987012987013 0.008231707317073171
1 0.5917207792207793 0.6963414634146341 0.002840909090909091 0.009146341463414634
0 0.588575487012987 0.6964939024390244 0.002637987012987013 0.009451219512195122
1 0.6845576298701299 0.6966463414634146 0.005073051948051948 0.003658536585365854
2 0.5950689935064936 0.6974085365853658 0.0034496753246753245 0.011280487804878048
1 0.4239042207792208 0.6977134146341464 0.0036525974025974025 0.007621951219512195
1 0.4780844155844156 0.6977134146341464 0.00487012987012987 0.0039634146341463415
1 0.4210633116883117 0.6978658536585366 0.002840909090909091 0.007926829268292683
1 0.37976866883116883 0.6998475609756097 0.005073051948051948 0.0039634146341463415
0 0.6845576298701299 0.7012195121951219 0.005073051948051948 0.003658536585365854
0 0.45799512987012986 0.7030487804878048 0.005681818181818182 0.004878048780487805
1 0.46702516233766234 0.7032012195121952 0.007508116883116883 0.0039634146341463415
1 0.4524147727272727 0.7033536585365854 0.005478896103896104 0.003658536585365854
1 0.6328125 0.7060975609756097 0.002232142857142857 0.007926829268292683
0 0.6394074675324676 0.7060975609756097 0.002840909090909091 0.007926829268292683
1 0.6845576298701299 0.7060975609756097 0.005073051948051948 0.003658536585365854
1 0.6204342532467533 0.7064024390243903 0.002637987012987013 0.00853658536585366
0 0.6297686688311688 0.7064024390243903 0.002637987012987013 0.007317073170731708
0 0.6235795454545454 0.7067073170731707 0.002435064935064935 0.009146341463414634
1 0.6265219155844156 0.7067073170731707 0.002637987012987013 0.007926829268292683
0 0.6362621753246753 0.7067073170731707 0.002637987012987013 0.007926829268292683
0 0.4145698051948052 0.706859756097561 0.002840909090909091 0.007621951219512195
1 0.4211647727272727 0.706859756097561 0.003043831168831169 0.008231707317073171
0 0.41781655844155846 0.7070121951219512 0.002435064935064935 0.00853658536585366
1 0.411525974025974 0.7071646341463415 0.002840909090909091 0.009451219512195122
1 0.4242086038961039 0.7071646341463415 0.002637987012987013 0.007621951219512195
0 0.616984577922078 0.7071646341463415 0.0034496753246753245 0.010060975609756098
0 0.4050324675324675 0.7073170731707317 0.002840909090909091 0.007317073170731708
1 0.44439935064935066 0.7073170731707317 0.006493506493506494 0.003658536585365854
1 0.39884334415584416 0.707469512195122 0.003043831168831169 0.008841463414634146
0 0.4023944805194805 0.707469512195122 0.002029220779220779 0.00701219512195122
0 0.4081777597402597 0.7076219512195122 0.002637987012987013 0.007317073170731708
1 0.3961038961038961 0.7077743902439024 0.002029220779220779 0.008841463414634146
2 0.6134334415584416 0.7077743902439024 0.0036525974025974025 0.013109756097560975
1 0.3927556818181818 0.7079268292682926 0.002232142857142857 0.00853658536585366
1 0.38920454545454547 0.708079268292683 0.002435064935064935 0.009451219512195122
1 0.38311688311688313 0.7082317073170732 0.002029220779220779 0.00853658536585366
0 0.37662337662337664 0.7085365853658536 0.002435064935064935 0.009146341463414634
1 0.37987012987012986 0.708689024390244 0.002435064935064935 0.008841463414634146
1 0.3861607142857143 0.708689024390244 0.002435064935064935 0.008841463414634146
0 0.5916193181818182 0.7088414634146342 0.002232142857142857 0.00853658536585366
0 0.588676948051948 0.7092987804878049 0.002840909090909091 0.008231707317073171
2 0.5954748376623377 0.7096036585365854 0.0034496753246753245 0.010060975609756098
0 0.5853287337662337 0.7099085365853659 0.002232142857142857 0.008231707317073171
0 0.570109577922078 0.7114329268292683 0.003043831168831169 0.007621951219512195
2 0.7154017857142857 0.7129573170731708 0.0034496753246753245 0.011280487804878048
2 0.6385957792207793 0.7167682926829269 0.003246753246753247 0.011585365853658536
2 0.6316964285714286 0.717530487804878 0.003246753246753247 0.010670731707317074
0 0.42461444805194803 0.7176829268292683 0.002637987012987013 0.007317073170731708
2 0.6240868506493507 0.7176829268292683 0.0034496753246753245 0.00975609756097561
0 0.6444805194805194 0.7178353658536586 0.002435064935064935 0.008841463414634146
0 0.4180194805194805 0.7179878048780488 0.002840909090909091 0.007926829268292683
0 0.6351461038961039 0.7179878048780488 0.002435064935064935 0.00853658536585366
0 0.41497564935064934 0.7182926829268292 0.003246753246753247 0.007926829268292683
0 0.4082792207792208 0.7184451219512196 0.002840909090909091 0.00701219512195122
0 0.41183035714285715 0.7184451219512196 0.002637987012987013 0.007621951219512195
0 0.4213676948051948 0.7184451219512196 0.003043831168831169 0.008231707317073171
1 0.40249594155844154 0.7189024390243902 0.002637987012987013 0.007317073170731708
0 0.6206371753246753 0.7189024390243902 0.002637987012987013 0.007317073170731708
0 0.627637987012987 0.7189024390243902 0.002840909090909091 0.00853658536585366
1 0.617390422077922 0.7190548780487804 0.003043831168831169 0.008231707317073171
0 0.39935064935064934 0.7192073170731708 0.002029220779220779 0.009146341463414634
0 0.6108969155844156 0.7192073170731708 0.0034496753246753245 0.00853658536585366
0 0.40594561688311687 0.7195121951219512 0.0038555194805194805 0.007926829268292683
0 0.6046063311688312 0.7195121951219512 0.002637987012987013 0.007926829268292683
0 0.6078530844155844 0.7195121951219512 0.002637987012987013 0.00853658536585366
0 0.614549512987013 0.7195121951219512 0.003043831168831169 0.007926829268292683
0 0.6015625 0.719969512195122 0.002637987012987013 0.008841463414634146
1 0.6858766233766234 0.7204268292682927 0.0016233766233766235 0.007926829268292683
2 0.5958806818181818 0.7210365853658537 0.0034496753246753245 0.01097560975609756
0 0.5919237012987013 0.7221036585365853 0.002435064935064935 0.007621951219512195
0 0.5890827922077922 0.7224085365853659 0.002435064935064935 0.008231707317073171
0 0.5826907467532467 0.7227134146341463 0.002637987012987013 0.007621951219512195
0 0.7155032467532467 0.7253048780487805 0.002435064935064935 0.007926829268292683
0 0.6845576298701299 0.728810975609756 0.005073051948051948 0.0039634146341463415
1 0.4700689935064935 0.729420731707317 0.005478896103896104 0.0039634146341463415
0 0.5896915584415584 0.7335365853658536 0.005681818181818182 0.003658536585365854
0 0.5958806818181818 0.7341463414634146 0.005073051948051948 0.003658536585365854
0 0.5824878246753247 0.7350609756097561 0.005073051948051948 0.003658536585365854
1 0.4158887987012987 0.7359756097560975 0.002637987012987013 0.007926829268292683
1 0.419237012987013 0.7359756097560975 0.003246753246753247 0.007926829268292683
2 0.7157061688311688 0.7362804878048781 0.003246753246753247 0.01097560975609756
1 0.40665584415584416 0.7364329268292683 0.002435064935064935 0.007621951219512195
1 0.4096996753246753 0.7364329268292683 0.002840909090909091 0.007621951219512195
1 0.4128449675324675 0.7364329268292683 0.002637987012987013 0.008231707317073171
1 0.403713474025974 0.7368902439024391 0.002637987012987013 0.007317073170731708
0 0.5421063311688312 0.7376524390243903 0.002637987012987013 0.008231707317073171
1 0.554788961038961 0.7376524390243903 0.0016233766233766235 0.007621951219512195
0 0.5621956168831169 0.7376524390243903 0.002232142857142857 0.008231707317073171
1 0.5386566558441559 0.738109756097561 0.003043831168831169 0.007926829268292683
1 0.5517451298701299 0.7382621951219512 0.002840909090909091 0.007621951219512195
1 0.525872564935065 0.7388719512195122 0.002232142857142857 0.007621951219512195
1 0.500101461038961 0.7396341463414634 0.002637987012987013 0.00853658536585366
1 0.49695616883116883 0.739939024390244 0.002435064935064935 0.007926829268292683
1 0.46976461038961037 0.7416158536585366 0.002435064935064935 0.008231707317073171
1 0.45221185064935066 0.7422256097560975 0.002637987012987013 0.009451219512195122
0 0.40066964285714285 0.7454268292682927 0.002232142857142857 0.007317073170731708
1 0.44054383116883117 0.7464939024390244 0.005681818181818182 0.005182926829268293
1 0.588372564935065 0.7672256097560975 0.006290584415584416 0.00274390243902439
1 0.5967938311688312 0.7672256097560975 0.005275974025974026 0.003353658536585366
0 0.5761972402597403 0.7684451219512195 0.007102272727272727 0.0039634146341463415
0 0.5536728896103896 0.7689024390243903 0.006290584415584416 0.0024390243902439024
0 0.5423092532467533 0.7692073170731707 0.005478896103896104 0.003658536585365854
1 0.5351055194805194 0.7696646341463415 0.005681818181818182 0.003353658536585366
0 0.5211038961038961 0.770579268292683 0.005681818181818182 0.003353658536585366
1 0.5043628246753247 0.771189024390244 0.005073051948051948 0.003353658536585366
0 0.4729099025974026 0.7728658536585366 0.005478896103896104 0.003048780487804878
0 0.3963068181818182 0.7754573170731708 0.005681818181818182 0.004573170731707317
1 0.7246347402597403 0.7795731707317073 0.002840909090909091 0.00853658536585366
1 0.721286525974026 0.780030487804878 0.002232142857142857 0.008231707317073171
2 0.7204748376623377 0.792530487804878 0.0038555194805194805 0.011890243902439025
2 0.7247362012987013 0.7926829268292683 0.0034496753246753245 0.01097560975609756
1 0.6005478896103896 0.793140243902439 0.007508116883116883 0.003353658536585366
0 0.5890827922077922 0.7934451219512195 0.006493506493506494 0.003353658536585366
0 0.5529626623376623 0.7960365853658536 0.005275974025974026 0.00426829268292683
0 0.5214082792207793 0.7966463414634146 0.005478896103896104 0.004878048780487805
1 0.505377435064935 0.7981707317073171 0.006290584415584416 0.003658536585365854
0 0.4729099025974026 0.7993902439024391 0.00588474025974026 0.00426829268292683
0 0.43374594155844154 0.801219512195122 0.005073051948051948 0.004878048780487805
0 0.3969155844155844 0.8019817073170732 0.005681818181818182 0.0039634146341463415
0 0.7249391233766234 0.8035060975609756 0.002232142857142857 0.008231707317073171
0 0.7204748376623377 0.8036585365853659 0.002637987012987013 0.00853658536585366
1 0.43892045454545453 0.2621951219512195 0.005275974025974026 0.00426829268292683
1 0.4388189935064935 0.26234756097560974 0.005073051948051948 0.0039634146341463415
1 0.38423295454545453 0.2628048780487805 0.002637987012987013 0.007926829268292683
1 0.38058035714285715 0.2629573170731707 0.002232142857142857 0.008231707317073171
1 0.455661525974026 0.2690548780487805 0.005478896103896104 0.0039634146341463415
1 0.6672077922077922 0.26920731707317075 0.002435064935064935 0.00853658536585366
1 0.6610186688311688 0.26966463414634145 0.002232142857142857 0.009451219512195122
1 0.43729707792207795 0.2710365853658537 0.002840909090909091 0.007926829268292683
1 0.4343547077922078 0.2711890243902439 0.002637987012987013 0.007621951219512195
1 0.43719561688311687 0.27134146341463417 0.002637987012987013 0.007926829268292683
1 0.4340503246753247 0.2714939024390244 0.002435064935064935 0.00701219512195122
1 0.42157061688311687 0.27179878048780487 0.003043831168831169 0.008231707317073171
1 0.42481737012987014 0.27179878048780487 0.003043831168831169 0.008231707317073171
1 0.40533685064935066 0.27271341463414633 0.003043831168831169 0.008231707317073171
1 0.41101866883116883 0.27271341463414633 0.002637987012987013 0.008841463414634146
1 0.6403206168831169 0.27271341463414633 0.002637987012987013 0.008231707317073171
1 0.4080762987012987 0.2731707317073171 0.002435064935064935 0.007926829268292683
0 0.7117491883116883 0.2733231707317073 0.002637987012987013 0.008231707317073171
0 0.7025162337662337 0.27378048780487807 0.003246753246753247 0.007926829268292683
1 0.7087053571428571 0.27378048780487807 0.003043831168831169 0.007926829268292683
0 0.705661525974026 0.2739329268292683 0.003043831168831169 0.008841463414634146
1 0.687398538961039 0.2742378048780488 0.002637987012987013 0.009451219512195122
1 0.6972402597402597 0.2742378048780488 0.002840909090909091 0.009451219512195122
1 0.6842532467532467 0.27454268292682926 0.002840909090909091 0.008231707317073171
1 0.455762987012987 0.27484756097560975 0.005681818181818182 0.004573170731707317
1 0.3601866883116883 0.275 0.002840909090909091 0.007926829268292683
0 0.6807021103896104 0.275 0.002637987012987013 0.00853658536585366
0 0.5586444805194806 0.2759146341463415 0.002840909090909091 0.00853658536585366
1 0.3840300324675325 0.2791158536585366 0.003043831168831169 0.008231707317073171
1 0.3864650974025974 0.2791158536585366 0.002637987012987013 0.007621951219512195
1 0.37459415584415584 0.27942073170731707 0.002435064935064935 0.007621951219512195
1 0.37773944805194803 0.27957317073170734 0.002637987012987013 0.00853658536585366
1 0.3804788961038961 0.27972560975609756 0.002435064935064935 0.008841463414634146
1 0.3716517857142857 0.28003048780487805 0.002637987012987013 0.008231707317073171
1 0.40198863636363635 0.28125 0.005275974025974026 0.004573170731707317
1 0.4083806818181818 0.28125 0.005478896103896104 0.0039634146341463415
0 0.3734780844155844 0.286280487804878 0.005073051948051948 0.00426829268292683
0 0.687702922077922 0.286890243902439 0.005681818181818182 0.003658536585365854
0 0.710734577922078 0.29314024390243903 0.005073051948051948 0.0039634146341463415
1 0.5290178571428571 0.2945121951219512 0.002435064935064935 0.00548780487804878
0 0.4699675324675325 0.29557926829268294 0.003246753246753247 0.008231707317073171
