2 0.6490384615384616 0.38221153846153844 0.009615384615384616 0.004807692307692308
2 0.6478365384615384 0.3870192307692308 0.007211538461538462 0.004807692307692308
2 0.6382211538461539 0.3894230769230769 0.007211538461538462 0.004807692307692308
2 0.6502403846153846 0.3918269230769231 0.007211538461538462 0.004807692307692308
2 0.6502403846153846 0.39663461538461536 0.007211538461538462 0.004807692307692308
2 0.6382211538461539 0.39903846153846156 0.007211538461538462 0.004807692307692308
2 0.6502403846153846 0.4014423076923077 0.007211538461538462 0.004807692307692308
2 0.640625 0.40865384615384615 0.007211538461538462 0.004807692307692308
2 0.6502403846153846 0.40625 0.007211538461538462 0.004807692307692308
2 0.671875 0.4182692307692308 0.007211538461538462 0.004807692307692308
2 0.6658653846153846 0.45913461538461536 0.009615384615384616 0.004807692307692308
2 0.6478365384615384 0.46153846153846156 0.007211538461538462 0.004807692307692308
2 0.6646634615384616 0.4639423076923077 0.007211538461538462 0.004807692307692308
2 0.6646634615384616 0.46875 0.007211538461538462 0.004807692307692308
2 0.6490384615384616 0.47115384615384615 0.009615384615384616 0.004807692307692308
2 0.6670673076923077 0.47596153846153844 0.007211538461538462 0.004807692307692308
2 0.6598557692307693 0.47596153846153844 0.007211538461538462 0.004807692307692308
2 0.6502403846153846 0.4807692307692308 0.007211538461538462 0.004807692307692308
2 0.6670673076923077 0.4807692307692308 0.007211538461538462 0.004807692307692308
2 0.6670673076923077 0.4855769230769231 0.007211538461538462 0.004807692307692308
2 0.6598557692307693 0.4855769230769231 0.007211538461538462 0.004807692307692308
2 0.6814903846153846 0.5504807692307693 0.007211538461538462 0.004807692307692308
2 0.6838942307692307 0.5673076923076923 0.007211538461538462 0.004807692307692308
2 0.6862980769230769 0.5817307692307693 0.007211538461538462 0.004807692307692308
