2 0.5637019230769231 0.375 0.007211538461538462 0.004807692307692308
2 0.5625 0.38221153846153844 0.009615384615384616 0.004807692307692308
2 0.5276442307692307 0.41346153846153844 0.007211538461538462 0.019230769230769232
2 0.21875 0.45552884615384615 0.009615384615384616 0.007211538461538462
2 0.18028846153846154 0.46274038461538464 0.014423076923076924 0.01201923076923077
2 0.20192307692307693 0.47115384615384615 0.009615384615384616 0.009615384615384616
2 0.3076923076923077 0.46033653846153844 0.028846153846153848 0.040865384615384616
2 0.36538461538461536 0.453125 0.028846153846153848 0.040865384615384616
2 0.3389423076923077 0.4579326923076923 0.028846153846153848 0.040865384615384616
2 0.4639423076923077 0.44350961538461536 0.028846153846153848 0.036057692307692304
2 0.43509615384615385 0.4483173076923077 0.028846153846153848 0.040865384615384616
2 0.49278846153846156 0.4423076923076923 0.028846153846153848 0.038461538461538464
2 0.6466346153846154 0.4254807692307692 0.004807692307692308 0.009615384615384616
2 0.6262019230769231 0.44591346153846156 0.007211538461538462 0.01201923076923077
2 0.6814903846153846 0.5012019230769231 0.01201923076923077 0.01201923076923077
2 0.6129807692307693 0.5432692307692307 0.009615384615384616 0.004807692307692308
2 0.625 0.546875 0.009615384615384616 0.007211538461538462
2 0.6490384615384616 0.5576923076923077 0.009615384615384616 0.009615384615384616
