1 0.35336538461538464 0.27884615384615385 0.009615384615384616 0.009615384615384616
1 0.37259615384615385 0.18028846153846154 0.009615384615384616 0.009615384615384616
1 0.3485576923076923 0.41346153846153844 0.009615384615384616 0.009615384615384616
1 0.35096153846153844 0.3942307692307692 0.009615384615384616 0.009615384615384616
1 0.34615384615384615 0.43028846153846156 0.009615384615384616 0.009615384615384616
1 0.3485576923076923 0.40384615384615385 0.009615384615384616 0.009615384615384616
1 0.34375 0.43509615384615385 0.009615384615384616 0.009615384615384616
1 0.38461538461538464 0.18269230769230768 0.009615384615384616 0.009615384615384616
1 0.3798076923076923 0.27403846153846156 0.009615384615384616 0.009615384615384616
1 0.3629807692307692 0.39903846153846156 0.009615384615384616 0.009615384615384616
1 0.3605769230769231 0.40865384615384615 0.009615384615384616 0.009615384615384616
1 0.3894230769230769 0.27403846153846156 0.009615384615384616 0.009615384615384616
1 0.3629807692307692 0.4567307692307692 0.009615384615384616 0.009615384615384616
1 0.3629807692307692 0.4639423076923077 0.009615384615384616 0.009615384615384616
1 0.3605769230769231 0.4807692307692308 0.009615384615384616 0.009615384615384616
1 0.3629807692307692 0.47475961538461536 0.009615384615384616 0.007211538461538462
1 0.3545673076923077 0.5324519230769231 0.01201923076923077 0.01201923076923077
1 0.35336538461538464 0.5408653846153846 0.009615384615384616 0.009615384615384616
2 0.40384615384615385 0.1875 0.004807692307692308 0.004807692307692308
2 0.3918269230769231 0.3269230769230769 0.004807692307692308 0.004807692307692308
1 0.39903846153846156 0.2764423076923077 0.009615384615384616 0.009615384615384616
2 0.39903846153846156 0.31971153846153844 0.004807692307692308 0.004807692307692308
2 0.40625 0.31971153846153844 0.004807692307692308 0.004807692307692308
1 0.3894230769230769 0.44711538461538464 0.009615384615384616 0.009615384615384616
1 0.4014423076923077 0.44711538461538464 0.009615384615384616 0.009615384615384616
2 0.390625 0.5745192307692307 0.036057692307692304 0.03365384615384615
1 0.4110576923076923 0.4495192307692308 0.009615384615384616 0.009615384615384616
1 0.4230769230769231 0.4519230769230769 0.009615384615384616 0.009615384615384616
1 0.4338942307692308 0.4519230769230769 0.01201923076923077 0.009615384615384616
1 0.44471153846153844 0.4543269230769231 0.009615384615384616 0.009615384615384616
1 0.4543269230769231 0.4543269230769231 0.009615384615384616 0.009615384615384616
1 0.49038461538461536 0.2668269230769231 0.009615384615384616 0.009615384615384616
1 0.46634615384615385 0.4567307692307692 0.009615384615384616 0.009615384615384616
1 0.5 0.23076923076923078 0.009615384615384616 0.009615384615384616
1 0.49278846153846156 0.31971153846153844 0.009615384615384616 0.009615384615384616
1 0.49278846153846156 0.328125 0.009615384615384616 0.007211538461538462
1 0.47836538461538464 0.4579326923076923 0.009615384615384616 0.007211538461538462
1 0.5120192307692307 0.23076923076923078 0.009615384615384616 0.009615384615384616
1 0.5024038461538461 0.34134615384615385 0.009615384615384616 0.009615384615384616
1 0.5012019230769231 0.3485576923076923 0.01201923076923077 0.009615384615384616
1 0.4891826923076923 0.46033653846153844 0.01201923076923077 0.007211538461538462
1 0.5120192307692307 0.34134615384615385 0.009615384615384616 0.009615384615384616
1 0.5096153846153846 0.35096153846153844 0.009615384615384616 0.009615384615384616
1 0.5 0.46033653846153844 0.009615384615384616 0.007211538461538462
1 0.5096153846153846 0.46153846153846156 0.009615384615384616 0.009615384615384616
1 0.5204326923076923 0.4639423076923077 0.01201923076923077 0.009615384615384616
1 0.5360576923076923 0.3581730769230769 0.009615384615384616 0.009615384615384616
1 0.53125 0.4639423076923077 0.009615384615384616 0.009615384615384616
2 0.5528846153846154 0.36778846153846156 0.004807692307692308 0.004807692307692308
1 0.5408653846153846 0.4651442307692308 0.009615384615384616 0.007211538461538462
1 0.5721153846153846 0.2764423076923077 0.009615384615384616 0.009615384615384616
2 0.5600961538461539 0.3894230769230769 0.004807692307692308 0.004807692307692308
1 0.5480769230769231 0.4735576923076923 0.009615384615384616 0.009615384615384616
1 0.5504807692307693 0.5048076923076923 0.009615384615384616 0.009615384615384616
1 0.5528846153846154 0.49759615384615385 0.009615384615384616 0.009615384615384616
1 0.5576923076923077 0.47596153846153844 0.009615384615384616 0.009615384615384616
1 0.5552884615384616 0.5120192307692307 0.009615384615384616 0.009615384615384616
2 0.5576923076923077 0.5492788461538461 0.009615384615384616 0.007211538461538462
2 0.5528846153846154 0.6021634615384616 0.028846153846153848 0.03125
1 0.6105769230769231 0.24519230769230768 0.009615384615384616 0.009615384615384616
1 0.625 0.24519230769230768 0.009615384615384616 0.009615384615384616
1 0.6129807692307693 0.5384615384615384 0.009615384615384616 0.009615384615384616
2 0.6682692307692307 0.21153846153846154 0.004807692307692308 0.004807692307692308
2 0.6466346153846154 0.38461538461538464 0.004807692307692308 0.004807692307692308
2 0.625 0.5444711538461539 0.009615384615384616 0.007211538461538462
2 0.625 0.5516826923076923 0.009615384615384616 0.007211538461538462
2 0.625 0.5492788461538461 0.009615384615384616 0.007211538461538462
2 0.625 0.5564903846153846 0.009615384615384616 0.007211538461538462
2 0.6298076923076923 0.53125 0.004807692307692308 0.004807692307692308
2 0.6514423076923077 0.38822115384615385 0.009615384615384616 0.007211538461538462
2 0.6538461538461539 0.38461538461538464 0.004807692307692308 0.004807692307692308
2 0.6514423076923077 0.4014423076923077 0.004807692307692308 0.004807692307692308
2 0.6538461538461539 0.3942307692307692 0.004807692307692308 0.004807692307692308
2 0.6346153846153846 0.5324519230769231 0.004807692307692308 0.007211538461538462
2 0.6850961538461539 0.21394230769230768 0.004807692307692308 0.004807692307692308
1 0.6634615384615384 0.38461538461538464 0.009615384615384616 0.009615384615384616
1 0.6634615384615384 0.3954326923076923 0.009615384615384616 0.007211538461538462
0 0.6610576923076923 0.4014423076923077 0.009615384615384616 0.009615384615384616
1 0.6658653846153846 0.37740384615384615 0.009615384615384616 0.009615384615384616
2 0.6586538461538461 0.41586538461538464 0.009615384615384616 0.004807692307692308
1 0.6538461538461539 0.46153846153846156 0.009615384615384616 0.009615384615384616
1 0.6514423076923077 0.49038461538461536 0.009615384615384616 0.009615384615384616
1 0.6538461538461539 0.47596153846153844 0.009615384615384616 0.009615384615384616
1 0.6490384615384616 0.5120192307692307 0.009615384615384616 0.009615384615384616
2 0.6634615384615384 0.4423076923076923 0.009615384615384616 0.004807692307692308
2 0.6610576923076923 0.4483173076923077 0.009615384615384616 0.007211538461538462
2 0.6778846153846154 0.4387019230769231 0.009615384615384616 0.007211538461538462
2 0.6610576923076923 0.5564903846153846 0.009615384615384616 0.007211538461538462
2 0.6875 0.44591346153846156 0.009615384615384616 0.007211538461538462
2 0.6875 0.4411057692307692 0.009615384615384616 0.007211538461538462
2 0.6875 0.4483173076923077 0.009615384615384616 0.007211538461538462
2 0.6850961538461539 0.45072115384615385 0.009615384615384616 0.007211538461538462
1 0.2403846153846154 0.28966346153846156 0.009615384615384616 0.007211538461538462
2 0.2091346153846154 0.5024038461538461 0.004807692307692308 0.004807692307692308
1 0.24278846153846154 0.28365384615384615 0.009615384615384616 0.009615384615384616
1 0.25240384615384615 0.2920673076923077 0.009615384615384616 0.007211538461538462
0 0.22355769230769232 0.5060096153846154 0.009615384615384616 0.007211538461538462
1 0.22355769230769232 0.5144230769230769 0.009615384615384616 0.009615384615384616
0 0.21875 0.5552884615384616 0.009615384615384616 0.009615384615384616
1 0.21875 0.5456730769230769 0.009615384615384616 0.009615384615384616
1 0.25721153846153844 0.2860576923076923 0.009615384615384616 0.009615384615384616
1 0.24278846153846154 0.5096153846153846 0.009615384615384616 0.009615384615384616
1 0.2644230769230769 0.47836538461538464 0.009615384615384616 0.009615384615384616
1 0.28846153846153844 0.31971153846153844 0.009615384615384616 0.009615384615384616
1 0.28846153846153844 0.3269230769230769 0.009615384615384616 0.009615384615384616
1 0.2860576923076923 0.34615384615384615 0.009615384615384616 0.009615384615384616
1 0.2860576923076923 0.33653846153846156 0.009615384615384616 0.009615384615384616
1 0.28365384615384615 0.40865384615384615 0.009615384615384616 0.009615384615384616
1 0.28365384615384615 0.41586538461538464 0.009615384615384616 0.009615384615384616
2 0.2644230769230769 0.5600961538461539 0.004807692307692308 0.004807692307692308
2 0.31490384615384615 0.22235576923076922 0.009615384615384616 0.007211538461538462
2 0.31490384615384615 0.2247596153846154 0.009615384615384616 0.007211538461538462
