2 0.40024038461538464 0.40024038461538464 0.007211538461538462 0.007211538461538462
2 0.4074519230769231 0.4014423076923077 0.007211538461538462 0.009615384615384616
2 0.4254807692307692 0.44471153846153844 0.019230769230769232 0.009615384615384616
2 0.36778846153846156 0.7536057692307693 0.009615384615384616 0.01201923076923077
2 0.36177884615384615 0.7896634615384616 0.01201923076923077 0.016826923076923076
2 0.3762019230769231 0.7728365384615384 0.01201923076923077 0.01201923076923077
2 0.39903846153846156 0.6694711538461539 0.04326923076923077 0.03125
2 0.41346153846153844 0.6117788461538461 0.04326923076923077 0.03125
2 0.40625 0.6382211538461539 0.04326923076923077 0.03125
2 0.43509615384615385 0.515625 0.038461538461538464 0.03125
2 0.43028846153846156 0.546875 0.04326923076923077 0.03125
2 0.44350961538461536 0.4891826923076923 0.040865384615384616 0.03125
2 0.47596153846153844 0.33774038461538464 0.009615384615384616 0.007211538461538462
2 0.4891826923076923 0.3641826923076923 0.01201923076923077 0.007211538461538462
2 0.5588942307692307 0.3293269230769231 0.01201923076923077 0.014423076923076924
2 0.5757211538461539 0.40865384615384615 0.007211538461538462 0.009615384615384616
2 0.5841346153846154 0.39783653846153844 0.009615384615384616 0.01201923076923077
2 0.6021634615384616 0.3786057692307692 0.01201923076923077 0.01201923076923077
