1 0.2247596153846154 0.33413461538461536 0.007211538461538462 0.009615384615384616
1 0.20673076923076922 0.33653846153846156 0.004807692307692308 0.009615384615384616
2 0.265625 0.33653846153846156 0.002403846153846154 0.009615384615384616
1 0.2512019230769231 0.34375 0.007211538461538462 0.009615384615384616
1 0.23918269230769232 0.34375 0.007211538461538462 0.009615384615384616
2 0.27524038461538464 0.3918269230769231 0.002403846153846154 0.009615384615384616
1 0.6237980769230769 0.36538461538461536 0.007211538461538462 0.009615384615384616
2 0.2980769230769231 0.40865384615384615 0.004807692307692308 0.004807692307692308
1 0.2644230769230769 0.41586538461538464 0.004807692307692308 0.009615384615384616
2 0.1201923076923077 0.4375 0.009615384615384616 0.004807692307692308
1 0.5649038461538461 0.39663461538461536 0.004807692307692308 0.009615384615384616
1 0.5600961538461539 0.40865384615384615 0.004807692307692308 0.009615384615384616
2 0.6322115384615384 0.4014423076923077 0.009615384615384616 0.014423076923076924
1 0.20552884615384615 0.4807692307692308 0.007211538461538462 0.009615384615384616
2 0.4519230769230769 0.47716346153846156 0.004807692307692308 0.007211538461538462
2 0.37259615384615385 0.5216346153846154 0.004807692307692308 0.009615384615384616
1 0.20432692307692307 0.5432692307692307 0.004807692307692308 0.009615384615384616
2 0.37740384615384615 0.5300480769230769 0.004807692307692308 0.007211538461538462
1 0.2512019230769231 0.6069711538461539 0.007211538461538462 0.01201923076923077
1 0.33774038461538464 0.6322115384615384 0.007211538461538462 0.009615384615384616
1 0.33052884615384615 0.6322115384615384 0.007211538461538462 0.009615384615384616
2 0.5072115384615384 0.6177884615384616 0.004807692307692308 0.009615384615384616
2 0.6478365384615384 0.6081730769230769 0.03125 0.038461538461538464
1 0.36899038461538464 0.6370192307692307 0.007211538461538462 0.009615384615384616
1 0.3269230769230769 0.6610576923076923 0.004807692307692308 0.009615384615384616
2 0.6502403846153846 0.6358173076923077 0.026442307692307692 0.021634615384615384
2 0.5444711538461539 0.6574519230769231 0.03125 0.036057692307692304
2 0.47716346153846156 0.6766826923076923 0.002403846153846154 0.007211538461538462
2 0.48197115384615385 0.6766826923076923 0.002403846153846154 0.007211538461538462
2 0.484375 0.6766826923076923 0.002403846153846154 0.007211538461538462
2 0.48677884615384615 0.6766826923076923 0.002403846153846154 0.007211538461538462
1 0.2668269230769231 0.7019230769230769 0.004807692307692308 0.009615384615384616
1 0.4639423076923077 0.6947115384615384 0.004807692307692308 0.009615384615384616
1 0.2644230769230769 0.7259615384615384 0.004807692307692308 0.009615384615384616
1 0.27163461538461536 0.7259615384615384 0.004807692307692308 0.009615384615384616
1 0.5757211538461539 0.6947115384615384 0.007211538461538462 0.009615384615384616
1 0.6322115384615384 0.6887019230769231 0.004807692307692308 0.007211538461538462
1 0.6262019230769231 0.6911057692307693 0.002403846153846154 0.007211538461538462
1 0.6201923076923077 0.6911057692307693 0.004807692307692308 0.007211538461538462
1 0.6382211538461539 0.6899038461538461 0.002403846153846154 0.004807692307692308
1 0.6358173076923077 0.6911057692307693 0.002403846153846154 0.007211538461538462
1 0.6237980769230769 0.6911057692307693 0.002403846153846154 0.007211538461538462
1 0.6430288461538461 0.6899038461538461 0.002403846153846154 0.004807692307692308
1 0.6382211538461539 0.6899038461538461 0.002403846153846154 0.009615384615384616
1 0.6574519230769231 0.6911057692307693 0.007211538461538462 0.007211538461538462
2 0.5204326923076923 0.7067307692307693 0.002403846153846154 0.009615384615384616
2 0.35096153846153844 0.7307692307692307 0.004807692307692308 0.004807692307692308
2 0.3173076923076923 0.7355769230769231 0.004807692307692308 0.004807692307692308
2 0.6682692307692307 0.6971153846153846 0.004807692307692308 0.009615384615384616
1 0.23677884615384615 0.21875 0.007211538461538462 0.009615384615384616
1 0.3786057692307692 0.20552884615384615 0.007211538461538462 0.007211538461538462
1 0.3713942307692308 0.20552884615384615 0.007211538461538462 0.007211538461538462
1 0.39302884615384615 0.20432692307692307 0.007211538461538462 0.009615384615384616
1 0.4098557692307692 0.203125 0.007211538461538462 0.007211538461538462
1 0.3858173076923077 0.20552884615384615 0.007211538461538462 0.007211538461538462
1 0.41466346153846156 0.203125 0.007211538461538462 0.007211538461538462
1 0.40024038461538464 0.20432692307692307 0.007211538461538462 0.009615384615384616
1 0.421875 0.20192307692307693 0.007211538461538462 0.009615384615384616
1 0.4362980769230769 0.20072115384615385 0.007211538461538462 0.007211538461538462
1 0.42908653846153844 0.203125 0.007211538461538462 0.007211538461538462
2 0.5793269230769231 0.1875 0.004807692307692308 0.004807692307692308
1 0.44350961538461536 0.20192307692307693 0.007211538461538462 0.009615384615384616
1 0.45072115384615385 0.20072115384615385 0.007211538461538462 0.007211538461538462
1 0.48677884615384615 0.1971153846153846 0.007211538461538462 0.009615384615384616
1 0.4795673076923077 0.1971153846153846 0.007211538461538462 0.009615384615384616
1 0.47475961538461536 0.1971153846153846 0.007211538461538462 0.009615384615384616
1 0.5084134615384616 0.19471153846153846 0.007211538461538462 0.009615384615384616
1 0.5012019230769231 0.19471153846153846 0.007211538461538462 0.004807692307692308
1 0.515625 0.19471153846153846 0.007211538461538462 0.009615384615384616
1 0.4963942307692308 0.19591346153846154 0.007211538461538462 0.007211538461538462
1 0.5300480769230769 0.19230769230769232 0.007211538461538462 0.009615384615384616
1 0.5228365384615384 0.19471153846153846 0.007211538461538462 0.009615384615384616
1 0.5516826923076923 0.19110576923076922 0.007211538461538462 0.007211538461538462
1 0.5372596153846154 0.19110576923076922 0.007211538461538462 0.007211538461538462
1 0.5661057692307693 0.18870192307692307 0.007211538461538462 0.007211538461538462
1 0.5588942307692307 0.19110576923076922 0.007211538461538462 0.007211538461538462
1 0.5444711538461539 0.19110576923076922 0.007211538461538462 0.007211538461538462
1 0.5733173076923077 0.18870192307692307 0.007211538461538462 0.007211538461538462
1 0.22355769230769232 0.22956730769230768 0.004807692307692308 0.007211538461538462
1 0.24879807692307693 0.2283653846153846 0.007211538461538462 0.009615384615384616
1 0.24158653846153846 0.2283653846153846 0.007211538461538462 0.009615384615384616
1 0.2127403846153846 0.23317307692307693 0.007211538461538462 0.009615384615384616
1 0.23317307692307693 0.23076923076923078 0.004807692307692308 0.009615384615384616
1 0.2704326923076923 0.22596153846153846 0.007211538461538462 0.009615384615384616
1 0.20552884615384615 0.23317307692307693 0.007211538461538462 0.009615384615384616
1 0.25600961538461536 0.2283653846153846 0.007211538461538462 0.009615384615384616
1 0.2644230769230769 0.23798076923076922 0.004807692307692308 0.009615384615384616
1 0.19230769230769232 0.25 0.004807692307692308 0.009615384615384616
1 0.27403846153846156 0.24278846153846154 0.004807692307692308 0.009615384615384616
1 0.2668269230769231 0.25240384615384615 0.004807692307692308 0.009615384615384616
1 0.19471153846153846 0.2620192307692308 0.004807692307692308 0.009615384615384616
1 0.31490384615384615 0.2548076923076923 0.004807692307692308 0.009615384615384616
1 0.19471153846153846 0.27403846153846156 0.004807692307692308 0.009615384615384616
1 0.2692307692307692 0.2668269230769231 0.004807692307692308 0.009615384615384616
1 0.2692307692307692 0.2764423076923077 0.004807692307692308 0.009615384615384616
1 0.3173076923076923 0.28125 0.004807692307692308 0.009615384615384616
1 0.18509615384615385 0.2980769230769231 0.004807692307692308 0.009615384615384616
1 0.38822115384615385 0.2860576923076923 0.007211538461538462 0.009615384615384616
1 0.4026442307692308 0.2860576923076923 0.007211538461538462 0.009615384615384616
1 0.3954326923076923 0.2860576923076923 0.007211538461538462 0.009615384615384616
1 0.38100961538461536 0.2860576923076923 0.007211538461538462 0.009615384615384616
1 0.42427884615384615 0.28365384615384615 0.007211538461538462 0.009615384615384616
1 0.4098557692307692 0.28365384615384615 0.007211538461538462 0.009615384615384616
1 0.4387019230769231 0.28125 0.007211538461538462 0.009615384615384616
1 0.44591346153846156 0.2824519230769231 0.007211538461538462 0.007211538461538462
1 0.4170673076923077 0.28365384615384615 0.007211538461538462 0.009615384615384616
1 0.453125 0.28125 0.007211538461538462 0.009615384615384616
1 0.43149038461538464 0.28365384615384615 0.007211538461538462 0.009615384615384616
1 0.46033653846153844 0.27884615384615385 0.007211538461538462 0.009615384615384616
1 0.4963942307692308 0.27524038461538464 0.007211538461538462 0.007211538461538462
1 0.4675480769230769 0.2800480769230769 0.007211538461538462 0.007211538461538462
1 0.5180288461538461 0.27403846153846156 0.007211538461538462 0.009615384615384616
1 0.5108173076923077 0.27403846153846156 0.007211538461538462 0.009615384615384616
1 0.4891826923076923 0.2764423076923077 0.007211538461538462 0.009615384615384616
1 0.5036057692307693 0.2764423076923077 0.007211538461538462 0.009615384615384616
1 0.5444711538461539 0.27163461538461536 0.007211538461538462 0.009615384615384616
1 0.5324519230769231 0.27283653846153844 0.007211538461538462 0.007211538461538462
1 0.5252403846153846 0.27403846153846156 0.007211538461538462 0.009615384615384616
1 0.5396634615384616 0.27403846153846156 0.007211538461538462 0.009615384615384616
1 0.5612980769230769 0.27163461538461536 0.007211538461538462 0.009615384615384616
1 0.5516826923076923 0.27163461538461536 0.007211538461538462 0.009615384615384616
1 0.5733173076923077 0.2692307692307692 0.007211538461538462 0.009615384615384616
1 0.5661057692307693 0.2704326923076923 0.007211538461538462 0.007211538461538462
1 0.5805288461538461 0.2692307692307692 0.007211538461538462 0.009615384615384616
2 0.2692307692307692 0.3173076923076923 0.004807692307692308 0.004807692307692308
1 0.18990384615384615 0.33413461538461536 0.004807692307692308 0.009615384615384616
1 0.24278846153846154 0.3317307692307692 0.004807692307692308 0.009615384615384616
1 0.2536057692307692 0.3317307692307692 0.007211538461538462 0.009615384615384616
