1 0.28125 0.7367788461538461 0.009615384615384616 0.007211538461538462
1 0.27884615384615385 0.7524038461538461 0.009615384615384616 0.004807692307692308
2 0.29086538461538464 0.6959134615384616 0.009615384615384616 0.002403846153846154
1 0.2956730769230769 0.7127403846153846 0.009615384615384616 0.007211538461538462
1 0.2932692307692308 0.7247596153846154 0.009615384615384616 0.007211538461538462
2 0.3485576923076923 0.7007211538461539 0.009615384615384616 0.002403846153846154
1 0.3918269230769231 0.35216346153846156 0.009615384615384616 0.007211538461538462
2 0.3701923076923077 0.6778846153846154 0.004807692307692308 0.004807692307692308
1 0.3701923076923077 0.7163461538461539 0.009615384615384616 0.004807692307692308
2 0.3581730769230769 0.8605769230769231 0.004807692307692308 0.009615384615384616
1 0.4110576923076923 0.41586538461538464 0.009615384615384616 0.004807692307692308
1 0.4230769230769231 0.4230769230769231 0.009615384615384616 0.004807692307692308
2 0.4326923076923077 0.35096153846153844 0.014423076923076924 0.009615384615384616
1 0.4182692307692308 0.7848557692307693 0.009615384615384616 0.007211538461538462
2 0.4675480769230769 0.5432692307692307 0.007211538461538462 0.004807692307692308
2 0.4951923076923077 0.6298076923076923 0.009615384615384616 0.004807692307692308
1 0.4807692307692308 0.7980769230769231 0.009615384615384616 0.004807692307692308
2 0.5036057692307693 0.6274038461538461 0.007211538461538462 0.004807692307692308
1 0.5516826923076923 0.7680288461538461 0.01201923076923077 0.007211538461538462
1 0.5961538461538461 0.6862980769230769 0.009615384615384616 0.007211538461538462
1 0.5961538461538461 0.6935096153846154 0.009615384615384616 0.007211538461538462
2 0.6153846153846154 0.5168269230769231 0.009615384615384616 0.004807692307692308
2 0.6370192307692307 0.3786057692307692 0.038461538461538464 0.03125
1 0.6081730769230769 0.6574519230769231 0.009615384615384616 0.007211538461538462
1 0.6225961538461539 0.7043269230769231 0.009615384615384616 0.004807692307692308
2 0.6646634615384616 0.38100961538461536 0.021634615384615384 0.026442307692307692
2 0.6646634615384616 0.49158653846153844 0.036057692307692304 0.03125
2 0.6694711538461539 0.5588942307692307 0.007211538461538462 0.002403846153846154
2 0.6694711538461539 0.5564903846153846 0.007211538461538462 0.002403846153846154
2 0.6694711538461539 0.5516826923076923 0.007211538461538462 0.002403846153846154
2 0.6694711538461539 0.5516826923076923 0.007211538461538462 0.002403846153846154
1 0.6490384615384616 0.7716346153846154 0.009615384615384616 0.004807692307692308
1 0.6826923076923077 0.5769230769230769 0.009615384615384616 0.004807692307692308
1 0.6730769230769231 0.7788461538461539 0.009615384615384616 0.004807692307692308
1 0.6730769230769231 0.7716346153846154 0.009615384615384616 0.004807692307692308
1 0.7067307692307693 0.4675480769230769 0.009615384615384616 0.007211538461538462
1 0.7127403846153846 0.4110576923076923 0.007211538461538462 0.004807692307692308
1 0.7127403846153846 0.4170673076923077 0.007211538461538462 0.002403846153846154
1 0.7127403846153846 0.4230769230769231 0.007211538461538462 0.004807692307692308
1 0.7139423076923077 0.4050480769230769 0.004807692307692308 0.002403846153846154
1 0.7151442307692307 0.4074519230769231 0.007211538461538462 0.002403846153846154
1 0.7127403846153846 0.41947115384615385 0.007211538461538462 0.002403846153846154
1 0.7163461538461539 0.40024038461538464 0.004807692307692308 0.002403846153846154
1 0.7139423076923077 0.4050480769230769 0.009615384615384616 0.002403846153846154
1 0.7199519230769231 0.3858173076923077 0.007211538461538462 0.007211538461538462
2 0.7067307692307693 0.5252403846153846 0.009615384615384616 0.002403846153846154
2 0.6947115384615384 0.6947115384615384 0.004807692307692308 0.004807692307692308
2 0.6923076923076923 0.7283653846153846 0.004807692307692308 0.004807692307692308
2 0.7283653846153846 0.37740384615384615 0.009615384615384616 0.004807692307692308
1 0.17067307692307693 0.6983173076923077 0.009615384615384616 0.007211538461538462
1 0.18629807692307693 0.5588942307692307 0.007211538461538462 0.007211538461538462
1 0.18629807692307693 0.5661057692307693 0.007211538461538462 0.007211538461538462
1 0.18990384615384615 0.5444711538461539 0.009615384615384616 0.007211538461538462
1 0.19110576923076922 0.5276442307692307 0.007211538461538462 0.007211538461538462
1 0.18870192307692307 0.5516826923076923 0.007211538461538462 0.007211538461538462
1 0.19110576923076922 0.5228365384615384 0.007211538461538462 0.007211538461538462
1 0.18990384615384615 0.5372596153846154 0.009615384615384616 0.007211538461538462
1 0.19230769230769232 0.515625 0.009615384615384616 0.007211538461538462
1 0.1935096153846154 0.5012019230769231 0.007211538461538462 0.007211538461538462
1 0.1935096153846154 0.5084134615384616 0.007211538461538462 0.007211538461538462
2 0.2091346153846154 0.3581730769230769 0.004807692307692308 0.004807692307692308
1 0.19471153846153846 0.49399038461538464 0.009615384615384616 0.007211538461538462
1 0.19591346153846154 0.48677884615384615 0.007211538461538462 0.007211538461538462
1 0.19951923076923078 0.45072115384615385 0.009615384615384616 0.007211538461538462
1 0.19951923076923078 0.4579326923076923 0.009615384615384616 0.007211538461538462
1 0.19951923076923078 0.4651442307692308 0.009615384615384616 0.007211538461538462
1 0.20192307692307693 0.42908653846153844 0.009615384615384616 0.007211538461538462
1 0.20192307692307693 0.4362980769230769 0.004807692307692308 0.007211538461538462
1 0.20432692307692307 0.421875 0.009615384615384616 0.007211538461538462
1 0.203125 0.44350961538461536 0.007211538461538462 0.007211538461538462
1 0.20673076923076922 0.4074519230769231 0.009615384615384616 0.007211538461538462
1 0.20432692307692307 0.41466346153846156 0.009615384615384616 0.007211538461538462
1 0.20793269230769232 0.3858173076923077 0.007211538461538462 0.007211538461538462
1 0.20552884615384615 0.40024038461538464 0.007211538461538462 0.007211538461538462
1 0.21033653846153846 0.3713942307692308 0.007211538461538462 0.007211538461538462
1 0.20793269230769232 0.3786057692307692 0.007211538461538462 0.007211538461538462
1 0.20793269230769232 0.39302884615384615 0.007211538461538462 0.007211538461538462
1 0.21033653846153846 0.3641826923076923 0.007211538461538462 0.007211538461538462
1 0.17908653846153846 0.7163461538461539 0.007211538461538462 0.004807692307692308
1 0.18269230769230768 0.6911057692307693 0.009615384615384616 0.007211538461538462
1 0.18028846153846154 0.6983173076923077 0.009615384615384616 0.007211538461538462
1 0.1778846153846154 0.7271634615384616 0.009615384615384616 0.007211538461538462
1 0.18028846153846154 0.7067307692307693 0.009615384615384616 0.004807692307692308
1 0.18509615384615385 0.6694711538461539 0.009615384615384616 0.007211538461538462
1 0.1778846153846154 0.734375 0.009615384615384616 0.007211538461538462
1 0.18269230769230768 0.6838942307692307 0.009615384615384616 0.007211538461538462
1 0.19471153846153846 0.6754807692307693 0.009615384615384616 0.004807692307692308
1 0.18990384615384615 0.7487980769230769 0.009615384615384616 0.007211538461538462
1 0.20192307692307693 0.6694711538461539 0.009615384615384616 0.007211538461538462
1 0.2091346153846154 0.6778846153846154 0.009615384615384616 0.004807692307692308
1 0.20432692307692307 0.75 0.009615384615384616 0.004807692307692308
1 0.22115384615384615 0.6298076923076923 0.009615384615384616 0.004807692307692308
1 0.21394230769230768 0.7524038461538461 0.009615384615384616 0.004807692307692308
1 0.22355769230769232 0.6802884615384616 0.009615384615384616 0.004807692307692308
1 0.23317307692307693 0.6802884615384616 0.009615384615384616 0.004807692307692308
1 0.24759615384615385 0.6346153846153846 0.009615384615384616 0.004807692307692308
1 0.23557692307692307 0.7668269230769231 0.009615384615384616 0.004807692307692308
1 0.2668269230769231 0.5661057692307693 0.009615384615384616 0.007211538461538462
1 0.2692307692307692 0.5516826923076923 0.009615384615384616 0.007211538461538462
1 0.2692307692307692 0.5588942307692307 0.009615384615384616 0.007211538461538462
1 0.2668269230769231 0.5733173076923077 0.009615384615384616 0.007211538461538462
1 0.27163461538461536 0.5300480769230769 0.009615384615384616 0.007211538461538462
1 0.2692307692307692 0.5444711538461539 0.009615384615384616 0.007211538461538462
1 0.27403846153846156 0.515625 0.009615384615384616 0.007211538461538462
1 0.27524038461538464 0.5084134615384616 0.007211538461538462 0.007211538461538462
1 0.27163461538461536 0.5372596153846154 0.009615384615384616 0.007211538461538462
1 0.2764423076923077 0.5012019230769231 0.009615384615384616 0.007211538461538462
1 0.27403846153846156 0.5228365384615384 0.009615384615384616 0.007211538461538462
1 0.2764423076923077 0.49399038461538464 0.009615384615384616 0.007211538461538462
1 0.2800480769230769 0.4579326923076923 0.007211538461538462 0.007211538461538462
1 0.2776442307692308 0.48677884615384615 0.007211538461538462 0.007211538461538462
1 0.28365384615384615 0.4362980769230769 0.009615384615384616 0.007211538461538462
1 0.28125 0.44350961538461536 0.009615384615384616 0.007211538461538462
1 0.27884615384615385 0.4651442307692308 0.009615384615384616 0.007211538461538462
1 0.28125 0.45072115384615385 0.009615384615384616 0.007211538461538462
1 0.2860576923076923 0.4098557692307692 0.009615384615384616 0.007211538461538462
1 0.2848557692307692 0.421875 0.007211538461538462 0.007211538461538462
1 0.28365384615384615 0.42908653846153844 0.009615384615384616 0.007211538461538462
1 0.2860576923076923 0.41466346153846156 0.009615384615384616 0.007211538461538462
1 0.28846153846153844 0.39302884615384615 0.009615384615384616 0.007211538461538462
1 0.28846153846153844 0.4026442307692308 0.009615384615384616 0.007211538461538462
1 0.28846153846153844 0.38100961538461536 0.009615384615384616 0.007211538461538462
1 0.28966346153846156 0.38822115384615385 0.007211538461538462 0.007211538461538462
1 0.29086538461538464 0.3737980769230769 0.009615384615384616 0.007211538461538462
2 0.27403846153846156 0.6875 0.004807692307692308 0.004807692307692308
1 0.27403846153846156 0.7692307692307693 0.009615384615384616 0.004807692307692308
1 0.28125 0.7163461538461539 0.009615384615384616 0.004807692307692308
1 0.28365384615384615 0.7055288461538461 0.009615384615384616 0.007211538461538462
