2 0.3112980769230769 0.41586538461538464 0.03125 0.038461538461538464
2 0.5336538461538461 0.36538461538461536 0.03365384615384615 0.04326923076923077
2 0.3425480769230769 0.41346153846153844 0.03125 0.038461538461538464
2 0.5072115384615384 0.38221153846153844 0.038461538461538464 0.04807692307692308
2 0.4519230769230769 0.49038461538461536 0.028846153846153848 0.038461538461538464
2 0.26802884615384615 0.5396634615384616 0.03125 0.036057692307692304
2 0.2800480769230769 0.6274038461538461 0.03125 0.03365384615384615
2 0.6502403846153846 0.5516826923076923 0.026442307692307692 0.036057692307692304
2 0.3629807692307692 0.6658653846153846 0.019230769230769232 0.02403846153846154
2 0.328125 0.7319711538461539 0.01201923076923077 0.01201923076923077
2 0.35216346153846156 0.7319711538461539 0.01201923076923077 0.01201923076923077
