1 0.8197115384615384 0.39663461538461536 0.004807692307692308 0.009615384615384616
1 0.8173076923076923 0.4230769230769231 0.004807692307692308 0.009615384615384616
1 0.8209134615384616 0.4423076923076923 0.007211538461538462 0.009615384615384616
2 0.6454326923076923 0.44711538461538464 0.002403846153846154 0.009615384615384616
1 0.828125 0.5048076923076923 0.007211538461538462 0.009615384615384616
1 0.8269230769230769 0.5264423076923077 0.004807692307692308 0.009615384615384616
1 0.8197115384615384 0.5649038461538461 0.004807692307692308 0.009615384615384616
0 0.6153846153846154 0.5540865384615384 0.019230769230769232 0.016826923076923076
1 0.47475961538461536 0.5649038461538461 0.007211538461538462 0.009615384615384616
1 0.4723557692307692 0.5745192307692307 0.007211538461538462 0.009615384615384616
1 0.45552884615384615 0.5745192307692307 0.007211538461538462 0.009615384615384616
1 0.48197115384615385 0.5793269230769231 0.007211538461538462 0.009615384615384616
2 0.36778846153846156 0.5673076923076923 0.004807692307692308 0.004807692307692308
1 0.5012019230769231 0.5817307692307693 0.007211538461538462 0.009615384615384616
1 0.49158653846153844 0.5817307692307693 0.007211538461538462 0.009615384615384616
0 0.3137019230769231 0.5697115384615384 0.007211538461538462 0.009615384615384616
0 0.32211538461538464 0.5721153846153846 0.009615384615384616 0.009615384615384616
1 0.6598557692307693 0.6081730769230769 0.007211538461538462 0.009615384615384616
1 0.6670673076923077 0.6081730769230769 0.007211538461538462 0.009615384615384616
1 0.45552884615384615 0.5865384615384616 0.007211538461538462 0.009615384615384616
1 0.6189903846153846 0.6057692307692307 0.007211538461538462 0.009615384615384616
1 0.609375 0.6033653846153846 0.007211538461538462 0.009615384615384616
1 0.7199519230769231 0.6153846153846154 0.007211538461538462 0.009615384615384616
1 0.7415865384615384 0.6177884615384616 0.007211538461538462 0.009615384615384616
1 0.6310096153846154 0.6057692307692307 0.007211538461538462 0.009615384615384616
1 0.6394230769230769 0.6081730769230769 0.004807692307692308 0.009615384615384616
1 0.4891826923076923 0.5913461538461539 0.007211538461538462 0.009615384615384616
1 0.6838942307692307 0.6105769230769231 0.007211538461538462 0.009615384615384616
1 0.4987980769230769 0.5913461538461539 0.007211538461538462 0.009615384615384616
1 0.6911057692307693 0.6129807692307693 0.007211538461538462 0.009615384615384616
1 0.7055288461538461 0.6129807692307693 0.007211538461538462 0.009615384615384616
1 0.7776442307692307 0.6225961538461539 0.007211538461538462 0.009615384615384616
1 0.7584134615384616 0.6201923076923077 0.007211538461538462 0.009615384615384616
1 0.765625 0.6225961538461539 0.007211538461538462 0.009615384615384616
1 0.7872596153846154 0.6225961538461539 0.007211538461538462 0.009615384615384616
1 0.484375 0.5913461538461539 0.007211538461538462 0.009615384615384616
1 0.7992788461538461 0.625 0.007211538461538462 0.009615384615384616
1 0.4495192307692308 0.5961538461538461 0.004807692307692308 0.009615384615384616
1 0.43509615384615385 0.6153846153846154 0.004807692307692308 0.009615384615384616
1 0.36177884615384615 0.6153846153846154 0.007211538461538462 0.009615384615384616
1 0.36899038461538464 0.625 0.007211538461538462 0.009615384615384616
2 0.31971153846153844 0.6298076923076923 0.004807692307692308 0.004807692307692308
1 0.375 0.6394230769230769 0.004807692307692308 0.009615384615384616
1 0.43509615384615385 0.6490384615384616 0.004807692307692308 0.009615384615384616
1 0.375 0.6490384615384616 0.004807692307692308 0.009615384615384616
2 0.5540865384615384 0.6682692307692307 0.002403846153846154 0.009615384615384616
1 0.40384615384615385 0.65625 0.004807692307692308 0.009615384615384616
1 0.5661057692307693 0.6826923076923077 0.007211538461538462 0.009615384615384616
1 0.671875 0.6947115384615384 0.007211538461538462 0.009615384615384616
1 0.578125 0.6850961538461539 0.007211538461538462 0.009615384615384616
1 0.6646634615384616 0.6947115384615384 0.007211538461538462 0.009615384615384616
1 0.6911057692307693 0.6971153846153846 0.007211538461538462 0.009615384615384616
1 0.6790865384615384 0.6959134615384616 0.007211538461538462 0.007211538461538462
1 0.5853365384615384 0.6875 0.007211538461538462 0.009615384615384616
1 0.40384615384615385 0.6682692307692307 0.004807692307692308 0.009615384615384616
1 0.6141826923076923 0.6923076923076923 0.007211538461538462 0.009615384615384616
1 0.796875 0.7115384615384616 0.007211538461538462 0.009615384615384616
1 0.6069711538461539 0.6899038461538461 0.007211538461538462 0.009615384615384616
1 0.6262019230769231 0.6923076923076923 0.007211538461538462 0.009615384615384616
1 0.5997596153846154 0.6899038461538461 0.007211538461538462 0.009615384615384616
1 0.6959134615384616 0.7019230769230769 0.007211538461538462 0.009615384615384616
1 0.7103365384615384 0.7019230769230769 0.007211538461538462 0.009615384615384616
1 0.703125 0.7019230769230769 0.007211538461538462 0.009615384615384616
1 0.7223557692307693 0.7043269230769231 0.007211538461538462 0.009615384615384616
1 0.7295673076923077 0.7043269230769231 0.007211538461538462 0.009615384615384616
1 0.7367788461538461 0.7067307692307693 0.007211538461538462 0.009615384615384616
1 0.7439903846153846 0.7067307692307693 0.007211538461538462 0.009615384615384616
1 0.7896634615384616 0.7115384615384616 0.007211538461538462 0.009615384615384616
1 0.7536057692307693 0.7091346153846154 0.007211538461538462 0.009615384615384616
1 0.7704326923076923 0.7091346153846154 0.007211538461538462 0.009615384615384616
1 0.7776442307692307 0.7115384615384616 0.007211538461538462 0.009615384615384616
1 0.7632211538461539 0.7115384615384616 0.007211538461538462 0.009615384615384616
1 0.5228365384615384 0.6875 0.007211538461538462 0.009615384615384616
1 0.3293269230769231 0.6706730769230769 0.004807692307692308 0.009615384615384616
1 0.4014423076923077 0.6778846153846154 0.004807692307692308 0.009615384615384616
1 0.5204326923076923 0.6971153846153846 0.007211538461538462 0.009615384615384616
1 0.49759615384615385 0.6947115384615384 0.004807692307692308 0.009615384615384616
1 0.4014423076923077 0.6923076923076923 0.004807692307692308 0.009615384615384616
1 0.8149038461538461 0.7427884615384616 0.004807692307692308 0.009615384615384616
1 0.8016826923076923 0.7475961538461539 0.007211538461538462 0.009615384615384616
1 0.8052884615384616 0.7644230769230769 0.004807692307692308 0.009615384615384616
1 0.7463942307692307 0.7908653846153846 0.007211538461538462 0.009615384615384616
1 0.5853365384615384 0.7740384615384616 0.007211538461538462 0.009615384615384616
1 0.6069711538461539 0.7764423076923077 0.007211538461538462 0.009615384615384616
1 0.5949519230769231 0.7740384615384616 0.007211538461538462 0.009615384615384616
1 0.6598557692307693 0.78125 0.007211538461538462 0.009615384615384616
1 0.6526442307692307 0.78125 0.007211538461538462 0.009615384615384616
1 0.6935096153846154 0.7860576923076923 0.007211538461538462 0.009615384615384616
1 0.7007211538461539 0.7884615384615384 0.007211538461538462 0.009615384615384616
1 0.7151442307692307 0.7884615384615384 0.007211538461538462 0.009615384615384616
1 0.5480769230769231 0.7740384615384616 0.004807692307692308 0.009615384615384616
1 0.7872596153846154 0.8028846153846154 0.007211538461538462 0.009615384615384616
1 0.5480769230769231 0.7836538461538461 0.004807692307692308 0.009615384615384616
1 0.41346153846153844 0.7788461538461539 0.004807692307692308 0.009615384615384616
1 0.5324519230769231 0.16346153846153846 0.01201923076923077 0.014423076923076924
2 0.5120192307692307 0.1658653846153846 0.004807692307692308 0.004807692307692308
2 0.4963942307692308 0.17067307692307693 0.002403846153846154 0.009615384615384616
1 0.4411057692307692 0.18509615384615385 0.007211538461538462 0.009615384615384616
2 0.6057692307692307 0.20673076923076922 0.004807692307692308 0.004807692307692308
2 0.609375 0.21033653846153846 0.002403846153846154 0.007211538461538462
2 0.6033653846153846 0.21394230769230768 0.004807692307692308 0.004807692307692308
2 0.6033653846153846 0.21634615384615385 0.004807692307692308 0.004807692307692308
2 0.609375 0.21754807692307693 0.002403846153846154 0.007211538461538462
2 0.8485576923076923 0.27884615384615385 0.02403846153846154 0.03365384615384615
2 0.6935096153846154 0.3161057692307692 0.03125 0.03125
2 0.7512019230769231 0.32211538461538464 0.036057692307692304 0.028846153846153848
2 0.8016826923076923 0.33052884615384615 0.03125 0.03125
