0 0.5638189935064936 0.361890243902439 0.02739448051948052 0.03902439024390244
2 0.49320211038961037 0.375 0.022524350649350648 0.04024390243902439
0 0.4184253246753247 0.38125 0.00974025974025974 0.024695121951219513
0 0.6499594155844156 0.3836890243902439 0.0036525974025974025 0.018597560975609755
0 0.47118506493506496 0.38902439024390245 0.01176948051948052 0.03902439024390244
0 0.547077922077922 0.3929878048780488 0.018668831168831168 0.03536585365853658
0 0.6610186688311688 0.39725609756097563 0.024553571428571428 0.03353658536585366
0 0.6844561688311688 0.39725609756097563 0.02150974025974026 0.02926829268292683
0 0.541801948051948 0.41371951219512193 0.016639610389610388 0.03353658536585366
0 0.5958806818181818 0.4166158536585366 0.022930194805194804 0.03932926829268293
2 0.6807021103896104 0.4239329268292683 0.01765422077922078 0.02652439024390244
0 0.6625405844155844 0.4301829268292683 0.024350649350649352 0.03048780487804878
0 0.479200487012987 0.4317073170731707 0.022930194805194804 0.029878048780487804
0 0.41964285714285715 0.4353658536585366 0.011363636363636364 0.026829268292682926
1 0.6735998376623377 0.4503048780487805 0.0294237012987013 0.011585365853658536
0 0.6491477272727273 0.4559451219512195 0.003246753246753247 0.01798780487804878
0 0.588372564935065 0.45716463414634145 0.021712662337662336 0.038109756097560975
0 0.666700487012987 0.4861280487804878 0.01968344155844156 0.03871951219512195
2 0.46114042207792205 0.4961890243902439 0.022930194805194804 0.03871951219512195
0 0.4155844155844156 0.5361280487804878 0.010146103896103896 0.02652439024390244
0 0.5292207792207793 0.5434451219512195 0.08238636363636363 0.05518292682926829
0 0.4744318181818182 0.5641768292682927 0.015827922077922076 0.03689024390243902
2 0.6175933441558441 0.5839939024390244 0.019277597402597404 0.014329268292682927
2 0.5685876623376623 0.5849085365853659 0.008928571428571428 0.03201219512195122
0 0.5580357142857143 0.5945121951219512 0.005275974025974026 0.023170731707317073
0 0.4211647727272727 0.600609756097561 0.013189935064935064 0.02378048780487805
2 0.5866477272727273 0.6073170731707317 0.009334415584415584 0.032926829268292684
1 0.4797077922077922 0.614329268292683 0.017857142857142856 0.012804878048780487
1 0.5706168831168831 0.6185975609756098 0.005681818181818182 0.03170731707317073
1 0.6082589285714286 0.623780487804878 0.027800324675324676 0.012804878048780487
1 0.575487012987013 0.6239329268292683 0.006899350649350649 0.04359756097560975
0 0.6650771103896104 0.6257621951219512 0.013189935064935064 0.04237804878048781
1 0.565137987012987 0.6269817073170731 0.007305194805194805 0.04542682926829268
2 0.5316558441558441 0.6320121951219512 0.04017857142857143 0.061585365853658536
0 0.48336038961038963 0.6344512195121951 0.03449675324675325 0.025
1 0.6027800324675324 0.6364329268292683 0.031047077922077924 0.017378048780487806
0 0.627435064935065 0.6370426829268293 0.012987012987012988 0.024695121951219513
1 0.601359577922078 0.6559451219512196 0.026988636363636364 0.016158536585365854
1 0.6331168831168831 0.6585365853658537 0.02150974025974026 0.006097560975609756
0 0.5523538961038961 0.6879573170731708 0.008522727272727272 0.04054878048780488
2 0.5216112012987013 0.6900914634146341 0.020900974025974024 0.04359756097560975
0 0.5406858766233766 0.6902439024390243 0.015219155844155844 0.03719512195121951
