2 0.390625 0.32572115384615385 0.036057692307692304 0.026442307692307692
2 0.3713942307692308 0.5528846153846154 0.040865384615384616 0.028846153846153848
2 0.39302884615384615 0.35697115384615385 0.036057692307692304 0.026442307692307692
2 0.38341346153846156 0.5240384615384616 0.04567307692307692 0.03365384615384615
2 0.484375 0.4543269230769231 0.036057692307692304 0.02403846153846154
2 0.5072115384615384 0.265625 0.03365384615384615 0.026442307692307692
2 0.5949519230769231 0.26322115384615385 0.03125 0.026442307692307692
2 0.5721153846153846 0.640625 0.03365384615384615 0.021634615384615384
2 0.6442307692307693 0.3425480769230769 0.02403846153846154 0.016826923076923076
2 0.7067307692307693 0.2980769230769231 0.009615384615384616 0.009615384615384616
2 0.7067307692307693 0.32211538461538464 0.009615384615384616 0.009615384615384616
