2 0.3293269230769231 0.578125 0.038461538461538464 0.026442307692307692
2 0.39903846153846156 0.7151442307692307 0.009615384615384616 0.007211538461538462
2 0.3942307692307692 0.59375 0.009615384615384616 0.004807692307692308
2 0.40865384615384615 0.7139423076923077 0.009615384615384616 0.009615384615384616
2 0.4170673076923077 0.7127403846153846 0.007211538461538462 0.007211538461538462
2 0.43028846153846156 0.6911057692307693 0.02403846153846154 0.016826923076923076
2 0.5120192307692307 0.47716346153846156 0.014423076923076924 0.007211538461538462
2 0.5120192307692307 0.4831730769230769 0.009615384615384616 0.004807692307692308
2 0.5697115384615384 0.46875 0.009615384615384616 0.004807692307692308
2 0.5697115384615384 0.46153846153846156 0.009615384615384616 0.004807692307692308
2 0.5721153846153846 0.4807692307692308 0.009615384615384616 0.009615384615384616
2 0.5757211538461539 0.4879807692307692 0.007211538461538462 0.009615384615384616
2 0.6310096153846154 0.5661057692307693 0.01201923076923077 0.007211538461538462
2 0.6262019230769231 0.4411057692307692 0.01201923076923077 0.007211538461538462
2 0.6286057692307693 0.453125 0.01201923076923077 0.007211538461538462
2 0.6322115384615384 0.4735576923076923 0.009615384615384616 0.004807692307692308
2 0.6298076923076923 0.4639423076923077 0.009615384615384616 0.004807692307692308
2 0.6502403846153846 0.5973557692307693 0.01201923076923077 0.007211538461538462
