2 0.6630478896103896 0.3722560975609756 0.024959415584415584 0.03536585365853658
0 0.708299512987013 0.3722560975609756 0.01765422077922078 0.02195121951219512
0 0.7227069805194806 0.37271341463414637 0.0038555194805194805 0.010060975609756098
0 0.5197849025974026 0.3739329268292683 0.0034496753246753245 0.010670731707317074
0 0.5263798701298701 0.3739329268292683 0.003246753246753247 0.010670731707317074
2 0.434963474025974 0.375609756097561 0.02333603896103896 0.03841463414634146
2 0.632609577922078 0.37698170731707314 0.024147727272727272 0.03323170731707317
0 0.5132913961038961 0.3832317073170732 0.022118506493506492 0.039634146341463415
2 0.46570616883116883 0.38704268292682925 0.028409090909090908 0.04298780487804878
1 0.710836038961039 0.40198170731707317 0.003246753246753247 0.011280487804878048
1 0.5162337662337663 0.40716463414634146 0.003246753246753247 0.011280487804878048
0 0.6054839691558441 0.41671798780487807 0.016162743506493507 0.058435975609756094
0 0.4212662337662338 0.41798780487804876 0.03936688311688312 0.0676829268292683
1 0.5 0.4533536585365854 0.007305194805194805 0.006097560975609756
1 0.7890625 0.46646341463414637 0.011160714285714286 0.03414634146341464
1 0.5 0.46692073170731707 0.007711038961038961 0.004573170731707317
2 0.5448457792207793 0.4788109756097561 0.021915584415584416 0.032621951219512196
2 0.7360998376623377 0.4820121951219512 0.02333603896103896 0.03170731707317073
1 0.7701907467532467 0.49390243902439024 0.011160714285714286 0.056707317073170734
0 0.7492897727272727 0.5079268292682927 0.01075487012987013 0.021341463414634148
1 0.7400568181818182 0.5140243902439025 0.007305194805194805 0.006097560975609756
1 0.8046875 0.5202743902439024 0.006696428571428571 0.005792682926829268
0 0.41497564935064934 0.5216463414634146 0.0174512987012987 0.018292682926829267
0 0.6383928571428571 0.5265243902439024 0.012987012987012988 0.018902439024390243
0 0.6171875 0.5266768292682927 0.01278409090909091 0.019817073170731708
1 0.7757711038961039 0.5271341463414634 0.007305194805194805 0.00548780487804878
0 0.6608157467532467 0.5278963414634147 0.021712662337662336 0.028353658536585367
1 0.7978896103896104 0.530640243902439 0.027597402597402596 0.0125
1 0.6831371753246753 0.5347560975609756 0.023741883116883116 0.012195121951219513
0 0.4393262987012987 0.5349085365853659 0.010957792207792208 0.01798780487804878
0 0.47930194805194803 0.5349085365853659 0.018668831168831168 0.029573170731707316
0 0.45616883116883117 0.5388719512195121 0.011363636363636364 0.02225609756097561
1 0.47230113636363635 0.5504573170731707 0.007102272727272727 0.005182926829268293
1 0.775872564935065 0.550609756097561 0.0034496753246753245 0.012195121951219513
1 0.7421875 0.5507621951219512 0.007102272727272727 0.005182926829268293
1 0.6780641233766234 0.5539634146341463 0.007102272727272727 0.004878048780487805
1 0.669135551948052 0.5564024390243902 0.006696428571428571 0.004878048780487805
1 0.7714082792207793 0.5596036585365853 0.007102272727272727 0.03932926829268293
1 0.47767857142857145 0.561280487804878 0.0036525974025974025 0.010365853658536586
1 0.7615665584415584 0.5614329268292683 0.010551948051948052 0.04359756097560975
2 0.7451298701298701 0.5701219512195121 0.022727272727272728 0.02926829268292683
0 0.4674310064935065 0.5800304878048781 0.018871753246753248 0.028353658536585367
0 0.8054991883116883 0.58125 0.03145292207792208 0.03689024390243902
0 0.38585633116883117 0.5858231707317073 0.016436688311688312 0.02652439024390244
2 0.3679991883116883 0.586890243902439 0.020089285714285716 0.03170731707317073
0 0.4158887987012987 0.5882621951219512 0.011566558441558442 0.015548780487804878
0 0.4445008116883117 0.5913109756097561 0.009943181818181818 0.017378048780487806
1 0.4596185064935065 0.6016768292682927 0.006493506493506494 0.005182926829268293
1 0.4865056818181818 0.6018292682926829 0.007102272727272727 0.004878048780487805
0 0.5004058441558441 0.6036585365853658 0.015016233766233766 0.03231707317073171
0 0.41761363636363635 0.605030487804878 0.007305194805194805 0.005182926829268293
1 0.40645292207792205 0.6053353658536585 0.007305194805194805 0.004573170731707317
0 0.4707792207792208 0.6053353658536585 0.006899350649350649 0.004573170731707317
0 0.44419642857142855 0.6054878048780488 0.007305194805194805 0.00548780487804878
1 0.4328327922077922 0.605640243902439 0.007305194805194805 0.005182926829268293
1 0.5133928571428571 0.6083841463414634 0.007305194805194805 0.005182926829268293
1 0.5132913961038961 0.6179878048780488 0.006696428571428571 0.00548780487804878
0 0.6000405844155844 0.620579268292683 0.015016233766233766 0.02347560975609756
0 0.5867491883116883 0.6214939024390244 0.007102272727272727 0.005182926829268293
0 0.6491477272727273 0.6221036585365853 0.03449675324675325 0.04542682926829268
1 0.7742491883116883 0.6240853658536586 0.009131493506493506 0.03353658536585366
1 0.6097808441558441 0.625 0.0036525974025974025 0.010365853658536586
1 0.6141436688311688 0.625 0.0038555194805194805 0.01097560975609756
2 0.6733969155844156 0.625609756097561 0.01359577922077922 0.021341463414634148
1 0.513189935064935 0.6285060975609756 0.006899350649350649 0.004573170731707317
0 0.7245332792207793 0.6286585365853659 0.01765422077922078 0.023170731707317073
1 0.7803368506493507 0.6291158536585366 0.009131493506493506 0.031402439024390244
1 0.5868506493506493 0.629420731707317 0.006899350649350649 0.005182926829268293
0 0.5725446428571429 0.6295731707317073 0.007508116883116883 0.00548780487804878
0 0.6299715909090909 0.6301829268292682 0.003043831168831169 0.010365853658536586
0 0.5577313311688312 0.6330792682926829 0.023741883116883116 0.032621951219512196
0 0.622362012987013 0.6379573170731707 0.007305194805194805 0.005792682926829268
1 0.5133928571428571 0.6381097560975609 0.007305194805194805 0.004878048780487805
1 0.6142451298701299 0.6382621951219513 0.006899350649350649 0.005182926829268293
1 0.7445211038961039 0.6407012195121952 0.006899350649350649 0.004573170731707317
1 0.7331574675324676 0.6408536585365854 0.007711038961038961 0.004878048780487805
1 0.5985186688311688 0.6416158536585366 0.007102272727272727 0.005792682926829268
1 0.606838474025974 0.6417682926829268 0.007102272727272727 0.004878048780487805
0 0.5812702922077922 0.6431402439024391 0.013189935064935064 0.021646341463414633
1 0.638189935064935 0.6474085365853659 0.006899350649350649 0.005182926829268293
1 0.6291599025974026 0.6477134146341463 0.007508116883116883 0.004573170731707317
1 0.6470170454545454 0.6478658536585366 0.007913961038961038 0.00548780487804878
1 0.6468141233766234 0.6542682926829269 0.007102272727272727 0.004878048780487805
1 0.7158076298701299 0.6542682926829269 0.006696428571428571 0.00426829268292683
1 0.6292613636363636 0.6545731707317073 0.006899350649350649 0.004878048780487805
1 0.6377840909090909 0.6545731707317073 0.007305194805194805 0.00426829268292683
1 0.3874797077922078 0.6554878048780488 0.007508116883116883 0.00548780487804878
1 0.4047280844155844 0.655640243902439 0.007102272727272727 0.005182926829268293
1 0.7546672077922078 0.657469512195122 0.007711038961038961 0.005792682926829268
1 0.7247362012987013 0.6577743902439024 0.007102272727272727 0.005182926829268293
0 0.736810064935065 0.6608231707317073 0.003246753246753247 0.010670731707317074
0 0.7408685064935064 0.6608231707317073 0.004058441558441558 0.011280487804878048
0 0.7820616883116883 0.6649390243902439 0.02150974025974026 0.028658536585365855
1 0.40462662337662336 0.6655487804878049 0.007305194805194805 0.004878048780487805
1 0.38768262987012986 0.6657012195121951 0.006696428571428571 0.005792682926829268
1 0.7543628246753247 0.6672256097560976 0.007913961038961038 0.0064024390243902435
1 0.6512784090909091 0.668140243902439 0.0034496753246753245 0.011280487804878048
1 0.4466314935064935 0.6704268292682927 0.0036525974025974025 0.01097560975609756
0 0.6341314935064936 0.6714939024390244 0.016639610389610388 0.01920731707317073
1 0.6428571428571429 0.6748475609756097 0.002840909090909091 0.011890243902439025
1 0.45424107142857145 0.6754573170731707 0.007102272727272727 0.005182926829268293
1 0.38758116883116883 0.675609756097561 0.007305194805194805 0.00548780487804878
1 0.40462662337662336 0.675609756097561 0.006899350649350649 0.00548780487804878
0 0.4367897727272727 0.6765243902439024 0.007102272727272727 0.004878048780487805
1 0.7543628246753247 0.6775914634146342 0.007102272727272727 0.005182926829268293
1 0.7409699675324676 0.6777439024390244 0.003043831168831169 0.011585365853658536
1 0.7409699675324676 0.6777439024390244 0.0034496753246753245 0.010365853658536586
0 0.5178571428571429 0.6815548780487805 0.0036525974025974025 0.010670731707317074
0 0.6727881493506493 0.683079268292683 0.0038555194805194805 0.011890243902439025
2 0.7233157467532467 0.6838414634146341 0.007913961038961038 0.00853658536585366
1 0.45424107142857145 0.6853658536585366 0.007102272727272727 0.004878048780487805
1 0.3877840909090909 0.6856707317073171 0.006899350649350649 0.00548780487804878
1 0.40462662337662336 0.6858231707317073 0.007305194805194805 0.005182926829268293
2 0.6999797077922078 0.6873475609756098 0.008319805194805194 0.008231707317073171
1 0.6400162337662337 0.6911585365853659 0.007305194805194805 0.004878048780487805
1 0.7406655844155844 0.6911585365853659 0.002840909090909091 0.010365853658536586
1 0.6136363636363636 0.693140243902439 0.003246753246753247 0.010670731707317074
0 0.6191152597402597 0.6932926829268292 0.003246753246753247 0.01097560975609756
1 0.7364042207792207 0.6934451219512195 0.006493506493506494 0.03323170731707317
1 0.4047280844155844 0.6955792682926829 0.007102272727272727 0.005182926829268293
1 0.4543425324675325 0.6955792682926829 0.006899350649350649 0.005792682926829268
1 0.6574675324675324 0.6960365853658537 0.006899350649350649 0.00548780487804878
1 0.387987012987013 0.6961890243902439 0.006899350649350649 0.004573170731707317
1 0.48731737012987014 0.6967987804878049 0.007508116883116883 0.005792682926829268
0 0.7764813311688312 0.7001524390243903 0.016030844155844156 0.030182926829268292
1 0.7410714285714286 0.7041158536585366 0.0036525974025974025 0.010670731707317074
1 0.40482954545454547 0.7056402439024391 0.007305194805194805 0.005182926829268293
1 0.38768262987012986 0.7057926829268293 0.007102272727272727 0.00548780487804878
1 0.487012987012987 0.7060975609756097 0.006899350649350649 0.00548780487804878
0 0.7591314935064936 0.7064024390243903 0.020698051948051948 0.02804878048780488
0 0.6907467532467533 0.7077743902439024 0.026785714285714284 0.027134146341463414
1 0.4544439935064935 0.7134146341463414 0.007102272727272727 0.00548780487804878
0 0.5301339285714286 0.713719512195122 0.024553571428571428 0.023170731707317073
1 0.40482954545454547 0.7155487804878049 0.006493506493506494 0.00426829268292683
1 0.3877840909090909 0.7161585365853659 0.007305194805194805 0.00548780487804878
0 0.7381290584415584 0.7173780487804878 0.0034496753246753245 0.01097560975609756
1 0.3872767857142857 0.725609756097561 0.006696428571428571 0.00548780487804878
1 0.4047280844155844 0.725609756097561 0.006290584415584416 0.004878048780487805
1 0.4473417207792208 0.725609756097561 0.0034496753246753245 0.01097560975609756
