2 0.4807692307692308 0.3798076923076923 0.028846153846153848 0.038461538461538464
2 0.2932692307692308 0.43509615384615385 0.028846153846153848 0.038461538461538464
2 0.30288461538461536 0.4699519230769231 0.028846153846153848 0.036057692307692304
2 0.28125 0.6237980769230769 0.028846153846153848 0.036057692307692304
2 0.2608173076923077 0.6358173076923077 0.03125 0.036057692307692304
2 0.39302884615384615 0.6286057692307693 0.01201923076923077 0.01201923076923077
2 0.6057692307692307 0.6850961538461539 0.028846153846153848 0.038461538461538464
2 0.5228365384615384 0.2644230769230769 0.03125 0.038461538461538464
2 0.3317307692307692 0.32091346153846156 0.038461538461538464 0.04567307692307692
2 0.546875 0.2668269230769231 0.040865384615384616 0.052884615384615384
2 0.3713942307692308 0.3161057692307692 0.04567307692307692 0.055288461538461536
