2 0.5060096153846154 0.3786057692307692 0.026442307692307692 0.036057692307692304
2 0.6983173076923077 0.41466346153846156 0.026442307692307692 0.036057692307692304
2 0.6935096153846154 0.4495192307692308 0.026442307692307692 0.03365384615384615
2 0.7295673076923077 0.6009615384615384 0.026442307692307692 0.03365384615384615
2 0.7524038461538461 0.6105769230769231 0.028846153846153848 0.03365384615384615
2 0.6213942307692307 0.6165865384615384 0.01201923076923077 0.01201923076923077
2 0.41466346153846156 0.6959134615384616 0.026442307692307692 0.036057692307692304
2 0.4543269230769231 0.26802884615384615 0.028846153846153848 0.036057692307692304
2 0.6514423076923077 0.30528846153846156 0.03365384615384615 0.04326923076923077
2 0.42908653846153844 0.27403846153846156 0.036057692307692304 0.052884615384615384
2 0.609375 0.30288461538461536 0.040865384615384616 0.052884615384615384
