1 0.4495192307692308 0.8329326923076923 0.009615384615384616 0.007211538461538462
1 0.4735576923076923 0.8257211538461539 0.009615384615384616 0.007211538461538462
1 0.49158653846153844 0.8269230769230769 0.01201923076923077 0.009615384615384616
2 0.47115384615384615 0.6514423076923077 0.009615384615384616 0.004807692307692308
1 0.5564903846153846 0.8221153846153846 0.01201923076923077 0.009615384615384616
1 0.5769230769230769 0.8185096153846154 0.009615384615384616 0.007211538461538462
1 0.6129807692307693 0.8064903846153846 0.009615384615384616 0.007211538461538462
0 0.5721153846153846 0.6057692307692307 0.019230769230769232 0.019230769230769232
1 0.5612980769230769 0.46634615384615385 0.01201923076923077 0.009615384615384616
1 0.5709134615384616 0.46153846153846156 0.01201923076923077 0.009615384615384616
1 0.5661057692307693 0.44471153846153844 0.01201923076923077 0.009615384615384616
1 0.5757211538461539 0.46875 0.01201923076923077 0.009615384615384616
2 0.5456730769230769 0.3581730769230769 0.004807692307692308 0.004807692307692308
1 0.5805288461538461 0.4879807692307692 0.01201923076923077 0.009615384615384616
1 0.578125 0.47836538461538464 0.01201923076923077 0.009615384615384616
0 0.5396634615384616 0.30528846153846156 0.01201923076923077 0.009615384615384616
0 0.5420673076923077 0.3137019230769231 0.01201923076923077 0.01201923076923077
1 0.6310096153846154 0.6418269230769231 0.01201923076923077 0.009615384615384616
1 0.6334134615384616 0.6490384615384616 0.01201923076923077 0.009615384615384616
1 0.5805288461538461 0.4423076923076923 0.01201923076923077 0.009615384615384616
1 0.6213942307692307 0.6009615384615384 0.01201923076923077 0.009615384615384616
1 0.6189903846153846 0.5913461538461539 0.01201923076923077 0.009615384615384616
1 0.6478365384615384 0.6995192307692307 0.01201923076923077 0.009615384615384616
1 0.6550480769230769 0.7211538461538461 0.01201923076923077 0.009615384615384616
1 0.6262019230769231 0.6129807692307693 0.01201923076923077 0.009615384615384616
1 0.6274038461538461 0.6213942307692307 0.009615384615384616 0.007211538461538462
1 0.5877403846153846 0.47596153846153844 0.01201923076923077 0.009615384615384616
1 0.6382211538461539 0.6634615384615384 0.01201923076923077 0.009615384615384616
1 0.5901442307692307 0.4831730769230769 0.01201923076923077 0.009615384615384616
1 0.640625 0.6730769230769231 0.01201923076923077 0.009615384615384616
1 0.6454326923076923 0.6850961538461539 0.01201923076923077 0.009615384615384616
1 0.6646634615384616 0.7548076923076923 0.01201923076923077 0.009615384615384616
1 0.6598557692307693 0.7355769230769231 0.01201923076923077 0.009615384615384616
1 0.6622596153846154 0.7427884615384616 0.01201923076923077 0.009615384615384616
1 0.6670673076923077 0.7644230769230769 0.01201923076923077 0.009615384615384616
1 0.5877403846153846 0.46875 0.01201923076923077 0.009615384615384616
1 0.6694711538461539 0.7740384615384616 0.01201923076923077 0.009615384615384616
1 0.5865384615384616 0.4338942307692308 0.009615384615384616 0.007211538461538462
1 0.6033653846153846 0.4170673076923077 0.009615384615384616 0.007211538461538462
1 0.5925480769230769 0.34615384615384615 0.01201923076923077 0.009615384615384616
1 0.6045673076923077 0.35096153846153844 0.01201923076923077 0.009615384615384616
2 0.5985576923076923 0.3004807692307692 0.004807692307692308 0.004807692307692308
1 0.6177884615384616 0.35697115384615385 0.009615384615384616 0.007211538461538462
1 0.6370192307692307 0.41225961538461536 0.009615384615384616 0.007211538461538462
1 0.6274038461538461 0.35216346153846156 0.009615384615384616 0.007211538461538462
2 0.6754807692307693 0.5264423076923077 0.009615384615384616 0.004807692307692308
1 0.6394230769230769 0.38100961538461536 0.009615384615384616 0.007211538461538462
1 0.6911057692307693 0.5360576923076923 0.01201923076923077 0.009615384615384616
1 0.7199519230769231 0.6394230769230769 0.01201923076923077 0.009615384615384616
1 0.6959134615384616 0.5480769230769231 0.01201923076923077 0.009615384615384616
1 0.7175480769230769 0.6322115384615384 0.01201923076923077 0.009615384615384616
1 0.7247596153846154 0.65625 0.01201923076923077 0.009615384615384616
1 0.7211538461538461 0.6442307692307693 0.009615384615384616 0.009615384615384616
1 0.6983173076923077 0.5552884615384616 0.01201923076923077 0.009615384615384616
1 0.6514423076923077 0.3786057692307692 0.009615384615384616 0.007211538461538462
1 0.7055288461538461 0.5817307692307693 0.01201923076923077 0.009615384615384616
1 0.7536057692307693 0.7596153846153846 0.01201923076923077 0.009615384615384616
1 0.7055288461538461 0.5745192307692307 0.01201923076923077 0.009615384615384616
1 0.7103365384615384 0.59375 0.01201923076923077 0.009615384615384616
1 0.703125 0.5673076923076923 0.01201923076923077 0.009615384615384616
1 0.7295673076923077 0.6634615384615384 0.01201923076923077 0.009615384615384616
1 0.734375 0.6778846153846154 0.01201923076923077 0.009615384615384616
1 0.7319711538461539 0.6706730769230769 0.01201923076923077 0.009615384615384616
1 0.7367788461538461 0.6899038461538461 0.01201923076923077 0.009615384615384616
1 0.7391826923076923 0.6947115384615384 0.01201923076923077 0.009615384615384616
1 0.7391826923076923 0.7019230769230769 0.01201923076923077 0.009615384615384616
1 0.7415865384615384 0.7091346153846154 0.01201923076923077 0.009615384615384616
1 0.7560096153846154 0.7524038461538461 0.01201923076923077 0.009615384615384616
1 0.7463942307692307 0.71875 0.01201923076923077 0.009615384615384616
1 0.7512019230769231 0.7355769230769231 0.01201923076923077 0.009615384615384616
1 0.7512019230769231 0.7427884615384616 0.01201923076923077 0.009615384615384616
1 0.7487980769230769 0.7283653846153846 0.01201923076923077 0.009615384615384616
1 0.6887019230769231 0.49278846153846156 0.01201923076923077 0.009615384615384616
1 0.6418269230769231 0.30649038461538464 0.009615384615384616 0.007211538461538462
1 0.6610576923076923 0.3762019230769231 0.009615384615384616 0.007211538461538462
1 0.6959134615384616 0.49038461538461536 0.01201923076923077 0.009615384615384616
1 0.6923076923076923 0.4675480769230769 0.009615384615384616 0.007211538461538462
1 0.6730769230769231 0.3713942307692308 0.009615384615384616 0.007211538461538462
1 0.7884615384615384 0.7752403846153846 0.009615384615384616 0.007211538461538462
1 0.7920673076923077 0.7596153846153846 0.01201923076923077 0.009615384615384616
1 0.8076923076923077 0.7608173076923077 0.009615384615384616 0.007211538461538462
1 0.8257211538461539 0.6971153846153846 0.01201923076923077 0.009615384615384616
1 0.7848557692307693 0.5408653846153846 0.01201923076923077 0.009615384615384616
1 0.7896634615384616 0.5625 0.01201923076923077 0.009615384615384616
1 0.7872596153846154 0.5504807692307693 0.01201923076923077 0.009615384615384616
1 0.8040865384615384 0.6153846153846154 0.01201923076923077 0.009615384615384616
1 0.8016826923076923 0.6057692307692307 0.01201923076923077 0.009615384615384616
1 0.8137019230769231 0.6466346153846154 0.01201923076923077 0.009615384615384616
1 0.8161057692307693 0.6538461538461539 0.01201923076923077 0.009615384615384616
1 0.8185096153846154 0.6658653846153846 0.01201923076923077 0.009615384615384616
1 0.7788461538461539 0.5060096153846154 0.009615384615384616 0.007211538461538462
1 0.8449519230769231 0.7379807692307693 0.01201923076923077 0.009615384615384616
1 0.7884615384615384 0.5036057692307693 0.009615384615384616 0.007211538461538462
1 0.7620192307692307 0.3713942307692308 0.009615384615384616 0.007211538461538462
1 0.171875 0.5853365384615384 0.016826923076923076 0.01201923076923077
2 0.17307692307692307 0.5625 0.004807692307692308 0.004807692307692308
2 0.17548076923076922 0.5480769230769231 0.009615384615384616 0.004807692307692308
1 0.17908653846153846 0.49038461538461536 0.01201923076923077 0.009615384615384616
2 0.22596153846153846 0.6490384615384616 0.004807692307692308 0.004807692307692308
2 0.23197115384615385 0.6538461538461539 0.007211538461538462 0.004807692307692308
2 0.23317307692307693 0.6490384615384616 0.004807692307692308 0.004807692307692308
2 0.23557692307692307 0.6466346153846154 0.004807692307692308 0.004807692307692308
2 0.23918269230769232 0.6514423076923077 0.007211538461538462 0.004807692307692308
2 0.33774038461538464 0.8774038461538461 0.036057692307692304 0.028846153846153848
2 0.3473557692307692 0.7199519230769231 0.036057692307692304 0.036057692307692304
2 0.3629807692307692 0.7764423076923077 0.03365384615384615 0.038461538461538464
2 0.38100961538461536 0.8257211538461539 0.036057692307692304 0.036057692307692304
