2 0.3269230769230769 0.42788461538461536 0.038461538461538464 0.02403846153846154
2 0.3918269230769231 0.28966346153846156 0.009615384615384616 0.007211538461538462
2 0.3894230769230769 0.4110576923076923 0.009615384615384616 0.004807692307692308
2 0.4014423076923077 0.29086538461538464 0.009615384615384616 0.009615384615384616
2 0.4098557692307692 0.2920673076923077 0.007211538461538462 0.007211538461538462
2 0.42427884615384615 0.3112980769230769 0.021634615384615384 0.016826923076923076
2 0.5120192307692307 0.5228365384615384 0.014423076923076924 0.007211538461538462
2 0.5144230769230769 0.5168269230769231 0.009615384615384616 0.004807692307692308
2 0.5697115384615384 0.53125 0.009615384615384616 0.004807692307692308
2 0.5721153846153846 0.5384615384615384 0.009615384615384616 0.004807692307692308
2 0.5745192307692307 0.5192307692307693 0.009615384615384616 0.009615384615384616
2 0.5757211538461539 0.5096153846153846 0.007211538461538462 0.009615384615384616
2 0.6286057692307693 0.43028846153846156 0.01201923076923077 0.004807692307692308
2 0.6262019230769231 0.5552884615384616 0.01201923076923077 0.004807692307692308
2 0.6286057692307693 0.5432692307692307 0.01201923076923077 0.004807692307692308
2 0.6322115384615384 0.5240384615384616 0.009615384615384616 0.004807692307692308
2 0.6322115384615384 0.5336538461538461 0.009615384615384616 0.004807692307692308
2 0.6454326923076923 0.39903846153846156 0.01201923076923077 0.004807692307692308
