1 0.6310096153846154 0.7956730769230769 0.01201923076923077 0.009615384615384616
1 0.6274038461538461 0.8112980769230769 0.009615384615384616 0.007211538461538462
2 0.6346153846153846 0.7548076923076923 0.009615384615384616 0.004807692307692308
1 0.6262019230769231 0.7668269230769231 0.01201923076923077 0.009615384615384616
1 0.6237980769230769 0.7788461538461539 0.01201923076923077 0.009615384615384616
2 0.5793269230769231 0.7379807692307693 0.009615384615384616 0.004807692307692308
1 0.6502403846153846 0.39663461538461536 0.01201923076923077 0.009615384615384616
2 0.5673076923076923 0.7115384615384616 0.004807692307692308 0.004807692307692308
1 0.5552884615384616 0.7463942307692307 0.009615384615384616 0.007211538461538462
2 0.5180288461538461 0.8870192307692307 0.007211538461538462 0.009615384615384616
1 0.6129807692307693 0.45072115384615385 0.009615384615384616 0.007211538461538462
1 0.5985576923076923 0.453125 0.009615384615384616 0.007211538461538462
2 0.6141826923076923 0.38221153846153844 0.016826923076923076 0.009615384615384616
1 0.484375 0.7956730769230769 0.01201923076923077 0.009615384615384616
2 0.5180288461538461 0.5516826923076923 0.007211538461538462 0.007211538461538462
2 0.4639423076923077 0.6262019230769231 0.009615384615384616 0.007211538461538462
1 0.4230769230769231 0.7896634615384616 0.009615384615384616 0.007211538461538462
2 0.4579326923076923 0.6189903846153846 0.007211538461538462 0.007211538461538462
1 0.3641826923076923 0.7367788461538461 0.01201923076923077 0.007211538461538462
1 0.34975961538461536 0.6466346153846154 0.01201923076923077 0.009615384615384616
1 0.3473557692307692 0.6538461538461539 0.01201923076923077 0.009615384615384616
2 0.3870192307692308 0.4795673076923077 0.009615384615384616 0.007211538461538462
2 0.41225961538461536 0.34134615384615385 0.040865384615384616 0.03365384615384615
1 0.34975961538461536 0.6129807692307693 0.01201923076923077 0.009615384615384616
1 0.31971153846153844 0.6526442307692307 0.009615384615384616 0.007211538461538462
2 0.38461538461538464 0.33413461538461536 0.02403846153846154 0.028846153846153848
2 0.3485576923076923 0.4387019230769231 0.038461538461538464 0.036057692307692304
2 0.3233173076923077 0.5024038461538461 0.007211538461538462 0.004807692307692308
2 0.3233173076923077 0.49759615384615385 0.007211538461538462 0.004807692307692308
2 0.3233173076923077 0.4951923076923077 0.007211538461538462 0.004807692307692308
2 0.3233173076923077 0.49278846153846156 0.007211538461538462 0.004807692307692308
1 0.27163461538461536 0.7079326923076923 0.009615384615384616 0.007211538461538462
1 0.30288461538461536 0.5132211538461539 0.009615384615384616 0.007211538461538462
1 0.24759615384615385 0.7079326923076923 0.009615384615384616 0.007211538461538462
1 0.24759615384615385 0.7007211538461539 0.009615384615384616 0.007211538461538462
1 0.3161057692307692 0.4014423076923077 0.01201923076923077 0.009615384615384616
1 0.328125 0.3473557692307692 0.007211538461538462 0.007211538461538462
1 0.328125 0.35096153846153844 0.007211538461538462 0.004807692307692308
1 0.32572115384615385 0.35697115384615385 0.007211538461538462 0.007211538461538462
1 0.3293269230769231 0.3401442307692308 0.004807692307692308 0.002403846153846154
1 0.328125 0.34134615384615385 0.007211538461538462 0.004807692307692308
1 0.32572115384615385 0.35336538461538464 0.007211538461538462 0.004807692307692308
1 0.3293269230769231 0.33533653846153844 0.004807692307692308 0.002403846153846154
1 0.3293269230769231 0.3389423076923077 0.009615384615384616 0.004807692307692308
1 0.3317307692307692 0.32211538461538464 0.009615384615384616 0.009615384615384616
2 0.2980769230769231 0.4567307692307692 0.009615384615384616 0.004807692307692308
2 0.2548076923076923 0.6201923076923077 0.004807692307692308 0.004807692307692308
2 0.24519230769230768 0.6538461538461539 0.004807692307692308 0.004807692307692308
2 0.3245192307692308 0.3112980769230769 0.009615384615384616 0.007211538461538462
1 0.7487980769230769 0.7956730769230769 0.01201923076923077 0.009615384615384616
1 0.7788461538461539 0.65625 0.009615384615384616 0.009615384615384616
1 0.7764423076923077 0.6634615384615384 0.009615384615384616 0.009615384615384616
1 0.7800480769230769 0.6442307692307693 0.01201923076923077 0.009615384615384616
1 0.7836538461538461 0.6274038461538461 0.009615384615384616 0.009615384615384616
1 0.7788461538461539 0.6490384615384616 0.009615384615384616 0.009615384615384616
1 0.7860576923076923 0.6225961538461539 0.009615384615384616 0.009615384615384616
1 0.7824519230769231 0.6370192307692307 0.01201923076923077 0.009615384615384616
1 0.7872596153846154 0.6153846153846154 0.01201923076923077 0.009615384615384616
1 0.7908653846153846 0.6009615384615384 0.009615384615384616 0.009615384615384616
1 0.7884615384615384 0.6081730769230769 0.009615384615384616 0.009615384615384616
2 0.8221153846153846 0.45913461538461536 0.004807692307692308 0.004807692307692308
1 0.7920673076923077 0.59375 0.01201923076923077 0.009615384615384616
1 0.7932692307692307 0.5865384615384616 0.009615384615384616 0.009615384615384616
1 0.8016826923076923 0.5504807692307693 0.01201923076923077 0.009615384615384616
1 0.7992788461538461 0.5576923076923077 0.01201923076923077 0.009615384615384616
1 0.796875 0.5649038461538461 0.01201923076923077 0.009615384615384616
1 0.8064903846153846 0.5288461538461539 0.01201923076923077 0.009615384615384616
1 0.8040865384615384 0.5372596153846154 0.007211538461538462 0.007211538461538462
1 0.8064903846153846 0.5216346153846154 0.01201923076923077 0.009615384615384616
1 0.8004807692307693 0.5432692307692307 0.009615384615384616 0.009615384615384616
1 0.8088942307692307 0.5072115384615384 0.01201923076923077 0.009615384615384616
1 0.8088942307692307 0.5144230769230769 0.01201923076923077 0.009615384615384616
1 0.8149038461538461 0.4879807692307692 0.009615384615384616 0.009615384615384616
1 0.8100961538461539 0.5024038461538461 0.009615384615384616 0.009615384615384616
1 0.8173076923076923 0.4735576923076923 0.009615384615384616 0.009615384615384616
1 0.8149038461538461 0.4807692307692308 0.009615384615384616 0.009615384615384616
1 0.8125 0.4951923076923077 0.009615384615384616 0.009615384615384616
1 0.8197115384615384 0.46634615384615385 0.009615384615384616 0.009615384615384616
1 0.734375 0.8088942307692307 0.007211538461538462 0.007211538461538462
1 0.7391826923076923 0.7836538461538461 0.01201923076923077 0.009615384615384616
1 0.7391826923076923 0.7908653846153846 0.01201923076923077 0.009615384615384616
1 0.7319711538461539 0.8197115384615384 0.01201923076923077 0.009615384615384616
1 0.7355769230769231 0.7992788461538461 0.009615384615384616 0.007211538461538462
1 0.7439903846153846 0.7620192307692307 0.01201923076923077 0.009615384615384616
1 0.7295673076923077 0.8269230769230769 0.01201923076923077 0.009615384615384616
1 0.7415865384615384 0.7764423076923077 0.01201923076923077 0.009615384615384616
1 0.7307692307692307 0.765625 0.009615384615384616 0.007211538461538462
1 0.7127403846153846 0.8365384615384616 0.01201923076923077 0.009615384615384616
1 0.7295673076923077 0.7572115384615384 0.01201923076923077 0.009615384615384616
1 0.71875 0.7632211538461539 0.009615384615384616 0.007211538461538462
1 0.6995192307692307 0.8329326923076923 0.009615384615384616 0.007211538461538462
1 0.7211538461538461 0.7151442307692307 0.009615384615384616 0.007211538461538462
1 0.6899038461538461 0.8305288461538461 0.009615384615384616 0.007211538461538462
1 0.7043269230769231 0.7608173076923077 0.009615384615384616 0.007211538461538462
1 0.6947115384615384 0.7584134615384616 0.009615384615384616 0.007211538461538462
1 0.6971153846153846 0.7079326923076923 0.009615384615384616 0.007211538461538462
1 0.6634615384615384 0.8401442307692307 0.009615384615384616 0.007211538461538462
1 0.6983173076923077 0.6394230769230769 0.01201923076923077 0.009615384615384616
1 0.703125 0.625 0.01201923076923077 0.009615384615384616
1 0.7007211538461539 0.6322115384615384 0.01201923076923077 0.009615384615384616
1 0.6983173076923077 0.6466346153846154 0.01201923076923077 0.009615384615384616
1 0.7079326923076923 0.6033653846153846 0.01201923076923077 0.009615384615384616
1 0.7055288461538461 0.6177884615384616 0.01201923076923077 0.009615384615384616
1 0.7103365384615384 0.5889423076923077 0.01201923076923077 0.009615384615384616
1 0.7115384615384616 0.5817307692307693 0.009615384615384616 0.009615384615384616
1 0.7055288461538461 0.6105769230769231 0.01201923076923077 0.009615384615384616
1 0.7127403846153846 0.5745192307692307 0.01201923076923077 0.009615384615384616
1 0.7079326923076923 0.5961538461538461 0.01201923076923077 0.009615384615384616
1 0.7151442307692307 0.5673076923076923 0.01201923076923077 0.009615384615384616
1 0.7235576923076923 0.53125 0.009615384615384616 0.009615384615384616
1 0.7163461538461539 0.5600961538461539 0.009615384615384616 0.009615384615384616
1 0.7271634615384616 0.5120192307692307 0.01201923076923077 0.009615384615384616
1 0.7271634615384616 0.5192307692307693 0.01201923076923077 0.009615384615384616
1 0.7199519230769231 0.5384615384615384 0.01201923076923077 0.009615384615384616
1 0.7223557692307693 0.5240384615384616 0.01201923076923077 0.009615384615384616
1 0.7319711538461539 0.4831730769230769 0.01201923076923077 0.009615384615384616
1 0.7307692307692307 0.49759615384615385 0.009615384615384616 0.009615384615384616
1 0.7271634615384616 0.5048076923076923 0.01201923076923077 0.009615384615384616
1 0.7319711538461539 0.49038461538461536 0.01201923076923077 0.009615384615384616
1 0.7367788461538461 0.46875 0.01201923076923077 0.009615384615384616
1 0.734375 0.47596153846153844 0.01201923076923077 0.009615384615384616
1 0.7391826923076923 0.4567307692307692 0.01201923076923077 0.009615384615384616
1 0.7379807692307693 0.4639423076923077 0.009615384615384616 0.009615384615384616
1 0.7415865384615384 0.4495192307692308 0.01201923076923077 0.009615384615384616
2 0.6538461538461539 0.7524038461538461 0.004807692307692308 0.004807692307692308
1 0.6274038461538461 0.828125 0.009615384615384616 0.007211538461538462
1 0.6370192307692307 0.7776442307692307 0.009615384615384616 0.007211538461538462
1 0.6382211538461539 0.7668269230769231 0.01201923076923077 0.009615384615384616
