1 0.3701923076923077 0.8100961538461539 0.009615384615384616 0.004807692307692308
1 0.3942307692307692 0.8100961538461539 0.009615384615384616 0.004807692307692308
1 0.41346153846153844 0.8137019230769231 0.009615384615384616 0.007211538461538462
2 0.43509615384615385 0.640625 0.009615384615384616 0.002403846153846154
1 0.47836538461538464 0.8257211538461539 0.009615384615384616 0.007211538461538462
1 0.49759615384615385 0.8269230769230769 0.009615384615384616 0.004807692307692308
1 0.5360576923076923 0.8245192307692307 0.009615384615384616 0.004807692307692308
0 0.5432692307692307 0.6189903846153846 0.014423076923076924 0.016826923076923076
1 0.5673076923076923 0.48197115384615385 0.009615384615384616 0.007211538461538462
1 0.5769230769230769 0.4795673076923077 0.009615384615384616 0.007211538461538462
1 0.5769230769230769 0.46274038461538464 0.009615384615384616 0.007211538461538462
1 0.5817307692307693 0.4891826923076923 0.009615384615384616 0.007211538461538462
2 0.5793269230769231 0.37259615384615385 0.004807692307692308 0.004807692307692308
1 0.5817307692307693 0.5084134615384616 0.009615384615384616 0.007211538461538462
1 0.5817307692307693 0.4987980769230769 0.009615384615384616 0.007211538461538462
0 0.5865384615384616 0.32091346153846156 0.009615384615384616 0.007211538461538462
0 0.5865384615384616 0.3293269230769231 0.009615384615384616 0.009615384615384616
1 0.59375 0.6694711538461539 0.009615384615384616 0.007211538461538462
1 0.59375 0.6766826923076923 0.009615384615384616 0.007211538461538462
1 0.5913461538461539 0.46274038461538464 0.009615384615384616 0.007211538461538462
1 0.59375 0.6286057692307693 0.009615384615384616 0.007211538461538462
1 0.59375 0.6189903846153846 0.009615384615384616 0.007211538461538462
1 0.5961538461538461 0.7295673076923077 0.009615384615384616 0.007211538461538462
1 0.5961538461538461 0.7512019230769231 0.009615384615384616 0.007211538461538462
1 0.59375 0.640625 0.009615384615384616 0.007211538461538462
1 0.59375 0.6490384615384616 0.009615384615384616 0.004807692307692308
1 0.5913461538461539 0.4987980769230769 0.009615384615384616 0.007211538461538462
1 0.5961538461538461 0.6935096153846154 0.009615384615384616 0.007211538461538462
1 0.5913461538461539 0.5060096153846154 0.009615384615384616 0.007211538461538462
1 0.5961538461538461 0.7007211538461539 0.009615384615384616 0.007211538461538462
1 0.5961538461538461 0.7151442307692307 0.009615384615384616 0.007211538461538462
1 0.5985576923076923 0.7872596153846154 0.009615384615384616 0.007211538461538462
1 0.5985576923076923 0.7680288461538461 0.009615384615384616 0.007211538461538462
1 0.5985576923076923 0.7752403846153846 0.009615384615384616 0.007211538461538462
1 0.5985576923076923 0.796875 0.009615384615384616 0.007211538461538462
1 0.59375 0.49158653846153844 0.009615384615384616 0.007211538461538462
1 0.5985576923076923 0.8088942307692307 0.009615384615384616 0.007211538461538462
1 0.6009615384615384 0.45913461538461536 0.009615384615384616 0.004807692307692308
1 0.6201923076923077 0.44471153846153844 0.009615384615384616 0.004807692307692308
1 0.6274038461538461 0.3713942307692308 0.009615384615384616 0.007211538461538462
1 0.6370192307692307 0.38100961538461536 0.009615384615384616 0.007211538461538462
2 0.6442307692307693 0.3317307692307692 0.004807692307692308 0.004807692307692308
1 0.6490384615384616 0.3894230769230769 0.009615384615384616 0.004807692307692308
1 0.6538461538461539 0.44711538461538464 0.009615384615384616 0.004807692307692308
1 0.6586538461538461 0.3894230769230769 0.009615384615384616 0.004807692307692308
2 0.6634615384615384 0.5685096153846154 0.009615384615384616 0.002403846153846154
1 0.6658653846153846 0.4182692307692308 0.009615384615384616 0.004807692307692308
1 0.6754807692307693 0.5805288461538461 0.009615384615384616 0.007211538461538462
1 0.6802884615384616 0.6862980769230769 0.009615384615384616 0.007211538461538462
1 0.6778846153846154 0.5925480769230769 0.009615384615384616 0.007211538461538462
1 0.6802884615384616 0.6790865384615384 0.009615384615384616 0.007211538461538462
1 0.6802884615384616 0.7055288461538461 0.009615384615384616 0.007211538461538462
1 0.6814903846153846 0.6935096153846154 0.007211538461538462 0.007211538461538462
1 0.6778846153846154 0.5997596153846154 0.009615384615384616 0.007211538461538462
1 0.6754807692307693 0.4182692307692308 0.009615384615384616 0.004807692307692308
1 0.6802884615384616 0.6286057692307693 0.009615384615384616 0.007211538461538462
1 0.6850961538461539 0.8137019230769231 0.009615384615384616 0.007211538461538462
1 0.6802884615384616 0.6213942307692307 0.009615384615384616 0.007211538461538462
1 0.6802884615384616 0.640625 0.009615384615384616 0.007211538461538462
1 0.6826923076923077 0.6141826923076923 0.009615384615384616 0.007211538461538462
1 0.6826923076923077 0.7127403846153846 0.009615384615384616 0.007211538461538462
1 0.6826923076923077 0.7271634615384616 0.009615384615384616 0.007211538461538462
1 0.6826923076923077 0.7199519230769231 0.009615384615384616 0.007211538461538462
1 0.6850961538461539 0.7391826923076923 0.009615384615384616 0.007211538461538462
1 0.6850961538461539 0.7463942307692307 0.009615384615384616 0.007211538461538462
1 0.6850961538461539 0.7536057692307693 0.009615384615384616 0.007211538461538462
1 0.6850961538461539 0.7608173076923077 0.009615384615384616 0.007211538461538462
1 0.6850961538461539 0.8064903846153846 0.009615384615384616 0.007211538461538462
1 0.6850961538461539 0.7704326923076923 0.009615384615384616 0.007211538461538462
1 0.6850961538461539 0.7872596153846154 0.009615384615384616 0.007211538461538462
1 0.6850961538461539 0.7944711538461539 0.009615384615384616 0.007211538461538462
1 0.6875 0.7800480769230769 0.009615384615384616 0.007211538461538462
1 0.6850961538461539 0.5372596153846154 0.009615384615384616 0.007211538461538462
1 0.6850961538461539 0.34615384615384615 0.009615384615384616 0.004807692307692308
1 0.6875 0.4182692307692308 0.009615384615384616 0.004807692307692308
1 0.6947115384615384 0.5372596153846154 0.009615384615384616 0.007211538461538462
1 0.6947115384615384 0.5144230769230769 0.009615384615384616 0.004807692307692308
1 0.6995192307692307 0.4182692307692308 0.009615384615384616 0.004807692307692308
1 0.7139423076923077 0.8365384615384616 0.009615384615384616 0.004807692307692308
1 0.7211538461538461 0.8209134615384616 0.009615384615384616 0.007211538461538462
1 0.7355769230769231 0.8269230769230769 0.009615384615384616 0.004807692307692308
1 0.7668269230769231 0.7704326923076923 0.009615384615384616 0.007211538461538462
1 0.7668269230769231 0.609375 0.009615384615384616 0.007211538461538462
1 0.7668269230769231 0.6310096153846154 0.009615384615384616 0.007211538461538462
1 0.7668269230769231 0.6165865384615384 0.009615384615384616 0.007211538461538462
1 0.7668269230769231 0.6838942307692307 0.009615384615384616 0.007211538461538462
1 0.7692307692307693 0.6766826923076923 0.009615384615384616 0.007211538461538462
1 0.7692307692307693 0.7175480769230769 0.009615384615384616 0.007211538461538462
1 0.7692307692307693 0.7247596153846154 0.009615384615384616 0.007211538461538462
1 0.7692307692307693 0.7391826923076923 0.009615384615384616 0.007211538461538462
1 0.7692307692307693 0.5721153846153846 0.009615384615384616 0.004807692307692308
1 0.7764423076923077 0.8137019230769231 0.009615384615384616 0.007211538461538462
1 0.7788461538461539 0.5721153846153846 0.009615384615384616 0.004807692307692308
1 0.7836538461538461 0.4375 0.009615384615384616 0.004807692307692308
1 0.16105769230769232 0.5024038461538461 0.014423076923076924 0.009615384615384616
2 0.16826923076923078 0.4831730769230769 0.004807692307692308 0.004807692307692308
2 0.17307692307692307 0.4675480769230769 0.009615384615384616 0.002403846153846154
1 0.19230769230769232 0.41225961538461536 0.009615384615384616 0.007211538461538462
2 0.1971153846153846 0.5793269230769231 0.004807692307692308 0.004807692307692308
2 0.203125 0.5829326923076923 0.007211538461538462 0.002403846153846154
2 0.20432692307692307 0.5793269230769231 0.004807692307692308 0.004807692307692308
2 0.2091346153846154 0.5793269230769231 0.004807692307692308 0.004807692307692308
2 0.21033653846153846 0.5829326923076923 0.007211538461538462 0.002403846153846154
2 0.2512019230769231 0.828125 0.03125 0.021634615384615384
2 0.3004807692307692 0.6778846153846154 0.028846153846153848 0.028846153846153848
2 0.3016826923076923 0.7355769230769231 0.026442307692307692 0.03365384615384615
2 0.30528846153846156 0.7860576923076923 0.028846153846153848 0.028846153846153848
