2 0.4110576923076923 0.6862980769230769 0.038461538461538464 0.03125
2 0.36538461538461536 0.46274038461538464 0.04326923076923077 0.03125
2 0.40865384615384615 0.6550480769230769 0.038461538461538464 0.03125
2 0.38221153846153844 0.4891826923076923 0.04807692307692308 0.036057692307692304
2 0.4879807692307692 0.5480769230769231 0.038461538461538464 0.028846153846153848
2 0.5324519230769231 0.7355769230769231 0.036057692307692304 0.028846153846153848
2 0.6201923076923077 0.7259615384615384 0.03365384615384615 0.028846153846153848
2 0.5576923076923077 0.35216346153846156 0.03365384615384615 0.026442307692307692
2 0.6610576923076923 0.6442307692307693 0.02403846153846154 0.019230769230769232
2 0.7271634615384616 0.6814903846153846 0.01201923076923077 0.01201923076923077
2 0.7247596153846154 0.6574519230769231 0.01201923076923077 0.01201923076923077
