2 0.6754807692307693 0.5697115384615384 0.038461538461538464 0.02403846153846154
2 0.6129807692307693 0.7103365384615384 0.009615384615384616 0.007211538461538462
2 0.6129807692307693 0.5889423076923077 0.009615384615384616 0.004807692307692308
2 0.6033653846153846 0.7091346153846154 0.009615384615384616 0.009615384615384616
2 0.5949519230769231 0.7079326923076923 0.007211538461538462 0.007211538461538462
2 0.5805288461538461 0.6887019230769231 0.021634615384615384 0.016826923076923076
2 0.4879807692307692 0.47836538461538464 0.014423076923076924 0.004807692307692308
2 0.4879807692307692 0.4831730769230769 0.009615384615384616 0.004807692307692308
2 0.43028846153846156 0.47115384615384615 0.009615384615384616 0.004807692307692308
2 0.43028846153846156 0.4639423076923077 0.009615384615384616 0.004807692307692308
2 0.42788461538461536 0.4831730769230769 0.009615384615384616 0.009615384615384616
2 0.42427884615384615 0.49278846153846156 0.007211538461538462 0.009615384615384616
2 0.3762019230769231 0.5745192307692307 0.01201923076923077 0.004807692307692308
2 0.3737980769230769 0.44711538461538464 0.01201923076923077 0.004807692307692308
2 0.3713942307692308 0.45913461538461536 0.01201923076923077 0.004807692307692308
2 0.36778846153846156 0.4807692307692308 0.009615384615384616 0.004807692307692308
2 0.3701923076923077 0.46875 0.009615384615384616 0.004807692307692308
2 0.35697115384615385 0.6057692307692307 0.01201923076923077 0.004807692307692308
