0 0.3684050324675325 0.31478658536585363 0.041193181818181816 0.07896341463414634
0 0.5508319805194806 0.3184451219512195 0.024147727272727272 0.06798780487804879
0 0.7610592532467533 0.3326219512195122 0.016030844155844156 0.04024390243902439
1 0.7945413961038961 0.34039634146341463 0.011972402597402598 0.06128048780487805
1 0.8066152597402597 0.34039634146341463 0.01176948051948052 0.06128048780487805
1 0.8191964285714286 0.3413109756097561 0.012987012987012988 0.0625
1 0.8322849025974026 0.34207317073170734 0.013189935064935064 0.05914634146341463
1 0.4419642857142857 0.35320121951219513 0.007305194805194805 0.005182926829268293
0 0.7585227272727273 0.36539634146341465 0.006899350649350649 0.005182926829268293
1 0.4419642857142857 0.3663109756097561 0.006899350649350649 0.005182926829268293
1 0.703023538961039 0.3698170731707317 0.007102272727272727 0.006097560975609756
2 0.4872159090909091 0.37698170731707314 0.021915584415584416 0.032621951219512196
1 0.7300121753246753 0.3777439024390244 0.0034496753246753245 0.01097560975609756
2 0.6825284090909091 0.38399390243902437 0.021712662337662336 0.032621951219512196
1 0.7271712662337663 0.3878048780487805 0.007913961038961038 0.004878048780487805
1 0.7479707792207793 0.39222560975609755 0.005681818181818182 0.0375
0 0.760551948051948 0.3981707317073171 0.007305194805194805 0.00548780487804878
0 0.7305194805194806 0.39878048780487807 0.017045454545454544 0.02195121951219512
1 0.7560876623376623 0.40503048780487805 0.007305194805194805 0.005182926829268293
1 0.7729301948051948 0.40807926829268293 0.013798701298701298 0.05945121951219512
1 0.7990056818181818 0.40823170731707314 0.012378246753246754 0.057926829268292686
1 0.8115868506493507 0.4083841463414634 0.012378246753246754 0.060060975609756095
1 0.7862215909090909 0.4086890243902439 0.013189935064935064 0.05945121951219512
0 0.40087256493506496 0.41829268292682925 0.013189935064935064 0.03170731707317073
2 0.682426948051948 0.4184451219512195 0.021915584415584416 0.031402439024390244
0 0.5848214285714286 0.4189024390243902 0.011363636363636364 0.02804878048780488
1 0.7093141233766234 0.4242378048780488 0.007508116883116883 0.005182926829268293
1 0.7171266233766234 0.4246951219512195 0.006899350649350649 0.003658536585365854
0 0.6073457792207793 0.42896341463414633 0.01948051948051948 0.03048780487804878
0 0.4238027597402597 0.4301829268292683 0.01968344155844156 0.029878048780487804
0 0.6982548701298701 0.43125 0.007305194805194805 0.005792682926829268
0 0.8268060064935064 0.431859756097561 0.018060064935064936 0.022865853658536585
0 0.7594358766233766 0.4320121951219512 0.009943181818181818 0.01524390243902439
0 0.557426948051948 0.4364329268292683 0.015422077922077922 0.029573170731707316
0 0.3807832792207792 0.43841463414634146 0.016436688311688312 0.028658536585365855
1 0.7404626623376623 0.43841463414634146 0.005681818181818182 0.03780487804878049
0 0.7001826298701299 0.44146341463414634 0.003043831168831169 0.009146341463414634
0 0.7115462662337663 0.44496951219512193 0.0034496753246753245 0.009451219512195122
1 0.7204748376623377 0.4451219512195122 0.0034496753246753245 0.00975609756097561
1 0.7159090909090909 0.4452743902439024 0.002840909090909091 0.010670731707317074
0 0.6517857142857143 0.44649390243902437 0.04261363636363636 0.0576219512195122
0 0.758015422077922 0.4481707317073171 0.007102272727272727 0.004878048780487805
1 0.7468547077922078 0.4483231707317073 0.007102272727272727 0.005182926829268293
0 0.3652597402597403 0.44939024390243903 0.019074675324675324 0.027439024390243903
1 0.825689935064935 0.4527439024390244 0.04383116883116883 0.014634146341463415
1 0.4237012987012987 0.4533536585365854 0.0036525974025974025 0.010365853658536586
1 0.43060064935064934 0.45365853658536587 0.0036525974025974025 0.01097560975609756
1 0.731939935064935 0.4548780487804878 0.007305194805194805 0.004878048780487805
1 0.713372564935065 0.46219512195121953 0.0034496753246753245 0.01097560975609756
0 0.7325487012987013 0.47103658536585363 0.013798701298701298 0.021341463414634148
0 0.38788555194805197 0.4713414634146341 0.010349025974025974 0.016463414634146342
0 0.4102069805194805 0.47591463414634144 0.010349025974025974 0.012195121951219513
0 0.43242694805194803 0.47621951219512193 0.010551948051948052 0.01402439024390244
1 0.34993912337662336 0.4768292682926829 0.006696428571428571 0.00548780487804878
0 0.3613027597402597 0.4768292682926829 0.007508116883116883 0.004878048780487805
1 0.7421875 0.47774390243902437 0.006696428571428571 0.004878048780487805
1 0.6512784090909091 0.48003048780487806 0.007508116883116883 0.005182926829268293
0 0.7930194805194806 0.48079268292682925 0.045048701298701296 0.06219512195121951
0 0.8219358766233766 0.4885670731707317 0.007508116883116883 0.005792682926829268
1 0.8304586038961039 0.48871951219512194 0.006696428571428571 0.006097560975609756
1 0.3769277597402597 0.4902439024390244 0.007102272727272727 0.00548780487804878
0 0.388088474025974 0.49054878048780487 0.007508116883116883 0.006097560975609756
0 0.4810267857142857 0.4922256097560976 0.014813311688311688 0.024085365853658537
1 0.6177962662337663 0.49359756097560975 0.007102272727272727 0.004878048780487805
0 0.4146712662337662 0.49375 0.006696428571428571 0.005182926829268293
1 0.403713474025974 0.49390243902439024 0.007102272727272727 0.004878048780487805
1 0.43060064935064934 0.4942073170731707 0.007711038961038961 0.00548780487804878
0 0.44176136363636365 0.4942073170731707 0.006899350649350649 0.00548780487804878
0 0.4642857142857143 0.4945121951219512 0.010551948051948052 0.015853658536585366
1 0.6464082792207793 0.494969512195122 0.007102272727272727 0.005792682926829268
0 0.6678165584415584 0.5004573170731708 0.003246753246753247 0.010670731707317074
1 0.622362012987013 0.5013719512195122 0.007305194805194805 0.004573170731707317
1 0.578226461038961 0.504420731707317 0.030235389610389612 0.013109756097560975
0 0.7385349025974026 0.5155487804878048 0.044439935064935064 0.06280487804878049
1 0.36109983766233766 0.5172256097560975 0.007102272727272727 0.005182926829268293
0 0.4780844155844156 0.5210365853658536 0.0036525974025974025 0.01097560975609756
1 0.48467938311688313 0.5210365853658536 0.004261363636363636 0.010365853658536586
0 0.6203327922077922 0.5253048780487805 0.015016233766233766 0.015853658536585366
1 0.39021915584415584 0.5304878048780488 0.007305194805194805 0.004878048780487805
1 0.4147727272727273 0.5341463414634147 0.007305194805194805 0.00548780487804878
1 0.44176136363636365 0.5342987804878049 0.007305194805194805 0.005182926829268293
0 0.7062702922077922 0.535670731707317 0.016030844155844156 0.02621951219512195
1 0.35896915584415584 0.536890243902439 0.0036525974025974025 0.01097560975609756
1 0.4773741883116883 0.5378048780487805 0.0038555194805194805 0.01097560975609756
0 0.3679991883116883 0.5385670731707317 0.009131493506493506 0.008841463414634146
1 0.3789569805194805 0.5388719512195121 0.007102272727272727 0.005182926829268293
1 0.6424512987012987 0.5391768292682927 0.026379870129870128 0.013109756097560975
1 0.6920657467532467 0.5442073170731707 0.0034496753246753245 0.01097560975609756
1 0.37905844155844154 0.5484756097560975 0.007305194805194805 0.006097560975609756
1 0.35907061688311687 0.5486280487804878 0.0034496753246753245 0.010670731707317074
0 0.3678977272727273 0.5487804878048781 0.008928571428571428 0.009146341463414634
0 0.7984983766233766 0.5492378048780487 0.015016233766233766 0.018597560975609755
1 0.6868912337662337 0.5515243902439024 0.005681818181818182 0.031097560975609756
0 0.40137987012987014 0.5542682926829269 0.007305194805194805 0.00548780487804878
0 0.5166396103896104 0.5548780487804879 0.015422077922077922 0.029878048780487804
1 0.3791599025974026 0.5583841463414634 0.007508116883116883 0.005182926829268293
0 0.3679991883116883 0.5586890243902439 0.009131493506493506 0.008231707317073171
1 0.35896915584415584 0.5603658536585366 0.0036525974025974025 0.01097560975609756
0 0.7196631493506493 0.5617378048780488 0.019277597402597404 0.028963414634146343
2 0.7426948051948052 0.5620426829268292 0.021915584415584416 0.030792682926829268
1 0.820515422077922 0.5620426829268292 0.007102272727272727 0.004573170731707317
0 0.812601461038961 0.5623475609756098 0.006696428571428571 0.005182926829268293
1 0.4173092532467532 0.5635670731707317 0.007508116883116883 0.005182926829268293
1 0.7039366883116883 0.5650914634146341 0.0036525974025974025 0.011280487804878048
0 0.49726055194805197 0.5678353658536586 0.007508116883116883 0.005792682926829268
2 0.7653206168831169 0.5679878048780488 0.022524350649350648 0.03170731707317073
1 0.37905844155844154 0.56875 0.007305194805194805 0.005792682926829268
0 0.36810064935064934 0.5690548780487805 0.008928571428571428 0.008841463414634146
1 0.44287743506493504 0.5690548780487805 0.007508116883116883 0.005182926829268293
1 0.6911525974025974 0.5704268292682927 0.006899350649350649 0.006097560975609756
1 0.35896915584415584 0.5719512195121951 0.0036525974025974025 0.010365853658536586
1 0.4174107142857143 0.5742378048780488 0.006899350649350649 0.005182926829268293
0 0.8272118506493507 0.5753048780487805 0.02333603896103896 0.025
1 0.7059659090909091 0.5782012195121952 0.007305194805194805 0.005182926829268293
1 0.5825892857142857 0.5783536585365854 0.006493506493506494 0.004878048780487805
0 0.3679991883116883 0.5785060975609756 0.009131493506493506 0.009451219512195122
1 0.5094358766233766 0.5785060975609756 0.007102272727272727 0.005182926829268293
0 0.5448457792207793 0.5785060975609756 0.007305194805194805 0.005182926829268293
1 0.37905844155844154 0.5786585365853658 0.007305194805194805 0.00426829268292683
0 0.5204951298701299 0.5786585365853658 0.007305194805194805 0.00548780487804878
1 0.533786525974026 0.5786585365853658 0.007102272727272727 0.00548780487804878
1 0.5583400974025974 0.5786585365853658 0.007102272727272727 0.00548780487804878
0 0.6177962662337663 0.5786585365853658 0.007102272727272727 0.004878048780487805
1 0.5585430194805194 0.5788109756097561 0.007102272727272727 0.005792682926829268
0 0.5693993506493507 0.5789634146341464 0.007305194805194805 0.004878048780487805
1 0.6073457792207793 0.5789634146341464 0.007305194805194805 0.004878048780487805
0 0.593952922077922 0.5791158536585366 0.007305194805194805 0.005182926829268293
1 0.4429788961038961 0.5797256097560975 0.007305194805194805 0.005182926829268293
1 0.4940137987012987 0.5800304878048781 0.007508116883116883 0.005792682926829268
1 0.7483766233766234 0.581859756097561 0.003246753246753247 0.010670731707317074
1 0.35917207792207795 0.5829268292682926 0.0036525974025974025 0.01097560975609756
1 0.41761363636363635 0.5850609756097561 0.006899350649350649 0.00548780487804878
1 0.7415787337662337 0.5853658536585366 0.0034496753246753245 0.010365853658536586
0 0.3679991883116883 0.5890243902439024 0.009131493506493506 0.00853658536585366
1 0.37905844155844154 0.5891768292682927 0.007305194805194805 0.005182926829268293
1 0.44308035714285715 0.5902439024390244 0.006696428571428571 0.00548780487804878
1 0.7197646103896104 0.5913109756097561 0.0036525974025974025 0.010670731707317074
1 0.7278814935064936 0.5913109756097561 0.003246753246753247 0.010060975609756098
1 0.7237215909090909 0.5917682926829269 0.003043831168831169 0.01097560975609756
1 0.35896915584415584 0.594359756097561 0.0036525974025974025 0.010670731707317074
2 0.6373782467532467 0.5948170731707317 0.008522727272727272 0.00853658536585366
1 0.7416801948051948 0.594969512195122 0.006493506493506494 0.005182926829268293
1 0.41761363636363635 0.5960365853658537 0.006899350649350649 0.00548780487804878
0 0.6983563311688312 0.5975609756097561 0.014407467532467532 0.02378048780487805
1 0.7153003246753247 0.5978658536585366 0.005275974025974026 0.029878048780487804
1 0.37905844155844154 0.5984756097560976 0.007305194805194805 0.004878048780487805
0 0.3679991883116883 0.5989329268292682 0.009537337662337662 0.009451219512195122
0 0.463474025974026 0.5995426829268292 0.007305194805194805 0.005182926829268293
1 0.4398336038961039 0.6015243902439025 0.0038555194805194805 0.010365853658536586
1 0.7414772727272727 0.6048780487804878 0.002840909090909091 0.010365853658536586
1 0.7458400974025974 0.6053353658536585 0.003043831168831169 0.010670731707317074
1 0.7902800324675324 0.6053353658536585 0.003043831168831169 0.009451219512195122
1 0.35907061688311687 0.605640243902439 0.0034496753246753245 0.010670731707317074
1 0.7547686688311688 0.6083841463414634 0.003043831168831169 0.011280487804878048
1 0.3791599025974026 0.6086890243902439 0.007102272727272727 0.004573170731707317
0 0.7591314935064936 0.6086890243902439 0.0036525974025974025 0.010670731707317074
0 0.36810064935064934 0.6089939024390244 0.008928571428571428 0.008841463414634146
0 0.6517857142857143 0.6089939024390244 0.022727272727272728 0.024085365853658537
0 0.45018262987012986 0.6103658536585366 0.015219155844155844 0.023170731707317073
1 0.35896915584415584 0.6166158536585366 0.003246753246753247 0.010060975609756098
0 0.406148538961039 0.6173780487804879 0.007102272727272727 0.00548780487804878
1 0.7592329545454546 0.618140243902439 0.007102272727272727 0.005792682926829268
1 0.5580357142857143 0.6185975609756098 0.006899350649350649 0.004878048780487805
1 0.5825892857142857 0.61875 0.007305194805194805 0.005182926829268293
1 0.4848823051948052 0.6189024390243902 0.007102272727272727 0.00548780487804878
1 0.533786525974026 0.6189024390243902 0.007508116883116883 0.00548780487804878
1 0.5993303571428571 0.6189024390243902 0.006290584415584416 0.00548780487804878
1 0.5060876623376623 0.6192073170731708 0.006899350649350649 0.004878048780487805
0 0.3678977272727273 0.6230182926829269 0.009334415584415584 0.008841463414634146
1 0.3788555194805195 0.6233231707317073 0.006087662337662338 0.004573170731707317
1 0.48478084415584416 0.6239329268292683 0.006899350649350649 0.005182926829268293
1 0.5058847402597403 0.6240853658536586 0.006493506493506494 0.00426829268292683
1 0.359273538961039 0.6280487804878049 0.003043831168831169 0.010365853658536586
0 0.6726866883116883 0.6280487804878049 0.007305194805194805 0.004878048780487805
1 0.37926136363636365 0.6329268292682927 0.006899350649350649 0.004878048780487805
0 0.36820211038961037 0.6332317073170731 0.00872564935064935 0.009146341463414634
0 0.6725852272727273 0.6349085365853658 0.006696428571428571 0.005182926829268293
1 0.6635551948051948 0.635060975609756 0.007305194805194805 0.004878048780487805
1 0.35896915584415584 0.6399390243902439 0.0036525974025974025 0.011585365853658536
1 0.6725852272727273 0.6411585365853658 0.007102272727272727 0.004878048780487805
1 0.663961038961039 0.6414634146341464 0.007305194805194805 0.00548780487804878
0 0.3679991883116883 0.6426829268292683 0.009131493506493506 0.00853658536585366
1 0.37905844155844154 0.6431402439024391 0.007305194805194805 0.005182926829268293
0 0.6947037337662337 0.6454268292682926 0.0034496753246753245 0.010365853658536586
0 0.5295251623376623 0.6463414634146342 0.015219155844155844 0.03597560975609756
0 0.7367086038961039 0.6492378048780488 0.021712662337662336 0.028353658536585367
0 0.3679991883116883 0.6528963414634147 0.009131493506493506 0.008841463414634146
1 0.3791599025974026 0.6530487804878049 0.007508116883116883 0.00548780487804878
0 0.6316964285714286 0.6559451219512196 0.03125 0.04420731707317073
0 0.5464691558441559 0.6597560975609756 0.017857142857142856 0.022560975609756097
0 0.36810064935064934 0.663109756097561 0.008928571428571428 0.00853658536585366
1 0.3791599025974026 0.6632621951219512 0.007102272727272727 0.005792682926829268
1 0.5881696428571429 0.6644817073170731 0.003043831168831169 0.010670731707317074
1 0.5929383116883117 0.6650914634146341 0.003246753246753247 0.010670731707317074
1 0.5327719155844156 0.6711890243902439 0.007508116883116883 0.005182926829268293
1 0.5238433441558441 0.6713414634146342 0.006696428571428571 0.00548780487804878
1 0.37905844155844154 0.6727134146341464 0.007711038961038961 0.005182926829268293
0 0.3679991883116883 0.6728658536585366 0.009131493506493506 0.00853658536585366
1 0.6602069805194806 0.6743902439024391 0.003043831168831169 0.010365853658536586
0 0.45403814935064934 0.6746951219512195 0.018871753246753248 0.023170731707317073
1 0.6195211038961039 0.6746951219512195 0.007711038961038961 0.004878048780487805
1 0.5837053571428571 0.676829268292683 0.003043831168831169 0.00975609756097561
1 0.5792410714285714 0.6772865853658536 0.003043831168831169 0.010060975609756098
1 0.6294642857142857 0.6821646341463414 0.006899350649350649 0.005182926829268293
1 0.619622564935065 0.6826219512195122 0.007102272727272727 0.00548780487804878
1 0.6391030844155844 0.6827743902439024 0.007102272727272727 0.005182926829268293
0 0.36810064935064934 0.6829268292682927 0.008928571428571428 0.00853658536585366
1 0.3788555194805195 0.6829268292682927 0.007305194805194805 0.00548780487804878
0 0.4835633116883117 0.6913109756097561 0.036525974025974024 0.05884146341463414
0 0.5447443181818182 0.6922256097560976 0.014813311688311688 0.017378048780487806
0 0.7137784090909091 0.6926829268292682 0.012378246753246754 0.028658536585365855
0 0.3679991883116883 0.6929878048780488 0.00872564935064935 0.009146341463414634
1 0.3793628246753247 0.6929878048780488 0.007102272727272727 0.00548780487804878
1 0.35907061688311687 0.6939024390243902 0.0034496753246753245 0.01097560975609756
1 0.606737012987013 0.6946646341463415 0.007305194805194805 0.004573170731707317
0 0.5992288961038961 0.7015243902439025 0.0036525974025974025 0.010365853658536586
0 0.6424512987012987 0.7015243902439025 0.0036525974025974025 0.010365853658536586
1 0.606737012987013 0.7038109756097561 0.006899350649350649 0.005792682926829268
1 0.6988636363636364 0.7044207317073171 0.006899350649350649 0.005792682926829268
1 0.6335227272727273 0.7059451219512195 0.0036525974025974025 0.010670731707317074
2 0.44642857142857145 0.706859756097561 0.02150974025974026 0.032621951219512196
2 0.41761363636363635 0.2782012195121951 0.022321428571428572 0.03201219512195122
2 0.6181006493506493 0.2833841463414634 0.027597402597402596 0.038109756097560975
2 0.3938717532467532 0.2871951219512195 0.029626623376623376 0.046341463414634146
2 0.5770089285714286 0.28734756097560976 0.03429383116883117 0.04847560975609756
