2 0.3786057692307692 0.47836538461538464 0.036057692307692304 0.02403846153846154
2 0.3713942307692308 0.6754807692307693 0.036057692307692304 0.02403846153846154
2 0.40625 0.6778846153846154 0.03365384615384615 0.02403846153846154
2 0.5456730769230769 0.7475961538461539 0.03365384615384615 0.02403846153846154
2 0.5504807692307693 0.7704326923076923 0.03365384615384615 0.026442307692307692
2 0.5865384615384616 0.6442307692307693 0.009615384615384616 0.009615384615384616
2 0.7103365384615384 0.46153846153846156 0.036057692307692304 0.02403846153846154
2 0.2848557692307692 0.4026442307692308 0.036057692307692304 0.026442307692307692
2 0.2776442307692308 0.6021634615384616 0.040865384615384616 0.03125
2 0.296875 0.38100961538461536 0.05048076923076923 0.03125
2 0.2824519230769231 0.5612980769230769 0.05048076923076923 0.036057692307692304
