2 0.39783653846153844 0.6586538461538461 0.01201923076923077 0.004807692307692308
2 0.43028846153846156 0.6682692307692307 0.014423076923076924 0.004807692307692308
2 0.42908653846153844 0.6610576923076923 0.01201923076923077 0.004807692307692308
2 0.43149038461538464 0.5805288461538461 0.007211538461538462 0.002403846153846154
2 0.43149038461538464 0.5865384615384616 0.007211538461538462 0.004807692307692308
2 0.4483173076923077 0.5817307692307693 0.007211538461538462 0.004807692307692308
2 0.46634615384615385 0.6875 0.009615384615384616 0.004807692307692308
2 0.45913461538461536 0.40384615384615385 0.004807692307692308 0.009615384615384616
2 0.4735576923076923 0.6370192307692307 0.009615384615384616 0.004807692307692308
2 0.49278846153846156 0.5504807692307693 0.004807692307692308 0.004807692307692308
2 0.5 0.5492788461538461 0.004807692307692308 0.007211538461538462
2 0.49759615384615385 0.40384615384615385 0.004807692307692308 0.009615384615384616
2 0.5072115384615384 0.5396634615384616 0.004807692307692308 0.007211538461538462
2 0.5132211538461539 0.45913461538461536 0.007211538461538462 0.009615384615384616
2 0.5288461538461539 0.5600961538461539 0.004807692307692308 0.004807692307692308
2 0.5276442307692307 0.47596153846153844 0.007211538461538462 0.009615384615384616
2 0.5360576923076923 0.5649038461538461 0.004807692307692308 0.004807692307692308
2 0.5528846153846154 0.6730769230769231 0.009615384615384616 0.004807692307692308
2 0.5504807692307693 0.6682692307692307 0.009615384615384616 0.004807692307692308
2 0.5504807692307693 0.6418269230769231 0.004807692307692308 0.004807692307692308
2 0.546875 0.4206730769230769 0.007211538461538462 0.009615384615384616
2 0.5528846153846154 0.4639423076923077 0.004807692307692308 0.009615384615384616
2 0.5625 0.5625 0.004807692307692308 0.004807692307692308
2 0.5588942307692307 0.4423076923076923 0.007211538461538462 0.009615384615384616
2 0.5649038461538461 0.4423076923076923 0.004807692307692308 0.004807692307692308
2 0.5865384615384616 0.5673076923076923 0.009615384615384616 0.004807692307692308
2 0.6177884615384616 0.6129807692307693 0.009615384615384616 0.004807692307692308
2 0.6225961538461539 0.6706730769230769 0.004807692307692308 0.004807692307692308
2 0.6322115384615384 0.5793269230769231 0.004807692307692308 0.004807692307692308
2 0.6514423076923077 0.6682692307692307 0.004807692307692308 0.004807692307692308
2 0.6538461538461539 0.6009615384615384 0.004807692307692308 0.004807692307692308
2 0.6610576923076923 0.6033653846153846 0.004807692307692308 0.004807692307692308
2 0.6658653846153846 0.5144230769230769 0.004807692307692308 0.004807692307692308
2 0.6658653846153846 0.4951923076923077 0.004807692307692308 0.004807692307692308
2 0.6778846153846154 0.625 0.009615384615384616 0.004807692307692308
2 0.6730769230769231 0.5144230769230769 0.004807692307692308 0.004807692307692308
2 0.6658653846153846 0.375 0.004807692307692308 0.004807692307692308
2 0.7091346153846154 0.6442307692307693 0.009615384615384616 0.004807692307692308
2 0.7079326923076923 0.6346153846153846 0.007211538461538462 0.004807692307692308
2 0.7079326923076923 0.6514423076923077 0.007211538461538462 0.004807692307692308
2 0.7259615384615384 0.5889423076923077 0.009615384615384616 0.004807692307692308
2 0.7259615384615384 0.4206730769230769 0.004807692307692308 0.004807692307692308
2 0.7355769230769231 0.44711538461538464 0.009615384615384616 0.004807692307692308
2 0.75 0.44471153846153844 0.009615384615384616 0.004807692307692308
2 0.7620192307692307 0.5048076923076923 0.004807692307692308 0.004807692307692308
