2 0.34615384615384615 0.375 0.004807692307692308 0.004807692307692308
2 0.3581730769230769 0.41346153846153844 0.004807692307692308 0.004807692307692308
2 0.3581730769230769 0.37259615384615385 0.004807692307692308 0.004807692307692308
2 0.3894230769230769 0.41466346153846156 0.009615384615384616 0.007211538461538462
2 0.375 0.32091346153846156 0.009615384615384616 0.01201923076923077
2 0.41346153846153844 0.4014423076923077 0.004807692307692308 0.004807692307692308
2 0.44350961538461536 0.5048076923076923 0.007211538461538462 0.004807692307692308
2 0.4807692307692308 0.4699519230769231 0.009615384615384616 0.007211538461538462
2 0.45072115384615385 0.29927884615384615 0.016826923076923076 0.01201923076923077
2 0.4735576923076923 0.3605769230769231 0.009615384615384616 0.004807692307692308
2 0.5504807692307693 0.5348557692307693 0.009615384615384616 0.007211538461538462
