2 0.5685096153846154 0.32572115384615385 0.01201923076923077 0.007211538461538462
2 0.5360576923076923 0.3233173076923077 0.014423076923076924 0.007211538461538462
2 0.5372596153846154 0.328125 0.01201923076923077 0.007211538461538462
2 0.5516826923076923 0.40625 0.007211538461538462 0.004807692307692308
2 0.5492788461538461 0.4026442307692308 0.007211538461538462 0.007211538461538462
2 0.5348557692307693 0.4098557692307692 0.007211538461538462 0.007211538461538462
2 0.4951923076923077 0.3112980769230769 0.009615384615384616 0.007211538461538462
2 0.5612980769230769 0.5865384615384616 0.007211538461538462 0.009615384615384616
2 0.5 0.359375 0.009615384615384616 0.007211538461538462
2 0.49759615384615385 0.4495192307692308 0.004807692307692308 0.004807692307692308
2 0.49158653846153844 0.453125 0.007211538461538462 0.007211538461538462
2 0.5252403846153846 0.59375 0.007211538461538462 0.009615384615384616
2 0.48677884615384615 0.4651442307692308 0.007211538461538462 0.007211538461538462
2 0.4951923076923077 0.5444711538461539 0.009615384615384616 0.01201923076923077
2 0.46153846153846156 0.4495192307692308 0.004807692307692308 0.004807692307692308
2 0.47836538461538464 0.5324519230769231 0.009615384615384616 0.01201923076923077
2 0.4519230769230769 0.44711538461538464 0.004807692307692308 0.004807692307692308
2 0.41346153846153844 0.3425480769230769 0.009615384615384616 0.007211538461538462
2 0.41586538461538464 0.3473557692307692 0.009615384615384616 0.007211538461538462
2 0.4206730769230769 0.37259615384615385 0.004807692307692308 0.004807692307692308
2 0.47115384615384615 0.5901442307692307 0.009615384615384616 0.01201923076923077
2 0.4579326923076923 0.5480769230769231 0.007211538461538462 0.009615384615384616
2 0.42788461538461536 0.4543269230769231 0.004807692307692308 0.004807692307692308
2 0.4567307692307692 0.5685096153846154 0.009615384615384616 0.01201923076923077
2 0.4519230769230769 0.5697115384615384 0.004807692307692308 0.004807692307692308
2 0.40384615384615385 0.453125 0.009615384615384616 0.007211538461538462
2 0.3629807692307692 0.41466346153846156 0.009615384615384616 0.007211538461538462
2 0.34615384615384615 0.3605769230769231 0.004807692307692308 0.004807692307692308
2 0.3557692307692308 0.4495192307692308 0.004807692307692308 0.004807692307692308
2 0.3173076923076923 0.3701923076923077 0.004807692307692308 0.004807692307692308
2 0.3317307692307692 0.43509615384615385 0.004807692307692308 0.004807692307692308
2 0.32211538461538464 0.4326923076923077 0.004807692307692308 0.004807692307692308
2 0.33653846153846156 0.5216346153846154 0.004807692307692308 0.004807692307692308
2 0.3389423076923077 0.5408653846153846 0.004807692307692308 0.004807692307692308
2 0.3004807692307692 0.4170673076923077 0.009615384615384616 0.007211538461538462
2 0.3293269230769231 0.5240384615384616 0.004807692307692308 0.004807692307692308
2 0.36538461538461536 0.6586538461538461 0.004807692307692308 0.004807692307692308
2 0.2668269230769231 0.4026442307692308 0.009615384615384616 0.007211538461538462
2 0.2704326923076923 0.41225961538461536 0.007211538461538462 0.007211538461538462
2 0.265625 0.3954326923076923 0.007211538461538462 0.007211538461538462
2 0.2620192307692308 0.46033653846153844 0.009615384615384616 0.007211538461538462
2 0.2956730769230769 0.625 0.004807692307692308 0.004807692307692308
2 0.28365384615384615 0.6021634615384616 0.009615384615384616 0.007211538461538462
2 0.2668269230769231 0.6069711538461539 0.009615384615384616 0.007211538461538462
2 0.24519230769230768 0.5528846153846154 0.004807692307692308 0.004807692307692308
