0 0.5691183035714286 0.32510365853658535 0.00958400974025974 0.019109756097560975
0 0.5801318993506493 0.3258201219512195 0.008883928571428572 0.016884146341463416
0 0.6011363636363637 0.32700152439024394 0.007873376623376623 0.01314939024390244
0 0.7028206168831169 0.33261890243902437 0.008319805194805194 0.011579268292682927
0 0.75828125 0.3329420731707317 0.010068993506493505 0.01649390243902439
0 0.7136870941558442 0.3330640243902439 0.008948863636363637 0.017347560975609754
0 0.7694084821428572 0.33299237804878046 0.007972808441558442 0.013545731707317073
1 0.339260349025974 0.3337881097560976 0.012936282467532468 0.006600609756097561
0 0.7371215503246753 0.3337591463414634 0.009551542207792208 0.01629878048780488
0 0.7267877435064936 0.3343140243902439 0.008770292207792208 0.015579268292682927
0 0.383630275974026 0.33859298780487807 0.012796266233766234 0.020478658536585367
2 0.3634659090909091 0.3433231707317073 0.024415584415584415 0.03481707317073171
0 0.3393983360389611 0.3565137195121951 0.02132913961038961 0.032539634146341465
2 0.5381402191558441 0.3601768292682927 0.02189732142857143 0.03254878048780488
0 0.513947849025974 0.3600091463414634 0.025460633116883118 0.03648170731707317
2 0.5776532061688312 0.3600945121951219 0.014884334415584415 0.01896951219512195
0 0.5600081168831168 0.3601692073170732 0.016525974025974024 0.027655487804878046
0 0.38513595779220783 0.3627210365853658 0.014590097402597403 0.031539634146341464
0 0.43658482142857136 0.3656158536585366 0.010750811688311688 0.018426829268292682
2 0.49643465909090906 0.37832012195121956 0.016002435064935063 0.021884146341463413
2 0.3639508928571428 0.38012042682926833 0.022950487012987013 0.03828963414634146
0 0.3843851461038961 0.39125 0.016335227272727272 0.027621951219512192
0 0.3407487824675325 0.391797256097561 0.022406655844155843 0.03603353658536585
0 0.7887814529220779 0.4064588414634146 0.015468750000000002 0.01535670731707317
0 0.750684862012987 0.406640243902439 0.008674918831168832 0.012670731707317074
0 0.37557021103896104 0.4085228658536585 0.003169642857142857 0.006679878048780488
0 0.5990553977272727 0.4092545731707317 0.006958198051948051 0.01241158536585366
0 0.4808614042207792 0.41073628048780486 0.010018262987012987 0.015984756097560976
0 0.35434050324675326 0.41285518292682927 0.0029180194805194805 0.007417682926829268
0 0.6997828733766234 0.41447560975609754 0.002244318181818182 0.007
0 0.6061566558441558 0.4194817073170732 0.006956168831168831 0.01274390243902439
1 0.347932224025974 0.4233170731707317 0.005117694805194805 0.012487804878048781
0 0.3997098214285714 0.42316768292682927 0.008835227272727272 0.017067073170731705
0 0.680257711038961 0.42342682926829267 0.009460227272727273 0.013926829268292683
0 0.37526988636363634 0.4240625 0.0021631493506493508 0.00788109756097561
0 0.3644987824675325 0.4238658536585366 0.01471185064935065 0.016634146341463416
0 0.4182305194805195 0.42414024390243904 0.010162337662337663 0.014134146341463415
0 0.428286323051948 0.42510975609756096 0.007952516233766234 0.016682926829268294
0 0.408929586038961 0.42539939024390244 0.0069825487012987 0.01421341463414634
1 0.44718141233766234 0.42671189024390244 0.011651785714285715 0.007692073170731707
0 0.7113129058441559 0.42759146341463417 0.005418019480519481 0.010060975609756098
0 0.7019906655844156 0.4274695121951219 0.0074715909090909095 0.01530487804878049
0 0.6921864853896104 0.4282179878048781 0.00734375 0.013143292682926829
0 0.6132224025974026 0.4294375 0.007694805194805195 0.013143292682926829
1 0.44597504058441556 0.4352606707317073 0.010862418831168832 0.00710670731707317
0 0.6849370941558441 0.4435807926829268 0.007455357142857143 0.010332317073170732
0 0.650307426948052 0.44422713414634146 0.0075953733766233765 0.012234756097560976
0 0.658502435064935 0.44415396341463415 0.0069399350649350655 0.014527439024390243
0 0.6764742288961039 0.444609756097561 0.007980925324675325 0.013609756097560976
0 0.668111810064935 0.4447713414634146 0.007895698051948051 0.012103658536585366
0 0.6397504058441559 0.444922256097561 0.007991071428571429 0.011185975609756097
0 0.3757315340909091 0.4455228658536586 0.011203327922077922 0.019704268292682927
0 0.36296063311688315 0.44676219512195126 0.008794642857142859 0.016695121951219513
0 0.3867288961038961 0.4476875 0.009659090909090909 0.018545731707317072
0 0.34455661525974024 0.44829420731707315 0.010135957792207793 0.011832317073170732
0 0.4047818587662338 0.448467987804878 0.008833198051948052 0.015228658536585367
2 0.4184253246753247 0.45260823170731707 0.004464285714285714 0.018021341463414633
1 0.3555255681818182 0.45752743902439025 0.008129058441558442 0.021152439024390242
1 0.3374827516233766 0.45878963414634144 0.00572849025974026 0.019408536585365854
0 0.7791142451298702 0.4869100609756098 0.01236810064935065 0.014673780487804879
2 0.47641741071428567 0.4918368902439024 0.0051887175324675325 0.01842987804878049
0 0.48600243506493507 0.49291158536585367 0.013400974025974028 0.021798780487804877
0 0.3304099025974026 0.4973887195121951 0.011063311688311688 0.01733841463414634
0 0.7634902597402597 0.5007271341463415 0.009935064935064936 0.015478658536585367
2 0.31876116071428573 0.5020716463414634 0.009275568181818182 0.007192073170731708
2 0.3903733766233766 0.5039512195121951 0.003555194805194805 0.020097560975609757
0 0.7925020292207792 0.5046646341463414 0.007487824675324675 0.01603658536585366
0 0.7741984577922078 0.5053932926829269 0.0078125 0.014445121951219513
0 0.7838139204545455 0.5066829268292683 0.009186282467532468 0.01946341463414634
2 0.31848924512987015 0.5134618902439024 0.01197849025974026 0.008631097560975609
0 0.3055519480519481 0.5156829268292683 0.010454545454545456 0.01673170731707317
2 0.4233816964285715 0.5169908536585366 0.006260146103896104 0.018128048780487804
0 0.4136272321428571 0.5177271341463414 0.008666801948051948 0.01838109756097561
2 0.3956168831168831 0.517984756097561 0.006331168831168831 0.017067073170731705
0 0.43366883116883115 0.5181554878048781 0.008977272727272728 0.016189024390243903
2 0.3835247564935065 0.5186951219512195 0.005280032467532467 0.019707317073170732
2 0.4757802353896104 0.5199481707317073 0.007566964285714285 0.013067073170731707
2 0.44603084415584415 0.5222118902439025 0.01219155844155844 0.015765243902439025
0 0.796208400974026 0.5277240853658537 0.008812905844155844 0.017643292682926828
0 0.7828703327922079 0.5287560975609756 0.008922483766233766 0.014219512195121952
0 0.7219470373376624 0.5304573170731708 0.008423295454545454 0.01274390243902439
0 0.4766304788961039 0.5324603658536585 0.008455762987012987 0.015530487804878049
0 0.37891436688311686 0.5390731707317074 0.008234577922077923 0.015341463414634146
0 0.45382508116883113 0.5407804878048781 0.007893668831168831 0.01753658536585366
0 0.5384425730519481 0.5409146341463414 0.013573457792207793 0.019634146341463415
0 0.4093536931818182 0.5407896341463414 0.009048295454545455 0.01877439024390244
0 0.44414975649350646 0.5407896341463414 0.01005275974025974 0.01877439024390244
2 0.3510146103896104 0.5413795731707317 0.006006493506493507 0.016295731707317074
0 0.4350071022727273 0.5412850609756098 0.008407061688311688 0.01610670731707317
2 0.37118405032467533 0.5417378048780488 0.005760957792207792 0.017012195121951217
0 0.39945718344155845 0.541609756097561 0.008735795454545454 0.018585365853658536
0 0.3592359983766234 0.5419100609756098 0.009462256493506495 0.016746951219512196
0 0.6776714691558442 0.5470076219512195 0.009969561688311689 0.014746951219512194
1 0.42304281655844156 0.5482073170731707 0.005582386363636364 0.029341463414634145
0 0.4803206168831169 0.5505274390243903 0.009342532467532468 0.01325
0 0.47021408279220783 0.5504344512195122 0.00820413961038961 0.019161585365853658
0 0.5380245535714286 0.5668643292682927 0.013954951298701298 0.017265243902439026
0 0.6741264204545454 0.5704664634146341 0.00734375 0.012274390243902438
0 0.6900659496753246 0.5717774390243903 0.008784496753246752 0.017335365853658538
0 0.6641071428571428 0.5717378048780488 0.00840909090909091 0.012987804878048782
0 0.4915178571428571 0.573859756097561 0.010227272727272727 0.01784146341463415
2 0.31278409090909093 0.574202743902439 0.004626623376623376 0.012429878048780488
2 0.3185085227272727 0.5750045731707317 0.006335227272727273 0.01464329268292683
2 0.3067136769480519 0.5761295731707317 0.005066964285714286 0.012015243902439023
0 0.5178804788961039 0.5782713414634146 0.00856939935064935 0.018128048780487804
1 0.44132203733766234 0.5805182926829268 0.003991477272727273 0.01835365853658537
0 0.4476237824675324 0.5815975609756098 0.009289772727272728 0.014414634146341464
0 0.4582822646103896 0.582797256097561 0.011126217532467533 0.014984756097560975
0 0.43124086850649357 0.5863338414634146 0.009803165584415584 0.01717987804878049
0 0.6193739853896104 0.5872225609756098 0.00904017857142857 0.015298780487804878
2 0.34644784902597403 0.590609756097561 0.004178165584415585 0.018414634146341462
0 0.39971895292207793 0.590734756097561 0.010476866883116883 0.02171341463414634
0 0.38666396103896106 0.5911981707317073 0.011558441558441558 0.022640243902439027
1 0.3719795048701299 0.5914420731707317 0.007351866883116883 0.017640243902439023
2 0.3516112012987013 0.5917881097560975 0.005170454545454546 0.016503048780487806
1 0.3361566558441558 0.5919939024390244 0.004699675324675324 0.011426829268292683
1 0.33067877435064935 0.5920884146341463 0.004701704545454545 0.014054878048780488
1 0.32596083603896103 0.593141768292683 0.0037885551948051953 0.012503048780487804
1 0.3411049107142857 0.5931996951219513 0.0048559253246753245 0.01566768292682927
0 0.6738687094155844 0.5933963414634146 0.009263392857142857 0.016060975609756098
0 0.4871935876623376 0.5959009146341464 0.00807224025974026 0.013753048780487805
0 0.4654017857142857 0.5978551829268293 0.009537337662337662 0.01461280487804878
0 0.47604809253246755 0.5982362804878049 0.009726055194805195 0.015375
0 0.6195403814935064 0.6084192073170732 0.009778814935064935 0.013179878048780487
0 0.5814488636363636 0.6145533536585366 0.009082792207792208 0.01691158536585366
2 0.3068719561688312 0.6185243902439025 0.005383522727272727 0.01753658536585366
2 0.31997260551948054 0.6185243902439025 0.00601663961038961 0.01753658536585366
2 0.3135237418831169 0.6191219512195122 0.005700081168831169 0.01873170731707317
