2 0.6730769230769231 0.4254807692307692 0.09615384615384616 0.052884615384615384
2 0.6670673076923077 0.4675480769230769 0.09375 0.04567307692307692
2 0.6322115384615384 0.3762019230769231 0.02403846153846154 0.016826923076923076
2 0.5973557692307693 0.4026442307692308 0.06490384615384616 0.03125
2 0.4963942307692308 0.359375 0.01201923076923077 0.01201923076923077
2 0.3641826923076923 0.578125 0.021634615384615384 0.016826923076923076
2 0.296875 0.3762019230769231 0.03125 0.021634615384615384
2 0.22716346153846154 0.6502403846153846 0.026442307692307692 0.021634615384615384
2 0.22716346153846154 0.6237980769230769 0.026442307692307692 0.021634615384615384
2 0.26322115384615385 0.3329326923076923 0.01201923076923077 0.007211538461538462
