1 0.6262175324675324 0.3975609756097561 0.015422077922077922 0.012195121951219513
0 0.7564935064935064 0.3975609756097561 0.006087662337662338 0.00975609756097561
1 0.7287946428571429 0.39908536585365856 0.014407467532467532 0.01097560975609756
1 0.39874188311688313 0.4030487804878049 0.014204545454545454 0.011585365853658536
0 0.6024756493506493 0.4033536585365854 0.006493506493506494 0.012804878048780487
0 0.36678165584415584 0.4035060975609756 0.007508116883116883 0.0125
1 0.6568587662337663 0.4092987804878049 0.006493506493506494 0.004573170731707317
1 0.6263189935064936 0.40960365853658537 0.015219155844155844 0.011280487804878048
1 0.7287946428571429 0.40960365853658537 0.014001623376623376 0.011280487804878048
1 0.3989448051948052 0.4138719512195122 0.014204545454545454 0.010670731707317074
1 0.6568587662337663 0.4141768292682927 0.005681818181818182 0.0039634146341463415
1 0.5087256493506493 0.419359756097561 0.0036525974025974025 0.009451219512195122
1 0.6571631493506493 0.4195121951219512 0.006290584415584416 0.003658536585365854
1 0.5135957792207793 0.4198170731707317 0.0036525974025974025 0.009146341463414634
1 0.5188717532467533 0.4198170731707317 0.0036525974025974025 0.009146341463414634
1 0.5041599025974026 0.41996951219512196 0.0034496753246753245 0.010670731707317074
1 0.690036525974026 0.41996951219512196 0.00588474025974026 0.004573170731707317
1 0.6263189935064936 0.4216463414634146 0.014813311688311688 0.011585365853658536
1 0.721286525974026 0.4221036585365854 0.014813311688311688 0.011280487804878048
0 0.44389204545454547 0.4245426829268293 0.02130681818181818 0.036280487804878046
0 0.4888392857142857 0.4248475609756098 0.021915584415584416 0.034451219512195125
0 0.46631493506493504 0.42545731707317075 0.020292207792207792 0.03567073170731707
1 0.6571631493506493 0.42545731707317075 0.005478896103896104 0.0039634146341463415
1 0.40584415584415584 0.42576219512195124 0.01461038961038961 0.011890243902439025
1 0.6898336038961039 0.4269817073170732 0.005478896103896104 0.0039634146341463415
1 0.6573660714285714 0.43003048780487807 0.00588474025974026 0.004573170731707317
0 0.776176948051948 0.4320121951219512 0.004464285714285714 0.010365853658536586
1 0.6267248376623377 0.43353658536585366 0.015219155844155844 0.01097560975609756
0 0.762885551948052 0.43353658536585366 0.016030844155844156 0.025
1 0.721387987012987 0.4336890243902439 0.01461038961038961 0.010670731707317074
1 0.6570616883116883 0.43521341463414637 0.006087662337662338 0.0039634146341463415
0 0.591112012987013 0.43582317073170734 0.004058441558441558 0.011280487804878048
0 0.3003246753246753 0.4376524390243902 0.004464285714285714 0.010060975609756098
0 0.6029829545454546 0.4376524390243902 0.01359577922077922 0.025914634146341462
1 0.40584415584415584 0.4379573170731707 0.014204545454545454 0.0125
1 0.695515422077922 0.43917682926829266 0.002232142857142857 0.008231707317073171
1 0.6919642857142857 0.43948170731707314 0.002840909090909091 0.008841463414634146
0 0.35450487012987014 0.4405487804878049 0.004464285714285714 0.009146341463414634
0 0.364650974025974 0.4413109756097561 0.015422077922077922 0.025914634146341462
1 0.44886363636363635 0.4922256097560976 0.0036525974025974025 0.010060975609756098
1 0.4153814935064935 0.4923780487804878 0.004058441558441558 0.009146341463414634
1 0.37073863636363635 0.49390243902439024 0.002029220779220779 0.00853658536585366
1 0.3638392857142857 0.4940548780487805 0.002840909090909091 0.009451219512195122
1 0.36739042207792205 0.4940548780487805 0.003043831168831169 0.009451219512195122
1 0.37459415584415584 0.4940548780487805 0.002840909090909091 0.008841463414634146
1 0.3742897727272727 0.5144817073170732 0.002637987012987013 0.009451219512195122
1 0.3640422077922078 0.5146341463414634 0.002435064935064935 0.009146341463414634
1 0.37094155844155846 0.5146341463414634 0.002840909090909091 0.00975609756097561
1 0.8163555194805194 0.5146341463414634 0.0036525974025974025 0.009146341463414634
1 0.36759334415584416 0.5149390243902439 0.002637987012987013 0.009146341463414634
1 0.7958603896103896 0.5149390243902439 0.004058441558441558 0.010365853658536586
1 0.7768871753246753 0.5153963414634146 0.004667207792207792 0.010060975609756098
1 0.7490868506493507 0.5160060975609756 0.004261363636363636 0.010670731707317074
0 0.5664569805194806 0.5326219512195122 0.002637987012987013 0.006097560975609756
0 0.5713271103896104 0.5326219512195122 0.0018262987012987013 0.004878048780487805
0 0.5870535714285714 0.5327743902439024 0.002435064935064935 0.005182926829268293
0 0.5643262987012987 0.5329268292682927 0.002029220779220779 0.006707317073170732
0 0.5790381493506493 0.5329268292682927 0.002232142857142857 0.00548780487804878
0 0.5732548701298701 0.5330792682926829 0.002435064935064935 0.005792682926829268
0 0.5565137987012987 0.5332317073170731 0.0018262987012987013 0.004878048780487805
0 0.5890827922077922 0.5332317073170731 0.002029220779220779 0.00548780487804878
0 0.5584415584415584 0.5333841463414634 0.0016233766233766235 0.004573170731707317
0 0.7935267857142857 0.5333841463414634 0.018871753246753248 0.022865853658536585
0 0.5814732142857143 0.5335365853658537 0.0018262987012987013 0.006707317073170732
0 0.8284293831168831 0.5344512195121951 0.020900974025974024 0.021341463414634148
0 0.6141436688311688 0.5349085365853659 0.017248376623376624 0.020426829268292684
0 0.744825487012987 0.5349085365853659 0.018060064935064936 0.02347560975609756
0 0.8525771103896104 0.5349085365853659 0.017248376623376624 0.02347560975609756
0 0.7242288961038961 0.5353658536585366 0.018668831168831168 0.024390243902439025
1 0.635349025974026 0.5367378048780488 0.005681818181818182 0.0039634146341463415
1 0.666801948051948 0.5423780487804878 0.0036525974025974025 0.00853658536585366
1 0.6989650974025974 0.5486280487804878 0.0034496753246753245 0.010670731707317074
1 0.674614448051948 0.5608231707317073 0.0038555194805194805 0.008841463414634146
0 0.8260957792207793 0.5625 0.020292207792207792 0.02195121951219512
1 0.3538961038961039 0.563719512195122 0.004058441558441558 0.00975609756097561
0 0.8532873376623377 0.5653963414634147 0.018262987012987012 0.021646341463414633
1 0.283887987012987 0.5664634146341463 0.004464285714285714 0.01097560975609756
1 0.31026785714285715 0.5664634146341463 0.0036525974025974025 0.01097560975609756
1 0.6204342532467533 0.5670731707317073 0.005478896103896104 0.00426829268292683
1 0.6205357142857143 0.5716463414634146 0.005275974025974026 0.00426829268292683
1 0.6203327922077922 0.5766768292682927 0.005681818181818182 0.003353658536585366
1 0.6205357142857143 0.5809451219512195 0.006087662337662338 0.0039634146341463415
0 0.5284090909090909 0.5861280487804879 0.002840909090909091 0.0039634146341463415
1 0.6201298701298701 0.5862804878048781 0.005275974025974026 0.00426829268292683
1 0.48914366883116883 0.5884146341463414 0.007102272727272727 0.00426829268292683
0 0.5282061688311688 0.5897865853658537 0.003246753246753247 0.003353658536585366
1 0.3550121753246753 0.5902439024390244 0.0038555194805194805 0.009146341463414634
0 0.6782670454545454 0.5923780487804878 0.017248376623376624 0.021341463414634148
1 0.666497564935065 0.5967987804878049 0.003043831168831169 0.011890243902439025
0 0.528510551948052 0.5989329268292682 0.002637987012987013 0.003353658536585366
0 0.528510551948052 0.6016768292682927 0.002637987012987013 0.00274390243902439
0 0.3431412337662338 0.6047256097560976 0.016233766233766232 0.013109756097560975
0 0.5282061688311688 0.6067073170731707 0.0036525974025974025 0.003048780487804878
0 0.6762378246753247 0.6089939024390244 0.0038555194805194805 0.010060975609756098
0 0.6800933441558441 0.6094512195121952 0.0038555194805194805 0.00975609756097561
1 0.4888392857142857 0.6097560975609756 0.006087662337662338 0.00426829268292683
0 0.5282061688311688 0.6099085365853658 0.0036525974025974025 0.00274390243902439
0 0.6721793831168831 0.6099085365853658 0.004261363636363636 0.010670731707317074
1 0.684963474025974 0.6099085365853658 0.003043831168831169 0.008841463414634146
1 0.617086038961039 0.6106707317073171 0.002840909090909091 0.00853658536585366
0 0.3479099025974026 0.6233231707317073 0.006696428571428571 0.005792682926829268
0 0.29867288961038957 0.6250442073170732 0.017800324675324674 0.014112804878048781
0 0.369724025974026 0.625609756097561 0.0016233766233766235 0.00426829268292683
0 0.37905844155844154 0.6259146341463414 0.0016233766233766235 0.004878048780487805
1 0.3918425324675325 0.6278963414634147 0.006087662337662338 0.0039634146341463415
0 0.5723417207792207 0.6353658536585366 0.0014204545454545455 0.004878048780487805
0 0.5703125 0.6355182926829268 0.0014204545454545455 0.004573170731707317
0 0.5866477272727273 0.635670731707317 0.0016233766233766235 0.004878048780487805
0 0.5567167207792207 0.6358231707317074 0.0014204545454545455 0.005792682926829268
0 0.5586444805194806 0.6358231707317074 0.002029220779220779 0.005182926829268293
0 0.5642248376623377 0.6358231707317074 0.0018262987012987013 0.005182926829268293
0 0.5658482142857143 0.6358231707317074 0.0018262987012987013 0.005792682926829268
0 0.5847199675324676 0.6359756097560976 0.002232142857142857 0.00548780487804878
0 0.5776176948051948 0.6361280487804878 0.0018262987012987013 0.005792682926829268
0 0.5796469155844156 0.636280487804878 0.002232142857142857 0.00548780487804878
1 0.6475243506493507 0.6388719512195122 0.006493506493506494 0.0039634146341463415
1 0.37256493506493504 0.6393292682926829 0.006087662337662338 0.00426829268292683
1 0.35450487012987014 0.6394817073170732 0.005681818181818182 0.0039634146341463415
1 0.36079545454545453 0.6394817073170732 0.005681818181818182 0.0039634146341463415
1 0.37875405844155846 0.6394817073170732 0.005073051948051948 0.0039634146341463415
1 0.3665787337662338 0.6396341463414634 0.005478896103896104 0.003658536585365854
1 0.3483157467532468 0.6397865853658536 0.005073051948051948 0.0039634146341463415
1 0.2692775974025974 0.6423780487804878 0.0036525974025974025 0.011585365853658536
0 0.5205965909090909 0.6426829268292683 0.014813311688311688 0.025
1 0.6834415584415584 0.6426829268292683 0.005681818181818182 0.003658536585365854
1 0.6832386363636364 0.6478658536585366 0.005681818181818182 0.00426829268292683
1 0.6831371753246753 0.6527439024390244 0.006290584415584416 0.004878048780487805
1 0.6835430194805194 0.657469512195122 0.005478896103896104 0.004573170731707317
0 0.3026582792207792 0.6614329268292682 0.005478896103896104 0.0064024390243902435
