0 0.4519074675324675 0.4272865853658537 0.008116883116883116 0.0064024390243902435
1 0.6237824675324676 0.43277439024390246 0.00487012987012987 0.0039634146341463415
0 0.3014407467532468 0.4353658536585366 0.0038555194805194805 0.012804878048780487
0 0.29261363636363635 0.43567073170731707 0.012175324675324676 0.020121951219512196
0 0.3105722402597403 0.43567073170731707 0.012378246753246754 0.021341463414634148
0 0.33766233766233766 0.43582317073170734 0.004058441558441558 0.0125
0 0.3196022727272727 0.43597560975609756 0.004058441558441558 0.012195121951219513
0 0.35562094155844154 0.43612804878048783 0.0038555194805194805 0.013109756097560975
0 0.3737824675324675 0.43612804878048783 0.004058441558441558 0.0125
0 0.346286525974026 0.43628048780487805 0.012378246753246754 0.01768292682926829
0 0.40117694805194803 0.43628048780487805 0.012175324675324676 0.020731707317073172
0 0.32853084415584416 0.4364329268292683 0.012987012987012988 0.01798780487804878
0 0.3918425324675325 0.4364329268292683 0.004058441558441558 0.011890243902439025
0 0.41913555194805197 0.43658536585365854 0.011972402597402598 0.020731707317073172
0 0.41000405844155846 0.4367378048780488 0.004261363636363636 0.013109756097560975
0 0.42826704545454547 0.4367378048780488 0.0038555194805194805 0.011890243902439025
1 0.6238839285714286 0.4367378048780488 0.004667207792207792 0.003353658536585366
0 0.38301542207792205 0.436890243902439 0.011972402597402598 0.018902439024390243
0 0.36475243506493504 0.4370426829268293 0.011972402597402598 0.018597560975609755
1 0.666700487012987 0.4370426829268293 0.002637987012987013 0.00701219512195122
0 0.7659293831168831 0.43871951219512195 0.060267857142857144 0.028658536585365855
1 0.6701501623376623 0.4399390243902439 0.002637987012987013 0.006097560975609756
1 0.6788758116883117 0.4402439024390244 0.002637987012987013 0.006097560975609756
1 0.664265422077922 0.4403963414634146 0.002637987012987013 0.0064024390243902435
0 0.4815340909090909 0.4407012195121951 0.002435064935064935 0.0064024390243902435
1 0.484375 0.4407012195121951 0.002029220779220779 0.00701219512195122
1 0.4785917207792208 0.44085365853658537 0.002232142857142857 0.006707317073170732
1 0.4746347402597403 0.44115853658536586 0.004464285714285714 0.003658536585365854
1 0.487012987012987 0.44115853658536586 0.002029220779220779 0.007317073170731708
1 0.6158685064935064 0.44161585365853656 0.002435064935064935 0.00701219512195122
1 0.6131290584415584 0.44176829268292683 0.002232142857142857 0.006097560975609756
1 0.5005073051948052 0.44390243902439025 0.002232142857142857 0.007317073170731708
0 0.5030438311688312 0.44405487804878047 0.002435064935064935 0.007621951219512195
1 0.4981737012987013 0.44420731707317074 0.002435064935064935 0.007926829268292683
1 0.4747362012987013 0.4448170731707317 0.004261363636363636 0.003658536585365854
1 0.442775974025974 0.44664634146341464 0.006493506493506494 0.00548780487804878
1 0.6761363636363636 0.44740853658536583 0.002435064935064935 0.0064024390243902435
0 0.6026785714285714 0.4475609756097561 0.002435064935064935 0.006707317073170732
1 0.6726866883116883 0.4475609756097561 0.002435064935064935 0.006097560975609756
1 0.5146103896103896 0.4477134146341463 0.002435064935064935 0.00701219512195122
1 0.6703530844155844 0.4477134146341463 0.002232142857142857 0.0064024390243902435
0 0.6788758116883117 0.4477134146341463 0.002637987012987013 0.00701219512195122
1 0.5116680194805194 0.4478658536585366 0.002637987012987013 0.006707317073170732
1 0.4955357142857143 0.4480182926829268 0.002435064935064935 0.0064024390243902435
1 0.6551339285714286 0.44847560975609757 0.002232142857142857 0.006097560975609756
1 0.6551339285714286 0.44847560975609757 0.002637987012987013 0.006707317073170732
1 0.5245535714285714 0.44878048780487806 0.002435064935064935 0.006097560975609756
1 0.6189123376623377 0.44878048780487806 0.002840909090909091 0.006707317073170732
0 0.5218141233766234 0.4489329268292683 0.002637987012987013 0.0064024390243902435
1 0.6161728896103896 0.4489329268292683 0.002637987012987013 0.0064024390243902435
1 0.6214488636363636 0.44908536585365855 0.002232142857142857 0.006707317073170732
0 0.5946631493506493 0.44954268292682925 0.004261363636363636 0.003353658536585366
1 0.4759537337662338 0.4501524390243902 0.002232142857142857 0.005792682926829268
1 0.4733157467532468 0.4504573170731707 0.002232142857142857 0.0064024390243902435
0 0.4785917207792208 0.4504573170731707 0.002232142857142857 0.007621951219512195
1 0.6852678571428571 0.4509146341463415 0.002435064935064935 0.006097560975609756
1 0.5028409090909091 0.45121951219512196 0.002435064935064935 0.006707317073170732
0 0.44237012987012986 0.4513719512195122 0.00487012987012987 0.003353658536585366
1 0.5085227272727273 0.4513719512195122 0.002435064935064935 0.0064024390243902435
1 0.2989042207792208 0.45152439024390245 0.002029220779220779 0.006707317073170732
0 0.3014407467532468 0.45152439024390245 0.002232142857142857 0.006707317073170732
1 0.3039772727272727 0.45152439024390245 0.002435064935064935 0.006097560975609756
1 0.3066152597402597 0.45152439024390245 0.002029220779220779 0.006707317073170732
1 0.8710430194805194 0.45167682926829267 0.002637987012987013 0.0064024390243902435
1 0.3378652597402597 0.45182926829268294 0.002435064935064935 0.006707317073170732
1 0.3405032467532468 0.4521341463414634 0.002435064935064935 0.006707317073170732
0 0.37794237012987014 0.4521341463414634 0.002232142857142857 0.006707317073170732
1 0.3806818181818182 0.4521341463414634 0.002435064935064935 0.006707317073170732
1 0.3833198051948052 0.4521341463414634 0.002435064935064935 0.006707317073170732
1 0.37530438311688313 0.45228658536585364 0.002232142857142857 0.0064024390243902435
1 0.6739042207792207 0.45426829268292684 0.002435064935064935 0.006097560975609756
1 0.523234577922078 0.45457317073170733 0.004667207792207792 0.003658536585365854
1 0.593547077922078 0.45457317073170733 0.002435064935064935 0.006707317073170732
1 0.6660917207792207 0.45457317073170733 0.002232142857142857 0.006707317073170732
1 0.6684253246753247 0.45457317073170733 0.002029220779220779 0.006707317073170732
1 0.6762378246753247 0.45457317073170733 0.002232142857142857 0.006707317073170732
1 0.5978084415584416 0.4548780487804878 0.002029220779220779 0.006097560975609756
1 0.4979707792207792 0.45503048780487804 0.002435064935064935 0.00701219512195122
1 0.5004058441558441 0.45503048780487804 0.002029220779220779 0.0064024390243902435
1 0.6512784090909091 0.45503048780487804 0.0018262987012987013 0.0064024390243902435
0 0.4954342532467532 0.4553353658536585 0.002637987012987013 0.00701219512195122
1 0.6599025974025974 0.4554878048780488 0.002029220779220779 0.006097560975609756
0 0.6813108766233766 0.4554878048780488 0.004667207792207792 0.003658536585365854
1 0.6628449675324676 0.455640243902439 0.002637987012987013 0.0064024390243902435
1 0.8626217532467533 0.455640243902439 0.002840909090909091 0.007621951219512195
0 0.4518060064935065 0.45685975609756097 0.008319805194805194 0.005792682926829268
1 0.4134537337662338 0.4576219512195122 0.002637987012987013 0.007317073170731708
1 0.4160917207792208 0.45777439024390243 0.0018262987012987013 0.007621951219512195
1 0.6881087662337663 0.4579268292682927 0.002435064935064935 0.007317073170731708
1 0.5124797077922078 0.4582317073170732 0.002232142857142857 0.006097560975609756
0 0.7731331168831169 0.4583841463414634 0.00487012987012987 0.0039634146341463415
1 0.31158685064935066 0.4585365853658537 0.0038555194805194805 0.012195121951219513
1 0.5031452922077922 0.4585365853658537 0.002637987012987013 0.006707317073170732
1 0.3460836038961039 0.4586890243902439 0.0038555194805194805 0.0125
1 0.5055803571428571 0.4586890243902439 0.002232142857142857 0.00701219512195122
1 0.5084212662337663 0.45884146341463417 0.003043831168831169 0.006707317073170732
1 0.8709415584415584 0.45884146341463417 0.002435064935064935 0.006097560975609756
1 0.387987012987013 0.45929878048780487 0.004464285714285714 0.0125
1 0.6728896103896104 0.45975609756097563 0.004464285714285714 0.003658536585365854
1 0.6812094155844156 0.45990853658536585 0.004464285714285714 0.003353658536585366
1 0.5176542207792207 0.4609756097560976 0.002435064935064935 0.007317073170731708
1 0.5213068181818182 0.4609756097560976 0.002435064935064935 0.006707317073170732
1 0.5507305194805194 0.4614329268292683 0.002029220779220779 0.00701219512195122
0 0.5796469155844156 0.46158536585365856 0.005073051948051948 0.00426829268292683
1 0.5535714285714286 0.4617378048780488 0.002435064935064935 0.0064024390243902435
1 0.5577313311688312 0.4617378048780488 0.002232142857142857 0.007621951219512195
0 0.5865462662337663 0.4617378048780488 0.002232142857142857 0.0064024390243902435
1 0.6916599025974026 0.4617378048780488 0.002637987012987013 0.00701219512195122
0 0.4980722402597403 0.46189024390243905 0.002637987012987013 0.006707317073170732
1 0.5893871753246753 0.46189024390243905 0.002232142857142857 0.006707317073170732
1 0.5920251623376623 0.46189024390243905 0.002232142857142857 0.006097560975609756
1 0.5977069805194806 0.46204268292682926 0.002232142857142857 0.0064024390243902435
0 0.6599025974025974 0.46265243902439024 0.002435064935064935 0.005792682926829268
1 0.6488433441558441 0.4628048780487805 0.002232142857142857 0.006097560975609756
1 0.6573660714285714 0.4628048780487805 0.002232142857142857 0.006097560975609756
1 0.8676948051948052 0.4632621951219512 0.002435064935064935 0.0064024390243902435
1 0.5323660714285714 0.46402439024390246 0.002232142857142857 0.006097560975609756
1 0.5300324675324676 0.4641768292682927 0.002435064935064935 0.0064024390243902435
1 0.5373376623376623 0.46432926829268295 0.002840909090909091 0.007317073170731708
1 0.6315949675324676 0.46478658536585366 0.002232142857142857 0.0064024390243902435
1 0.5455560064935064 0.4655487804878049 0.002232142857142857 0.006707317073170732
1 0.5948660714285714 0.4655487804878049 0.002232142857142857 0.006707317073170732
1 0.6344358766233766 0.4655487804878049 0.002637987012987013 0.006707317073170732
1 0.6373782467532467 0.4655487804878049 0.002840909090909091 0.006707317073170732
1 0.6226663961038961 0.4657012195121951 0.002637987012987013 0.0064024390243902435
1 0.6401176948051948 0.4657012195121951 0.002637987012987013 0.0064024390243902435
1 0.6011566558441559 0.4658536585365854 0.002232142857142857 0.006707317073170732
1 0.6429586038961039 0.4658536585365854 0.002637987012987013 0.007317073170731708
1 0.4519074675324675 0.4663109756097561 0.004464285714285714 0.0039634146341463415
1 0.5840097402597403 0.46676829268292686 0.002435064935064935 0.007317073170731708
1 0.4643871753246753 0.46707317073170734 0.002232142857142857 0.006097560975609756
1 0.8675933441558441 0.46722560975609756 0.003043831168831169 0.0003048780487804878
1 0.46732954545454547 0.46737804878048783 0.002029220779220779 0.007926829268292683
1 0.26968344155844154 0.46753048780487805 0.004058441558441558 0.0125
1 0.5276988636363636 0.4676829268292683 0.0018262987012987013 0.006097560975609756
1 0.5212053571428571 0.468140243902439 0.002637987012987013 0.0064024390243902435
1 0.8718547077922078 0.468140243902439 0.002637987012987013 0.0064024390243902435
1 0.5007102272727273 0.46875 0.002232142857142857 0.0064024390243902435
1 0.5481939935064936 0.46875 0.002232142857142857 0.0064024390243902435
0 0.5866477272727273 0.46875 0.002435064935064935 0.0064024390243902435
0 0.4979707792207792 0.4689024390243902 0.002435064935064935 0.006097560975609756
1 0.5433238636363636 0.4690548780487805 0.002232142857142857 0.0064024390243902435
0 0.31138392857142855 0.4692073170731707 0.002232142857142857 0.006707317073170732
1 0.6868912337662337 0.4692073170731707 0.002435064935064935 0.006707317073170732
1 0.8769277597402597 0.4692073170731707 0.002232142857142857 0.006707317073170732
0 0.346387987012987 0.4695121951219512 0.002435064935064935 0.007317073170731708
1 0.8742897727272727 0.4695121951219512 0.002637987012987013 0.006707317073170732
1 0.8863636363636364 0.4695121951219512 0.002435064935064935 0.006707317073170732
1 0.6598011363636364 0.46966463414634146 0.002637987012987013 0.00701219512195122
0 0.6624391233766234 0.46966463414634146 0.002637987012987013 0.00701219512195122
0 0.387987012987013 0.4698170731707317 0.002435064935064935 0.007317073170731708
1 0.6913555194805194 0.46996951219512195 0.002435064935064935 0.0064024390243902435
1 0.45789366883116883 0.47012195121951217 0.002232142857142857 0.006707317073170732
1 0.45211038961038963 0.47042682926829266 0.004058441558441558 0.003658536585365854
1 0.8615056818181818 0.47042682926829266 0.003043831168831169 0.006097560975609756
1 0.5508319805194806 0.47057926829268293 0.002232142857142857 0.00701219512195122
1 0.5534699675324676 0.4711890243902439 0.002232142857142857 0.007621951219512195
1 0.5373376623376623 0.4713414634146341 0.002435064935064935 0.006097560975609756
1 0.5303368506493507 0.4714939024390244 0.002232142857142857 0.0064024390243902435
1 0.5324675324675324 0.4714939024390244 0.002435064935064935 0.0064024390243902435
1 0.6150568181818182 0.47240853658536586 0.002029220779220779 0.00701219512195122
0 0.5456574675324676 0.4725609756097561 0.002029220779220779 0.006707317073170732
1 0.6226663961038961 0.4725609756097561 0.002232142857142857 0.006097560975609756
0 0.596387987012987 0.47286585365853656 0.002435064935064935 0.006707317073170732
0 0.5993303571428571 0.47301829268292683 0.002637987012987013 0.0064024390243902435
0 0.7566964285714286 0.47317073170731705 0.012581168831168832 0.02195121951219512
1 0.48011363636363635 0.4733231707317073 0.004464285714285714 0.003353658536585366
0 0.442775974025974 0.47347560975609754 0.002029220779220779 0.007317073170731708
0 0.4387175324675325 0.4736280487804878 0.002435064935064935 0.00701219512195122
1 0.44551542207792205 0.4736280487804878 0.002232142857142857 0.00701219512195122
0 0.7116477272727273 0.473780487804878 0.0036525974025974025 0.012804878048780487
0 0.7294034090909091 0.473780487804878 0.004261363636363636 0.012804878048780487
0 0.7204748376623377 0.4739329268292683 0.011566558441558442 0.02225609756097561
0 0.7470576298701299 0.4740853658536585 0.004261363636363636 0.012195121951219513
1 0.8641436688311688 0.4740853658536585 0.002637987012987013 0.007926829268292683
0 0.5564123376623377 0.4742378048780488 0.002029220779220779 0.0064024390243902435
0 0.7028206168831169 0.4742378048780488 0.011972402597402598 0.022865853658536585
0 0.7824675324675324 0.4742378048780488 0.004058441558441558 0.0125
0 0.7381290584415584 0.474390243902439 0.011972402597402598 0.02195121951219512
0 0.7922077922077922 0.474390243902439 0.013392857142857142 0.021341463414634148
0 0.8000202922077922 0.474390243902439 0.004261363636363636 0.012804878048780487
0 0.7647118506493507 0.4745426829268293 0.004261363636363636 0.013109756097560975
0 0.7741477272727273 0.4746951219512195 0.012987012987012988 0.018292682926829267
0 0.8267045454545454 0.4746951219512195 0.012175324675324676 0.020731707317073172
1 0.5212053571428571 0.47484756097560976 0.002232142857142857 0.00701219512195122
0 0.817877435064935 0.47484756097560976 0.004261363636363636 0.013109756097560975
0 0.8354301948051948 0.475 0.0036525974025974025 0.012804878048780487
0 0.5847199675324676 0.47530487804878047 0.004667207792207792 0.00426829268292683
0 0.8089488636363636 0.4757621951219512 0.011566558441558442 0.024695121951219513
1 0.6295657467532467 0.47591463414634144 0.002232142857142857 0.007317073170731708
1 0.6348417207792207 0.47621951219512193 0.002232142857142857 0.006097560975609756
1 0.6270292207792207 0.4765243902439024 0.002840909090909091 0.006707317073170732
1 0.6323051948051948 0.4765243902439024 0.002435064935064935 0.006707317073170732
1 0.6868912337662337 0.4766768292682927 0.002029220779220779 0.0064024390243902435
1 0.6843547077922078 0.4768292682926829 0.002232142857142857 0.006707317073170732
1 0.8865665584415584 0.4768292682926829 0.002435064935064935 0.006707317073170732
1 0.6894277597402597 0.4769817073170732 0.002232142857142857 0.0064024390243902435
1 0.8614042207792207 0.47759146341463415 0.002029220779220779 0.0064024390243902435
1 0.46732954545454547 0.47774390243902437 0.002435064935064935 0.007317073170731708
0 0.2695819805194805 0.47804878048780486 0.002232142857142857 0.007317073170731708
1 0.6434659090909091 0.47820121951219513 0.003246753246753247 0.00701219512195122
0 0.8759131493506493 0.47865853658536583 0.0034496753246753245 0.00853658536585366
0 0.5164366883116883 0.4794207317073171 0.002840909090909091 0.007621951219512195
1 0.5824878246753247 0.48033536585365855 0.002232142857142857 0.00701219512195122
1 0.5852272727272727 0.48033536585365855 0.002029220779220779 0.007621951219512195
1 0.5934456168831169 0.48064024390243903 0.002232142857142857 0.00701219512195122
1 0.5880681818181818 0.48079268292682925 0.002029220779220779 0.006097560975609756
1 0.5909090909090909 0.48079268292682925 0.002435064935064935 0.006707317073170732
1 0.42542613636363635 0.48109756097560974 0.002232142857142857 0.006707317073170732
1 0.6599025974025974 0.4814024390243902 0.002435064935064935 0.006707317073170732
1 0.6625405844155844 0.4814024390243902 0.002435064935064935 0.006707317073170732
1 0.8814935064935064 0.481859756097561 0.002029220779220779 0.00701219512195122
0 0.552049512987013 0.4820121951219512 0.002637987012987013 0.007317073170731708
1 0.867390422077922 0.4820121951219512 0.002232142857142857 0.006707317073170732
1 0.8700284090909091 0.4820121951219512 0.002232142857142857 0.006707317073170732
0 0.5552962662337663 0.48246951219512196 0.002637987012987013 0.008231707317073171
1 0.6295657467532467 0.48384146341463413 0.002637987012987013 0.006707317073170732
1 0.4461241883116883 0.4846036585365854 0.002232142857142857 0.0064024390243902435
1 0.45150162337662336 0.4847560975609756 0.002435064935064935 0.006707317073170732
1 0.4487621753246753 0.4850609756097561 0.002637987012987013 0.006707317073170732
1 0.5083198051948052 0.4850609756097561 0.002029220779220779 0.006707317073170732
1 0.6394074675324676 0.4853658536585366 0.004464285714285714 0.003048780487804878
1 0.46712662337662336 0.48551829268292684 0.002435064935064935 0.0064024390243902435
0 0.5581371753246753 0.48551829268292684 0.002232142857142857 0.005792682926829268
1 0.5957792207792207 0.4865853658536585 0.004464285714285714 0.003048780487804878
1 0.49117288961038963 0.486890243902439 0.002232142857142857 0.006707317073170732
0 0.5830965909090909 0.486890243902439 0.004261363636363636 0.003658536585365854
0 0.677049512987013 0.4870426829268293 0.002232142857142857 0.00701219512195122
1 0.6742086038961039 0.4871951219512195 0.002232142857142857 0.006707317073170732
0 0.6671063311688312 0.4873475609756098 0.002637987012987013 0.00701219512195122
1 0.679788961038961 0.4873475609756098 0.002435064935064935 0.00701219512195122
0 0.4597199675324675 0.48810975609756097 0.004261363636363636 0.012804878048780487
1 0.4253246753246753 0.48826219512195124 0.002029220779220779 0.00701219512195122
1 0.5919237012987013 0.48826219512195124 0.002435064935064935 0.0064024390243902435
1 0.6051136363636364 0.48826219512195124 0.002840909090909091 0.00701219512195122
0 0.5792410714285714 0.48841463414634145 0.002637987012987013 0.007317073170731708
1 0.6080560064935064 0.48841463414634145 0.002232142857142857 0.006707317073170732
1 0.8796672077922078 0.48841463414634145 0.00487012987012987 0.003658536585365854
1 0.7354910714285714 0.4897865853658537 0.002232142857142857 0.0064024390243902435
1 0.7408685064935064 0.4897865853658537 0.002435064935064935 0.0064024390243902435
0 0.7382305194805194 0.4899390243902439 0.002435064935064935 0.006707317073170732
0 0.5766030844155844 0.49009146341463417 0.002232142857142857 0.0064024390243902435
1 0.7435064935064936 0.49009146341463417 0.002435064935064935 0.0064024390243902435
1 0.830864448051948 0.49054878048780487 0.002232142857142857 0.006707317073170732
1 0.5828936688311688 0.49070121951219514 0.004261363636363636 0.003353658536585366
1 0.8338068181818182 0.49070121951219514 0.002435064935064935 0.00701219512195122
1 0.8684050324675324 0.49070121951219514 0.002637987012987013 0.0064024390243902435
1 0.572950487012987 0.49085365853658536 0.002637987012987013 0.007317073170731708
0 0.828327922077922 0.49085365853658536 0.002435064935064935 0.006707317073170732
1 0.825689935064935 0.49100609756097563 0.002435064935064935 0.00701219512195122
1 0.8658685064935064 0.4913109756097561 0.002840909090909091 0.007621951219512195
1 0.44642857142857145 0.4922256097560976 0.002435064935064935 0.00701219512195122
1 0.8784496753246753 0.4945121951219512 0.002029220779220779 0.006707317073170732
1 0.8812905844155844 0.4946646341463415 0.002435064935064935 0.0064024390243902435
1 0.7769886363636364 0.4961890243902439 0.002435064935064935 0.00701219512195122
1 0.7065746753246753 0.49634146341463414 0.004464285714285714 0.012195121951219513
1 0.7743506493506493 0.49634146341463414 0.002435064935064935 0.007317073170731708
1 0.7492897727272727 0.4967987804878049 0.004261363636363636 0.0125
1 0.796875 0.4972560975609756 0.004058441558441558 0.012804878048780487
1 0.8392857142857143 0.49771341463414637 0.004058441558441558 0.0125
0 0.49969561688311687 0.4989329268292683 0.003043831168831169 0.008841463414634146
0 0.5553977272727273 0.499390243902439 0.003246753246753247 0.00853658536585366
1 0.48549107142857145 0.4995426829268293 0.003043831168831169 0.00701219512195122
1 0.5031452922077922 0.4995426829268293 0.002637987012987013 0.007621951219512195
0 0.5647321428571429 0.4996951219512195 0.003246753246753247 0.00975609756097561
0 0.5882711038961039 0.4998475609756098 0.002840909090909091 0.008231707317073171
1 0.552049512987013 0.5001524390243902 0.002232142857142857 0.0064024390243902435
1 0.5680803571428571 0.5004573170731708 0.002232142857142857 0.00701219512195122
0 0.5977069805194806 0.5004573170731708 0.003043831168831169 0.009451219512195122
0 0.4887378246753247 0.5007621951219512 0.003043831168831169 0.008841463414634146
1 0.5853287337662337 0.5009146341463414 0.002232142857142857 0.006097560975609756
1 0.6010551948051948 0.5009146341463414 0.002435064935064935 0.007317073170731708
0 0.6555397727272727 0.5009146341463414 0.003043831168831169 0.009146341463414634
0 0.6655844155844156 0.5009146341463414 0.0036525974025974025 0.00975609756097561
1 0.6522930194805194 0.5013719512195122 0.002232142857142857 0.0064024390243902435
1 0.6684253246753247 0.5013719512195122 0.002029220779220779 0.007621951219512195
0 0.7065746753246753 0.5071646341463415 0.002435064935064935 0.007621951219512195
0 0.7490868506493507 0.5076219512195121 0.002637987012987013 0.007317073170731708
1 0.46316964285714285 0.5079268292682927 0.002232142857142857 0.007317073170731708
1 0.46073457792207795 0.5080792682926829 0.002232142857142857 0.0064024390243902435
0 0.45799512987012986 0.5082317073170731 0.002435064935064935 0.006707317073170732
0 0.796672077922078 0.5083841463414634 0.002840909090909091 0.007621951219512195
0 0.8392857142857143 0.5085365853658537 0.002435064935064935 0.007317073170731708
1 0.5819805194805194 0.5086890243902439 0.003246753246753247 0.009451219512195122
1 0.6487418831168831 0.5094512195121951 0.0036525974025974025 0.009146341463414634
1 0.48275162337662336 0.5099085365853658 0.003246753246753247 0.008231707317073171
1 0.5925324675324676 0.510060975609756 0.005681818181818182 0.004878048780487805
1 0.5160308441558441 0.5105182926829268 0.002435064935064935 0.00701219512195122
1 0.5328733766233766 0.5105182926829268 0.002029220779220779 0.0064024390243902435
0 0.5132913961038961 0.510670731707317 0.002232142857142857 0.007317073170731708
0 0.5302353896103896 0.510670731707317 0.002435064935064935 0.006707317073170732
1 0.5580357142857143 0.510670731707317 0.0036525974025974025 0.009146341463414634
1 0.5419034090909091 0.5109756097560976 0.005073051948051948 0.004878048780487805
0 0.6139407467532467 0.5114329268292683 0.002232142857142857 0.00701219512195122
1 0.6600040584415584 0.5115853658536585 0.00588474025974026 0.004878048780487805
1 0.6165787337662337 0.5117378048780488 0.002232142857142857 0.00701219512195122
0 0.6331168831168831 0.5120426829268293 0.002435064935064935 0.0064024390243902435
1 0.6362621753246753 0.5120426829268293 0.002232142857142857 0.0064024390243902435
1 0.4941152597402597 0.5135670731707317 0.006087662337662338 0.004573170731707317
0 0.45789366883116883 0.5169207317073171 0.0018262987012987013 0.0064024390243902435
0 0.46073457792207795 0.5208841463414634 0.002232142857142857 0.0064024390243902435
1 0.46316964285714285 0.5208841463414634 0.002232142857142857 0.00701219512195122
0 0.29575892857142855 0.5253048780487805 0.0038555194805194805 0.012804878048780487
0 0.27637987012987014 0.525609756097561 0.004058441558441558 0.012804878048780487
0 0.28287337662337664 0.525609756097561 0.004058441558441558 0.012195121951219513
0 0.289163961038961 0.5257621951219512 0.004058441558441558 0.013109756097560975
0 0.47047483766233766 0.5271341463414634 0.002232142857142857 0.007317073170731708
0 0.47676542207792205 0.5271341463414634 0.002637987012987013 0.006707317073170732
0 0.492288961038961 0.5271341463414634 0.002435064935064935 0.007926829268292683
0 0.4731128246753247 0.5272865853658537 0.002232142857142857 0.00701219512195122
1 0.479200487012987 0.5272865853658537 0.002232142857142857 0.0064024390243902435
0 0.48609983766233766 0.5272865853658537 0.0018262987012987013 0.007621951219512195
1 0.515625 0.5272865853658537 0.002029220779220779 0.0064024390243902435
0 0.49827516233766234 0.5274390243902439 0.002232142857142857 0.007926829268292683
0 0.5011160714285714 0.5274390243902439 0.002232142857142857 0.006707317073170732
0 0.5557021103896104 0.5275914634146341 0.002637987012987013 0.00701219512195122
0 0.4888392857142857 0.5277439024390244 0.002029220779220779 0.007317073170731708
1 0.49523133116883117 0.5277439024390244 0.002637987012987013 0.007317073170731708
0 0.5204951298701299 0.5277439024390244 0.002029220779220779 0.006097560975609756
1 0.5354099025974026 0.5277439024390244 0.0018262987012987013 0.006097560975609756
0 0.5393668831168831 0.5277439024390244 0.002435064935064935 0.007317073170731708
1 0.546672077922078 0.5277439024390244 0.002435064935064935 0.007317073170731708
0 0.5529626623376623 0.5277439024390244 0.002435064935064935 0.007317073170731708
1 0.4630681818181818 0.5278963414634147 0.002435064935064935 0.0064024390243902435
0 0.518161525974026 0.5278963414634147 0.002232142857142857 0.0064024390243902435
0 0.5422077922077922 0.5278963414634147 0.002435064935064935 0.007621951219512195
1 0.5074066558441559 0.5280487804878049 0.003043831168831169 0.00853658536585366
0 0.549310064935065 0.5280487804878049 0.002435064935064935 0.006707317073170732
1 0.5589488636363636 0.5280487804878049 0.002232142857142857 0.006707317073170732
1 0.46053165584415584 0.5282012195121951 0.002232142857142857 0.0064024390243902435
0 0.5618912337662337 0.5282012195121951 0.002029220779220779 0.00701219512195122
0 0.5740665584415584 0.5282012195121951 0.002435064935064935 0.007621951219512195
0 0.5120738636363636 0.5283536585365853 0.0034496753246753245 0.00853658536585366
0 0.5823863636363636 0.5283536585365853 0.002029220779220779 0.006707317073170732
1 0.5275974025974026 0.5285060975609757 0.002435064935064935 0.008231707317073171
0 0.5320616883116883 0.5285060975609757 0.003246753246753247 0.008841463414634146
0 0.5717329545454546 0.5285060975609757 0.002232142857142857 0.00701219512195122
1 0.5798498376623377 0.5285060975609757 0.002232142857142857 0.00701219512195122
0 0.6010551948051948 0.5285060975609757 0.002435064935064935 0.00701219512195122
0 0.588676948051948 0.5286585365853659 0.0016233766233766235 0.007317073170731708
1 0.5920251623376623 0.5286585365853659 0.0018262987012987013 0.007926829268292683
0 0.5948660714285714 0.5286585365853659 0.0018262987012987013 0.007317073170731708
0 0.585836038961039 0.5288109756097561 0.002029220779220779 0.00701219512195122
1 0.6163758116883117 0.5288109756097561 0.0018262987012987013 0.007621951219512195
0 0.6190137987012987 0.5288109756097561 0.002637987012987013 0.00701219512195122
0 0.6440746753246753 0.5288109756097561 0.002435064935064935 0.00701219512195122
0 0.6216517857142857 0.5289634146341463 0.002637987012987013 0.006097560975609756
0 0.6413352272727273 0.5289634146341463 0.002637987012987013 0.006707317073170732
0 0.653510551948052 0.5289634146341463 0.002637987012987013 0.006097560975609756
0 0.5982142857142857 0.5291158536585366 0.002435064935064935 0.007621951219512195
1 0.6081574675324676 0.5291158536585366 0.002840909090909091 0.008231707317073171
1 0.6383928571428571 0.5291158536585366 0.002029220779220779 0.0064024390243902435
0 0.6499594155844156 0.5291158536585366 0.002435064935064935 0.0064024390243902435
0 0.656148538961039 0.5292682926829269 0.002232142857142857 0.007317073170731708
0 0.6621347402597403 0.5292682926829269 0.002435064935064935 0.006707317073170732
1 0.6472199675324676 0.5292682926829269 0.002637987012987013 0.006707317073170732
0 0.6133319805194806 0.5294207317073171 0.003043831168831169 0.009451219512195122
0 0.635349025974026 0.5294207317073171 0.003246753246753247 0.008841463414634146
1 0.6595982142857143 0.5294207317073171 0.002637987012987013 0.00701219512195122
1 0.6304788961038961 0.5295731707317073 0.003246753246753247 0.00853658536585366
0 0.8579545454545454 0.5317073170731708 0.004058441558441558 0.012804878048780487
0 0.8708400974025974 0.5317073170731708 0.0038555194805194805 0.013414634146341463
0 0.8772321428571429 0.5317073170731708 0.004058441558441558 0.012804878048780487
0 0.8643465909090909 0.5320121951219512 0.0038555194805194805 0.012804878048780487
