2 0.3173076923076923 0.4026442307692308 0.038461538461538464 0.03125
2 0.37259615384615385 0.5697115384615384 0.038461538461538464 0.028846153846153848
2 0.38341346153846156 0.6081730769230769 0.021634615384615384 0.019230769230769232
2 0.38221153846153844 0.5240384615384616 0.02403846153846154 0.019230769230769232
2 0.35336538461538464 0.3954326923076923 0.04326923076923077 0.03125
2 0.4375 0.4326923076923077 0.019230769230769232 0.009615384615384616
2 0.4879807692307692 0.47836538461538464 0.019230769230769232 0.009615384615384616
2 0.46153846153846156 0.3233173076923077 0.009615384615384616 0.01201923076923077
2 0.47836538461538464 0.3942307692307692 0.019230769230769232 0.009615384615384616
2 0.4723557692307692 0.31971153846153844 0.01201923076923077 0.014423076923076924
2 0.5 0.4206730769230769 0.019230769230769232 0.009615384615384616
2 0.49399038461538464 0.3942307692307692 0.016826923076923076 0.009615384615384616
2 0.49278846153846156 0.38221153846153844 0.019230769230769232 0.009615384615384616
2 0.515625 0.4735576923076923 0.016826923076923076 0.009615384615384616
2 0.5084134615384616 0.4423076923076923 0.016826923076923076 0.014423076923076924
2 0.5060096153846154 0.34615384615384615 0.016826923076923076 0.009615384615384616
2 0.5132211538461539 0.36538461538461536 0.016826923076923076 0.009615384615384616
2 0.5300480769230769 0.3016826923076923 0.01201923076923077 0.007211538461538462
2 0.5336538461538461 0.30649038461538464 0.014423076923076924 0.007211538461538462
2 0.5300480769230769 0.29447115384615385 0.01201923076923077 0.007211538461538462
2 0.5528846153846154 0.3293269230769231 0.019230769230769232 0.009615384615384616
2 0.5564903846153846 0.33413461538461536 0.016826923076923076 0.009615384615384616
2 0.5721153846153846 0.2860576923076923 0.019230769230769232 0.009615384615384616
2 0.5769230769230769 0.2980769230769231 0.019230769230769232 0.009615384615384616
2 0.5745192307692307 0.2932692307692308 0.019230769230769232 0.009615384615384616
