2 0.5949519230769231 0.33774038461538464 0.01201923076923077 0.007211538461538462
2 0.5625 0.33052884615384615 0.014423076923076924 0.007211538461538462
2 0.5637019230769231 0.33533653846153844 0.01201923076923077 0.007211538461538462
2 0.5661057692307693 0.4170673076923077 0.007211538461538462 0.002403846153846154
2 0.5637019230769231 0.4110576923076923 0.007211538461538462 0.004807692307692308
2 0.546875 0.4182692307692308 0.007211538461538462 0.004807692307692308
2 0.5264423076923077 0.3125 0.009615384615384616 0.004807692307692308
2 0.5456730769230769 0.59375 0.004807692307692308 0.009615384615384616
2 0.5216346153846154 0.3629807692307692 0.009615384615384616 0.004807692307692308
2 0.5048076923076923 0.4495192307692308 0.004807692307692308 0.004807692307692308
2 0.5 0.45072115384615385 0.004807692307692308 0.007211538461538462
2 0.5096153846153846 0.5985576923076923 0.004807692307692308 0.009615384615384616
2 0.49278846153846156 0.46274038461538464 0.004807692307692308 0.007211538461538462
2 0.4891826923076923 0.5432692307692307 0.007211538461538462 0.009615384615384616
2 0.46875 0.4423076923076923 0.004807692307692308 0.004807692307692308
2 0.47475961538461536 0.5264423076923077 0.007211538461538462 0.009615384615384616
2 0.46153846153846156 0.43990384615384615 0.004807692307692308 0.004807692307692308
2 0.43990384615384615 0.3293269230769231 0.009615384615384616 0.004807692307692308
2 0.43990384615384615 0.33653846153846156 0.009615384615384616 0.004807692307692308
2 0.4423076923076923 0.3605769230769231 0.004807692307692308 0.004807692307692308
2 0.4579326923076923 0.5841346153846154 0.007211538461538462 0.009615384615384616
2 0.4495192307692308 0.5408653846153846 0.004807692307692308 0.009615384615384616
2 0.43509615384615385 0.4423076923076923 0.004807692307692308 0.004807692307692308
2 0.44591346153846156 0.5625 0.007211538461538462 0.009615384615384616
2 0.43990384615384615 0.5625 0.004807692307692308 0.004807692307692308
2 0.4110576923076923 0.4375 0.009615384615384616 0.004807692307692308
2 0.37740384615384615 0.3942307692307692 0.009615384615384616 0.004807692307692308
2 0.3701923076923077 0.3389423076923077 0.004807692307692308 0.004807692307692308
2 0.36538461538461536 0.42788461538461536 0.004807692307692308 0.004807692307692308
2 0.3389423076923077 0.34134615384615385 0.004807692307692308 0.004807692307692308
2 0.34375 0.40865384615384615 0.004807692307692308 0.004807692307692308
2 0.33413461538461536 0.40625 0.004807692307692308 0.004807692307692308
2 0.33413461538461536 0.4951923076923077 0.004807692307692308 0.004807692307692308
2 0.33653846153846156 0.5144230769230769 0.004807692307692308 0.004807692307692308
2 0.3173076923076923 0.38461538461538464 0.009615384615384616 0.004807692307692308
2 0.3269230769230769 0.4951923076923077 0.004807692307692308 0.004807692307692308
2 0.34134615384615385 0.6346153846153846 0.004807692307692308 0.004807692307692308
2 0.2860576923076923 0.36778846153846156 0.009615384615384616 0.004807692307692308
2 0.28725961538461536 0.37740384615384615 0.007211538461538462 0.004807692307692308
2 0.2848557692307692 0.3605769230769231 0.007211538461538462 0.004807692307692308
2 0.2692307692307692 0.4254807692307692 0.009615384615384616 0.004807692307692308
2 0.27884615384615385 0.5913461538461539 0.004807692307692308 0.004807692307692308
2 0.2692307692307692 0.5673076923076923 0.009615384615384616 0.004807692307692308
2 0.2548076923076923 0.5697115384615384 0.009615384615384616 0.004807692307692308
2 0.2403846153846154 0.5120192307692307 0.004807692307692308 0.004807692307692308
