2 0.6670673076923077 0.37740384615384615 0.03125 0.038461538461538464
2 0.49278846153846156 0.3557692307692308 0.028846153846153848 0.038461538461538464
2 0.4543269230769231 0.3473557692307692 0.019230769230769232 0.021634615384615384
2 0.5288461538461539 0.38221153846153844 0.019230769230769232 0.02403846153846154
2 0.6574519230769231 0.4110576923076923 0.03125 0.04326923076923077
2 0.5913461538461539 0.47115384615384615 0.009615384615384616 0.019230769230769232
2 0.5264423076923077 0.49759615384615385 0.009615384615384616 0.019230769230769232
2 0.6766826923076923 0.5408653846153846 0.01201923076923077 0.009615384615384616
2 0.6057692307692307 0.5264423076923077 0.009615384615384616 0.019230769230769232
2 0.6754807692307693 0.5516826923076923 0.014423076923076924 0.01201923076923077
2 0.5721153846153846 0.5336538461538461 0.009615384615384616 0.019230769230769232
2 0.5997596153846154 0.5396634615384616 0.007211538461538462 0.016826923076923076
2 0.6105769230769231 0.5432692307692307 0.009615384615384616 0.019230769230769232
2 0.5192307692307693 0.5264423076923077 0.009615384615384616 0.014423076923076924
2 0.5480769230769231 0.5324519230769231 0.014423076923076924 0.016826923076923076
2 0.6382211538461539 0.5709134615384616 0.007211538461538462 0.016826923076923076
2 0.6165865384615384 0.5685096153846154 0.007211538461538462 0.016826923076923076
2 0.6694711538461539 0.6117788461538461 0.007211538461538462 0.01201923076923077
2 0.6622596153846154 0.6129807692307693 0.007211538461538462 0.014423076923076924
2 0.6742788461538461 0.6141826923076923 0.007211538461538462 0.01201923076923077
2 0.6322115384615384 0.6201923076923077 0.009615384615384616 0.019230769230769232
2 0.6262019230769231 0.6213942307692307 0.007211538461538462 0.016826923076923076
2 0.6658653846153846 0.65625 0.009615384615384616 0.019230769230769232
2 0.6514423076923077 0.6538461538461539 0.009615384615384616 0.019230769230769232
2 0.6586538461538461 0.65625 0.009615384615384616 0.019230769230769232
