2 0.6574519230769231 0.6021634615384616 0.09375 0.04567307692307692
2 0.6586538461538461 0.5612980769230769 0.09134615384615384 0.036057692307692304
2 0.6117788461538461 0.6442307692307693 0.021634615384615384 0.014423076923076924
2 0.5817307692307693 0.6117788461538461 0.0625 0.026442307692307692
2 0.47475961538461536 0.6394230769230769 0.01201923076923077 0.009615384615384616
2 0.3798076923076923 0.40384615384615385 0.019230769230769232 0.014423076923076924
2 0.28125 0.59375 0.028846153846153848 0.019230769230769232
2 0.2548076923076923 0.31009615384615385 0.02403846153846154 0.019230769230769232
2 0.25 0.33653846153846156 0.02403846153846154 0.019230769230769232
2 0.23918269230769232 0.6274038461538461 0.01201923076923077 0.004807692307692308
