2 0.6538461538461539 0.6274038461538461 0.004807692307692308 0.004807692307692308
2 0.6418269230769231 0.5913461538461539 0.004807692307692308 0.004807692307692308
2 0.6418269230769231 0.6298076923076923 0.004807692307692308 0.004807692307692308
2 0.6105769230769231 0.5877403846153846 0.009615384615384616 0.007211538461538462
2 0.6225961538461539 0.6838942307692307 0.009615384615384616 0.01201923076923077
2 0.5865384615384616 0.6009615384615384 0.004807692307692308 0.004807692307692308
2 0.5588942307692307 0.49759615384615385 0.007211538461538462 0.004807692307692308
2 0.5192307692307693 0.5324519230769231 0.009615384615384616 0.007211538461538462
2 0.546875 0.703125 0.016826923076923076 0.01201923076923077
2 0.5264423076923077 0.6394230769230769 0.009615384615384616 0.004807692307692308
2 0.4519230769230769 0.4651442307692308 0.009615384615384616 0.007211538461538462
