1 0.6289569805194806 0.30564024390243905 0.011566558441558442 0.008841463414634146
0 0.8084415584415584 0.3163109756097561 0.012581168831168832 0.008841463414634146
0 0.36617288961038963 0.3179878048780488 0.024959415584415584 0.07317073170731707
2 0.4041010551948052 0.3393155487804878 0.04399756493506493 0.09021646341463416
2 0.44568587662337666 0.33946341463414637 0.035040584415584414 0.09173170731707317
1 0.33969155844155846 0.35503048780487806 0.0174512987012987 0.010670731707317074
1 0.3574472402597403 0.3676829268292683 0.01765422077922078 0.007926829268292683
2 0.3608969155844156 0.38429878048780486 0.015219155844155844 0.021646341463414633
0 0.2699878246753247 0.38932926829268294 0.006696428571428571 0.020731707317073172
2 0.3919439935064935 0.4160060975609756 0.024553571428571428 0.06371951219512195
1 0.348924512987013 0.43277439024390246 0.026176948051948052 0.030792682926829268
0 0.3944805194805195 0.4785060975609756 0.011363636363636364 0.021646341463414633
0 0.4640827922077922 0.4833841463414634 0.008522727272727272 0.008841463414634146
0 0.3676948051948052 0.494969512195122 0.017857142857142856 0.01920731707317073
0 0.4090909090909091 0.4961890243902439 0.013392857142857142 0.02225609756097561
2 0.36109983766233766 0.519969512195122 0.009943181818181818 0.0125
0 0.8241680194805194 0.5487804878048781 0.05905032467532467 0.08170731707317073
0 0.671875 0.557469512195122 0.025162337662337664 0.04176829268292683
0 0.6650771103896104 0.603810975609756 0.0294237012987013 0.046646341463414634
0 0.48681006493506496 0.6053353658536585 0.02150974025974026 0.030792682926829268
1 0.7626826298701299 0.6189024390243902 0.016436688311688312 0.018902439024390243
2 0.5929383116883117 0.6245426829268292 0.01461038961038961 0.020426829268292684
0 0.45535714285714285 0.6277439024390243 0.018262987012987012 0.029878048780487804
0 0.5738636363636364 0.6367378048780488 0.016233766233766232 0.0625
0 0.40604707792207795 0.6382621951219513 0.02353896103896104 0.032621951219512196
0 0.6194196428571429 0.6425304878048781 0.020495129870129872 0.03323170731707317
0 0.49441964285714285 0.6472560975609756 0.024959415584415584 0.03231707317073171
1 0.6475243506493507 0.6498475609756098 0.008928571428571428 0.032621951219512196
0 0.6709618506493507 0.6521341463414634 0.018465909090909092 0.024390243902439025
0 0.8249797077922078 0.6539634146341463 0.06919642857142858 0.09085365853658536
1 0.703226461038961 0.6559451219512196 0.01359577922077922 0.02225609756097561
1 0.591314935064935 0.6600609756097561 0.011363636363636364 0.020731707317073172
1 0.33624188311688313 0.6608231707317073 0.0036525974025974025 0.010060975609756098
1 0.7383319805194806 0.6611280487804878 0.016436688311688312 0.01676829268292683
0 0.3208198051948052 0.6929878048780488 0.015016233766233766 0.020121951219512196
0 0.3788555194805195 0.7147865853658537 0.017045454545454544 0.027134146341463414
2 0.40066964285714285 0.7161585365853659 0.020495129870129872 0.027439024390243903
0 0.5815746753246753 0.7291158536585366 0.01461038961038961 0.02347560975609756
0 0.2923092532467532 0.7388719512195122 0.014407467532467532 0.02530487804878049
0 0.5187702922077922 0.7442073170731708 0.01075487012987013 0.023170731707317073
2 0.6816152597402597 0.7522865853658537 0.0174512987012987 0.02225609756097561
2 0.6559456168831169 0.75625 0.01968344155844156 0.024085365853658537
2 0.3627232142857143 0.7564024390243902 0.00588474025974026 0.011585365853658536
0 0.3762175324675325 0.756859756097561 0.019886363636363636 0.024085365853658537
0 0.432224025974026 0.2759146341463415 0.012581168831168832 0.025609756097560974
0 0.40736607142857145 0.2759146341463415 0.01278409090909091 0.031097560975609756
0 0.4492694805194805 0.27713414634146344 0.012175324675324676 0.027439024390243903
1 0.635551948051948 0.2814024390243902 0.012987012987012988 0.01951219512195122
