1 0.7277404626623376 0.3082942073170732 0.0017471590909090909 0.00439329268292683
1 0.7357224025974026 0.30833689024390243 0.0014772727272727272 0.005088414634146342
1 0.729867086038961 0.30827591463414633 0.0019419642857142858 0.00435670731707317
1 0.7336647727272727 0.3083810975609756 0.0014204545454545455 0.004567073170731707
1 0.725762987012987 0.3086067073170732 0.0018506493506493505 0.005018292682926829
1 0.7379657061688312 0.3086417682926829 0.0019054383116883118 0.005088414634146342
1 0.7320008116883118 0.308702743902439 0.00174512987012987 0.004600609756097561
1 0.6780296266233766 0.31147103658536585 0.01190340909090909 0.01013719512195122
1 0.6365614853896103 0.31843140243902435 0.0032366071428571426 0.003326219512195122
1 0.6397260551948052 0.31864634146341464 0.0034780844155844156 0.0031463414634146343
1 0.6971935876623376 0.3189283536585366 0.002747564935064935 0.0024908536585365854
1 0.7047869318181819 0.3190335365853659 0.002512175324675325 0.0020914634146341465
0 0.6436982548701299 0.3188551829268293 0.004117288961038961 0.003564024390243902
1 0.6938433441558443 0.3189192073170732 0.0025405844155844156 0.002472560975609756
1 0.708653612012987 0.31905030487804875 0.0025344967532467534 0.0021249999999999997
1 0.7010420048701299 0.3193734756097561 0.0031392045454545457 0.0021615853658536583
0 0.7010998376623376 0.3218993902439024 0.002849025974025974 0.0023353658536585365
0 0.6970068993506493 0.32227286585365855 0.003185876623376623 0.003692073170731707
1 0.7047696834415584 0.3221875 0.0028835227272727276 0.002301829268292683
0 0.6936505681818181 0.3222134146341463 0.002966720779220779 0.0029634146341463415
1 0.708276176948052 0.32239634146341467 0.0029971590909090907 0.0021097560975609757
1 0.6050568181818181 0.32325457317073175 0.003133116883116883 0.002606707317073171
0 0.7685947646103897 0.32321189024390246 0.002286931818181818 0.006789634146341463
0 0.5777648133116883 0.32347408536585365 0.004149756493506494 0.010972560975609757
1 0.7704951298701299 0.32337195121951223 0.002435064935064935 0.0065
1 0.7728094561688312 0.32337195121951223 0.0021935876623376625 0.0065
0 0.7661830357142857 0.3235670731707317 0.002333603896103896 0.006280487804878049
1 0.7443618100649351 0.32410365853658535 0.0033340097402597404 0.006134146341463415
0 0.7081321022727273 0.32465396341463415 0.0023031655844155843 0.0017469512195121952
1 0.6938890016233766 0.3249329268292683 0.0026318993506493507 0.0023048780487804877
1 0.700794439935065 0.3250365853658536 0.0018323863636363635 0.0025121951219512196
0 0.7047230113636364 0.32517682926829267 0.0031960227272727275 0.002182926829268293
1 0.6973609983766234 0.3252896341463415 0.0026765422077922076 0.0024085365853658536
1 0.7137337662337663 0.32608079268292683 0.001331168831168831 0.0039908536585365854
0 0.605132913961039 0.3264451219512195 0.0036911525974025975 0.0035
1 0.6154454139610389 0.32629573170731707 0.003618100649350649 0.0032012195121951218
1 0.5943983360389611 0.3264801829268293 0.003325892857142857 0.002960365853658537
1 0.7077911931818182 0.3277042682926829 0.0020271915584415584 0.00175
1 0.7046418425324675 0.3279908536585366 0.002627840909090909 0.0017134146341463415
1 0.6199360795454546 0.32873323170731705 0.0032650162337662337 0.0031981707317073173
1 0.6386109983766234 0.32949237804878045 0.0032771915584415582 0.003496951219512195
1 0.6051806006493506 0.32976829268292684 0.0029748376623376623 0.0034390243902439025
1 0.6083492288961039 0.329827743902439 0.0028185876623376626 0.003557926829268293
1 0.6156128246753246 0.32983384146341466 0.0031412337662337663 0.002960365853658537
0 0.7589092938311689 0.32993140243902436 0.0019906655844155845 0.006204268292682927
1 0.7707944399350649 0.3300045731707317 0.002627840909090909 0.0063506097560975605
1 0.5945251623376624 0.3299176829268293 0.002767857142857143 0.0037378048780487803
1 0.7665655438311689 0.33014176829268294 0.002286931818181818 0.005405487804878049
1 0.7446316964285714 0.3303384146341463 0.0026562499999999998 0.005189024390243903
1 0.529458198051948 0.3303765243902439 0.0020982142857142857 0.004655487804878049
1 0.7689914772727273 0.3303810975609756 0.002674512987012987 0.006493902439024391
1 0.5425294237012988 0.3307698170731707 0.0022666396103896104 0.004832317073170732
1 0.7128348214285715 0.3311341463414634 0.001156655844155844 0.004341463414634147
0 0.6202384334415584 0.33214634146341465 0.00346387987012987 0.0033170731707317077
1 0.5231178977272728 0.3325868902439024 0.0028104707792207793 0.002978658536585366
1 0.623856534090909 0.3326067073170732 0.002989042207792208 0.0030182926829268293
1 0.5267075892857143 0.3327012195121951 0.003090503246753247 0.0038170731707317072
1 0.5508999594155845 0.33496493902439023 0.0015564123376623376 0.005905487804878049
1 0.6241345373376623 0.3355594512195122 0.0035450487012987013 0.0034359756097560976
1 0.5297209821428571 0.3356173780487805 0.0022179383116883115 0.004771341463414634
1 0.5239650974025973 0.33602439024390246 0.003287337662337662 0.00375609756097561
1 0.5339671266233766 0.3361371951219512 0.001781655844155844 0.004591463414634146
1 0.5362601461038962 0.33604115853658534 0.001903409090909091 0.005009146341463415
1 0.5268506493506494 0.3359405487804878 0.002970779220779221 0.002978658536585366
1 0.5319977678571428 0.33615548780487803 0.00190137987012987 0.005847560975609756
1 0.5426126217532468 0.33615548780487803 0.0020271915584415584 0.005847560975609756
1 0.5383938717532467 0.3362439024390244 0.0017065746753246753 0.006024390243902439
1 0.7150629058441559 0.33717835365853654 0.0023660714285714288 0.005454268292682927
0 0.7291528003246753 0.33780335365853653 0.0029484577922077922 0.0024359756097560976
0 0.7216588879870129 0.3381585365853659 0.0037885551948051953 0.00375609756097561
1 0.7252293019480519 0.338295731707317 0.003218344155844156 0.004030487804878049
1 0.7720687905844156 0.3456631097560976 0.0031473214285714286 0.007179878048780488
1 0.6861272321428572 0.34988567073170734 0.0021245941558441558 0.005259146341463415
0 0.6587236201298702 0.3511798780487805 0.003729707792207792 0.010896341463414635
0 0.7119490665584416 0.354717987804878 0.0026318993506493507 0.0027286585365853657
1 0.6857051542207793 0.3558292682926829 0.0020921266233766235 0.004341463414634147
1 0.6813575487012987 0.3577606707317073 0.0031371753246753247 0.003326219512195122
1 0.7118648538961039 0.35813414634146346 0.0036810064935064936 0.0034634146341463415
0 0.6591801948051949 0.35875 0.004237012987012987 0.0028658536585365853
1 0.6702607548701299 0.36116310975609756 0.004076704545454546 0.0028140243902439028
0 0.6862286931818182 0.36116310975609756 0.0023275162337662338 0.0058628048780487805
1 0.6814204545454545 0.3611753048780488 0.0032629870129870127 0.003448170731707317
1 0.6590787337662338 0.36182317073170733 0.004034090909090909 0.0029146341463414634
1 0.5240239448051948 0.36375304878048775 0.0013758116883116885 0.004335365853658537
1 0.5263281249999999 0.36416310975609756 0.0023315746753246754 0.005765243902439024
1 0.6588250811688312 0.36441463414634145 0.003526785714285714 0.0032195121951219515
1 0.7261465097402597 0.36736432926829266 0.0018060064935064937 0.006070121951219512
0 0.6588920454545455 0.3675640243902439 0.00325487012987013 0.002810975609756098
1 0.7282295048701299 0.3678155487804878 0.0027252435064935064 0.006362804878048781
1 0.5265462662337662 0.3689192073170732 0.002362012987012987 0.00613109756097561
1 0.5242826704545455 0.3693399390243902 0.0022991071428571427 0.006362804878048781
1 0.6355742694805195 0.3696326219512195 0.0032913961038961038 0.0032896341463414633
1 0.631158685064935 0.36970884146341465 0.004200487012987013 0.003442073170731707
1 0.6354555600649351 0.3725030487804878 0.003053977272727273 0.0029329268292682923
1 0.728239650974026 0.37303963414634145 0.0023396915584415583 0.004615853658536585
1 0.6315817775974026 0.3732393292682927 0.0038291396103896105 0.0031859756097560974
1 0.7257457386363636 0.3733521341463415 0.002627840909090909 0.005850609756097561
0 0.619724025974026 0.3751448170731707 0.0036525974025974025 0.0021189024390243904
1 0.5098457792207792 0.3762393292682927 0.003457792207792208 0.002478658536585366
0 0.6582619724025974 0.3762865853658537 0.004023944805194805 0.003792682926829268
1 0.7815949675324675 0.3765625 0.002719155844155844 0.005564024390243902
0 0.7771245941558441 0.3766707317073171 0.0018952922077922077 0.005780487804878049
1 0.779338474025974 0.377172256097561 0.0026704545454545453 0.005564024390243902
0 0.6202820616883117 0.37808993902439025 0.0035511363636363635 0.0037408536585365852
0 0.6277587256493506 0.37834451219512194 0.0030823863636363635 0.00851829268292683
0 0.6353713474025974 0.37869969512195123 0.0028855519480519482 0.008618902439024391
0 0.6239691558441559 0.37897865853658536 0.0024025974025974027 0.008567073170731708
1 0.5097808441558441 0.3791219512195122 0.0037337662337662333 0.0027560975609756096
0 0.6313788555194805 0.37910518292682926 0.0026116071428571425 0.008210365853658537
2 0.6584314123376623 0.37964024390243906 0.003956980519480519 0.0031829268292682925
2 0.6206036931818182 0.38159603658536584 0.0037885551948051953 0.0034359756097560976
1 0.509765625 0.38181402439024387 0.003703327922077922 0.0032621951219512194
0 0.6587692775974026 0.3827378048780488 0.0038210227272727267 0.0032804878048780487
0 0.6202475649350649 0.38441463414634147 0.0034821428571428573 0.0035853658536585367
1 0.6275223214285715 0.38428810975609756 0.003015422077922078 0.0033323170731707316
1 0.6314630681818182 0.38471951219512196 0.003997564935064935 0.004804878048780488
1 0.6358786525974026 0.38459298780487805 0.0030884740259740262 0.003942073170731707
1 0.6239691558441559 0.3846951219512195 0.0032142857142857142 0.002317073170731707
1 0.5254281655844155 0.3849908536585366 0.0017491883116883115 0.005347560975609756
1 0.5276603084415584 0.38501371951219515 0.0017491883116883115 0.004783536585365854
1 0.5298133116883117 0.38495731707317077 0.0019967532467532467 0.005890243902439024
1 0.6541680194805194 0.38502439024390245 0.002329545454545455 0.006024390243902439
1 0.534328327922078 0.3852484756097561 0.0016923701298701297 0.004643292682926829
1 0.531934862012987 0.3851341463414634 0.0021814123376623375 0.004414634146341464
1 0.5362469561688312 0.3851524390243902 0.0018770292207792208 0.005060975609756098
1 0.6585663555194805 0.38530335365853663 0.003415178571428571 0.0023140243902439023
0 0.5097615665584415 0.3857012195121951 0.004506899350649351 0.004329268292682926
1 0.620450487012987 0.38743750000000005 0.0030762987012987013 0.0035335365853658538
1 0.6240706168831169 0.38743750000000005 0.0030113636363636362 0.002923780487804878
1 0.6278601866883117 0.3876905487804878 0.0036911525974025975 0.003429878048780488
0 0.6588037743506494 0.38852896341463417 0.0038900162337662343 0.0038871951219512195
0 0.509734172077922 0.3895762195121951 0.004046266233766234 0.003542682926829268
1 0.5446875 0.39002743902439024 0.0049594155844155845 0.008103658536585366
0 0.7606655844155844 0.39010060975609756 0.018896103896103897 0.024713414634146343
0 0.6389914772727272 0.3905091463414634 0.003226461038961039 0.009067073170731707
0 0.529765625 0.3904771341463415 0.002307224025974026 0.005344512195121952
0 0.7150213068181818 0.3905670731707317 0.0022828733766233765 0.007353658536585366
1 0.5405712256493507 0.39040701219512197 0.002002840909090909 0.004594512195121951
1 0.5278033685064935 0.39052286585365853 0.0016294642857142855 0.005435975609756097
1 0.5323549107142858 0.3907576219512195 0.0026156655844155846 0.0052957317073170735
1 0.5364214691558442 0.39052743902439024 0.001820211038961039 0.0048353658536585365
1 0.5343445616883117 0.39082317073170736 0.0017248376623376623 0.006036585365853659
0 0.5255549918831168 0.3908094512195122 0.0015969967532467532 0.004789634146341463
0 0.5609963474025974 0.3907393292682927 0.002268668831168831 0.004649390243902439
2 0.6588372564935064 0.3914756097560976 0.0035511363636363635 0.003073170731707317
1 0.6418323863636364 0.3915518292682927 0.0020089285714285717 0.0062743902439024385
1 0.6320048701298702 0.3921356707317073 0.002646103896103896 0.006222560975609756
0 0.5096570616883117 0.39218597560975604 0.0038920454545454545 0.0026646341463414636
1 0.6217867288961039 0.3922118902439024 0.0025020292207792207 0.0063750000000000005
1 0.6351674107142857 0.3923140243902439 0.0024776785714285716 0.006579268292682927
1 0.6286211444805194 0.392592987804878 0.0015604707792207793 0.006527439024390244
0 0.6586343344155844 0.3943704268292683 0.0035511363636363635 0.0027652439024390247
0 0.509940137987013 0.3947621951219512 0.00364650974025974 0.0029390243902439024
1 0.7090046672077922 0.39534451219512196 0.0028307629870129867 0.002884146341463415
0 0.5100375405844156 0.39747713414634145 0.0030296266233766234 0.003490853658536585
1 0.7062307224025973 0.3995350609756097 0.0025588474025974024 0.005167682926829268
1 0.709765625 0.3995350609756097 0.0019176136363636361 0.004557926829268292
0 0.6098954951298702 0.40239634146341463 0.0038818993506493506 0.01028048780487805
0 0.6056158685064935 0.4031844512195122 0.004251217532467533 0.004539634146341464
1 0.7365280032467533 0.4036996951219512 0.0022767857142857143 0.005570121951219512
1 0.7095292207792208 0.40415701219512196 0.002662337662337662 0.004655487804878049
0 0.7743557224025974 0.40410213414634144 0.004068587662337662 0.0027164634146341466
1 0.5142329545454545 0.40422865853658535 0.0037094155844155847 0.003579268292682927
1 0.7064001623376623 0.40512195121951217 0.0033035714285714287 0.005365853658536586
1 0.5141599025974026 0.4074207317073171 0.0031574675324675325 0.0032560975609756096
1 0.6919470373376624 0.407407012195122 0.0024005681818181817 0.005057926829268293
1 0.6994074675324675 0.40758536585365857 0.002305194805194805 0.006024390243902439
1 0.6976136363636364 0.4076615853658537 0.00237012987012987 0.005567073170731708
1 0.6938250811688312 0.4077118902439025 0.0020982142857142857 0.004448170731707317
1 0.6746245941558442 0.40789024390243905 0.001846590909090909 0.0041951219512195125
1 0.7016568587662337 0.4077621951219512 0.0023396915584415583 0.005158536585365854
1 0.6956006493506494 0.4079405487804878 0.0019967532467532467 0.004905487804878049
1 0.6786678165584416 0.40781402439024395 0.0018161525974025974 0.004652439024390244
1 0.6854849837662338 0.40781402439024395 0.00205762987012987 0.005871951219512196
1 0.6808837256493506 0.40796646341463416 0.0025953733766233764 0.004957317073170732
1 0.6897646103896103 0.40796646341463416 0.0016883116883116883 0.004957317073170732
1 0.6675365259740259 0.40801676829268296 0.0018750000000000001 0.006277439024390244
1 0.6654657061688312 0.40822560975609756 0.002197646103896104 0.0054756097560975615
1 0.6703277191558441 0.4082957317073171 0.0021814123376623375 0.005615853658536586
1 0.6879545454545454 0.40827134146341465 0.002126623376623377 0.006176829268292683
1 0.6767897727272727 0.4083719512195122 0.0017126623376623375 0.00576829268292683
1 0.6724928977272727 0.40847408536585367 0.0020474837662337662 0.005972560975609756
1 0.6832183441558441 0.4088810975609756 0.0015827922077922077 0.004957317073170732
1 0.7466680194805194 0.40946951219512195 0.0018587662337662338 0.00552439024390244
1 0.7391233766233767 0.4097225609756098 0.0017857142857142859 0.005420731707317074
1 0.7489508928571429 0.40964634146341466 0.0019602272727272728 0.00526829268292683
0 0.7446712662337662 0.40987500000000004 0.0019237012987012988 0.006335365853658537
1 0.7428449675324675 0.4099253048780488 0.0019237012987012988 0.005826219512195122
1 0.7368902191558442 0.4097987804878049 0.0017836850649350648 0.005573170731707318
1 0.7345890827922078 0.4098490853658537 0.0024573863636363634 0.005673780487804878
1 0.7319602272727272 0.4099740853658536 0.0024756493506493506 0.005923780487804878
0 0.6524137581168831 0.41254420731707314 0.0036911525974025975 0.0031371951219512193
2 0.6096418425324676 0.41248018292682925 0.0037804383116883116 0.009106707317073172
0 0.7013413149350649 0.41434298780487805 0.0017086038961038961 0.006125
0 0.697450284090909 0.4145701219512195 0.0016375811688311688 0.006579268292682927
0 0.6856351461038961 0.4148003048780488 0.0019521103896103895 0.005820121951219512
0 0.681880073051948 0.41497713414634146 0.0017471590909090909 0.005564024390243902
0 0.6896103896103897 0.41497713414634146 0.0017857142857142859 0.006173780487804878
0 0.69359375 0.41497713414634146 0.0016355519480519482 0.005564024390243902
0 0.6996327110389611 0.41497713414634146 0.002349837662337662 0.006173780487804878
0 0.6748599837662338 0.41490091463414636 0.00231737012987013 0.007850609756097561
0 0.6878003246753247 0.414952743902439 0.0018181818181818184 0.006125
0 0.6699705762987013 0.4151814024390244 0.002684659090909091 0.007192073170731708
0 0.6918435470779222 0.4150533536585366 0.0021935876623376625 0.005106707317073171
0 0.683961038961039 0.41528201219512195 0.0018506493506493505 0.006173780487804878
0 0.6524908685064935 0.41528658536585367 0.0034395292207792206 0.0031341463414634144
0 0.659916801948052 0.41533689024390247 0.00205762987012987 0.005673780487804878
0 0.6676308847402598 0.41543902439024394 0.0020637175324675324 0.006487804878048781
0 0.6657700892857142 0.4153109756097561 0.0024005681818181817 0.006841463414634146
0 0.6618790584415584 0.4154893292682927 0.0015178571428571428 0.005978658536585366
0 0.6779048295454546 0.41540853658536586 0.0023193993506493505 0.008865853658536585
0 0.6723894074675324 0.41563871951219516 0.0018405032467532468 0.006277439024390244
0 0.680239448051948 0.41566310975609755 0.0021185064935064935 0.006326219512195122
0 0.7598721590909091 0.41632774390243904 0.014468344155844155 0.021070121951219514
0 0.7321530032467533 0.41736737804878044 0.002049512987012987 0.004856707317073171
0 0.6524908685064935 0.4184359756097561 0.0038453733766233766 0.002725609756097561
0 0.5756138392857143 0.42037347560975613 0.00390625 0.003551829268292683
0 0.6527780032467532 0.42102743902439027 0.0036079545454545457 0.0030304878048780484
2 0.7053348214285714 0.4222408536585366 0.008478084415584416 0.006676829268292683
0 0.570064935064935 0.4226844512195122 0.003766233766233766 0.0032957317073170735
1 0.5127790178571429 0.4238978658536585 0.0036424512987012986 0.0032835365853658535
0 0.6527445211038961 0.4240243902439024 0.004352678571428572 0.002317073170731707
1 0.5083654626623376 0.42401067073170734 0.00252637987012987 0.0022896341463414633
0 0.7440969967532467 0.42414939024390247 0.0040219155844155845 0.0031768292682926827
0 0.6991183035714286 0.424577743902439 0.003350243506493507 0.01135060975609756
0 0.6912347808441559 0.4247560975609756 0.0021935876623376625 0.005609756097560975
0 0.6860247564935065 0.4250609756097561 0.002325487012987013 0.008658536585365853
0 0.678828125 0.4253185975609756 0.0021367694805194803 0.006125
0 0.6836221590909091 0.42533993902439027 0.001984577922077922 0.006167682926829269
0 0.6690848214285714 0.4251905487804878 0.00294237012987013 0.007698170731707317
0 0.6736353490259741 0.42541920731707317 0.003114853896103896 0.008155487804878049
0 0.6958532873376624 0.4254923780487805 0.0016903409090909091 0.006472560975609757
0 0.6714864042207792 0.4260548780487805 0.0012520292207792208 0.005158536585365854
0 0.6526937905844156 0.4267164634146342 0.0046570616883116886 0.0034329268292682927
1 0.5123427353896104 0.4269283536585366 0.0031757305194805197 0.002027439024390244
1 0.5091345373376623 0.42763109756097567 0.0032528409090909092 0.0022134146341463413
0 0.6162591314935065 0.42888262195121946 0.004028003246753247 0.003496951219512195
0 0.7058076298701298 0.4296326219512195 0.0049594155844155845 0.00438719512195122
0 0.5702171266233766 0.4298978658536586 0.0040706168831168826 0.0036981707317073173
0 0.5055062905844157 0.430125 0.0037073863636363637 0.003542682926829268
0 0.7609527191558442 0.43017225609756093 0.0016132305194805196 0.004856707317073171
1 0.5090198863636364 0.43028810975609755 0.002617694805194805 0.0026493902439024388
1 0.757145900974026 0.4303246951219512 0.0025223214285714285 0.004551829268292683
1 0.7631686282467532 0.4303246951219512 0.001986607142857143 0.004551829268292683
0 0.5123772321428571 0.4301951219512195 0.003244724025974026 0.003073170731707317
1 0.7593455762987013 0.43073170731707316 0.0012398538961038961 0.005365853658536586
0 0.6525071022727272 0.4308810975609756 0.00671875 0.005054878048780487
1 0.5086992694805195 0.4331387195121951 0.002382305194805195 0.002862804878048781
0 0.6162591314935065 0.43348018292682927 0.006463068181818182 0.004765243902439024
0 0.5125588474025974 0.43368445121951216 0.0036079545454545457 0.0033445121951219516
1 0.5055428165584416 0.4336006097560976 0.00296875 0.0025670731707317074
0 0.5964326298701298 0.43444512195121954 0.004147727272727273 0.0036463414634146343
1 0.7630834009740259 0.43565853658536585 0.002221996753246753 0.004853658536585366
0 0.7594805194805194 0.4361158536585366 0.0019155844155844155 0.00576829268292683
0 0.757247362012987 0.43626829268292683 0.0023193993506493505 0.006682926829268293
1 0.7612063717532467 0.4361920731707317 0.0017146915584415584 0.005310975609756098
0 0.5058340097402597 0.4364984756097561 0.0035511363636363635 0.002875
0 0.755031452922078 0.4365731707317073 0.002351866883116883 0.006682926829268293
0 0.511382913961039 0.4374268292682927 0.0049086850649350654 0.004121951219512195
1 0.7054017857142857 0.43788719512195123 0.003741883116883117 0.0032134146341463413
0 0.6525588474025974 0.4379923780487805 0.003981331168831169 0.0028140243902439028
0 0.6328023538961038 0.4382545731707317 0.002617694805194805 0.006387195121951219
2 0.6161911525974026 0.4390167682926829 0.0063271103896103895 0.004253048780487804
0 0.708598823051948 0.43974085365853655 0.002019074675324675 0.0050914634146341465
0 0.6526085633116883 0.4409390243902439 0.0032690746753246754 0.0026097560975609758
0 0.705435267857143 0.44121493902439024 0.0034030032467532467 0.0031615853658536583
0 0.5061465097402598 0.4419725609756098 0.004176136363636364 0.0034573170731707317
2 0.5095170454545455 0.44333536585365857 0.0028003246753246754 0.007402439024390244
0 0.5120119724025974 0.4434451219512195 0.0025142045454545456 0.00701219512195122
0 0.7054017857142857 0.44423780487804876 0.003741883116883117 0.0031097560975609753
0 0.6482477678571429 0.44447408536585364 0.0034760551948051946 0.003582317073170732
0 0.6526765422077921 0.4445960365853659 0.0029991883116883117 0.0032164634146341466
0 0.5059385146103896 0.44473475609756097 0.003760146103896104 0.0034939024390243903
0 0.7082771915584415 0.4463704268292683 0.001781655844155844 0.006155487804878049
0 0.7054017857142857 0.44751371951219515 0.003741883116883117 0.002954268292682927
0 0.5123640422077922 0.4483917682926829 0.003218344155844156 0.003490853658536585
0 0.5085592532467532 0.4498841463414634 0.003319805194805195 0.004036585365853659
0 0.6525750811688311 0.4503628048780488 0.0036079545454545457 0.004384146341463415
0 0.647486810064935 0.4508536585365854 0.005606737012987013 0.004146341463414634
0 0.5125852272727273 0.4520685975609756 0.0036607142857142854 0.003527439024390244
1 0.5085643262987013 0.4535045731707317 0.0037357954545454547 0.003350609756097561
0 0.6207924107142857 0.453672256097561 0.001325081168831169 0.005515243902439024
1 0.6227282873376623 0.4537484756097561 0.0023559253246753244 0.006277439024390244
1 0.6249614448051948 0.4539771341463415 0.0015462662337662337 0.004905487804878049
1 0.5123498376623377 0.4551890243902439 0.0027840909090909092 0.0018414634146341465
0 0.5891801948051948 0.45664176829268294 0.0018181818181818184 0.0059664634146341464
0 0.5864742288961039 0.4574039634146342 0.003711444805194805 0.010539634146341464
1 0.5124411525974026 0.45807317073170734 0.002966720779220779 0.002731707317073171
0 0.6526765422077921 0.45851524390243903 0.0034050324675324677 0.0030060975609756094
1 0.7286018668831169 0.4588429878048781 0.004687500000000001 0.015246951219512195
0 0.7386515827922078 0.45917225609756096 0.011799918831168831 0.016515243902439025
0 0.7242704951298701 0.4594786585365853 0.00414163961038961 0.011030487804878048
0 0.5127962662337662 0.4619390243902439 0.0032711038961038964 0.00375609756097561
0 0.6444247159090909 0.4624573170731707 0.004352678571428572 0.0029634146341463415
0 0.6529119318181819 0.46316006097560974 0.0034699675324675328 0.0025396341463414635
0 0.5087023133116884 0.463108231707317 0.0036059253246753247 0.003655487804878049
0 0.5687510146103896 0.4641234756097561 0.0015442370129870131 0.004466463414634147
0 0.7047270698051948 0.4657469512195122 0.003609983766233766 0.002835365853658537
0 0.7602424918831169 0.466594512195122 0.0038453733766233766 0.0033109756097560975
0 0.7560805600649351 0.4667987804878049 0.003638392857142857 0.003719512195121951
1 0.6304251217532468 0.46759146341463415 0.003950892857142857 0.0028658536585365853
1 0.6526866883116883 0.46837957317073176 0.0030194805194805195 0.0026128048780487806
1 0.6482386363636363 0.4683033536585366 0.003457792207792208 0.003679878048780488
0 0.704778814935065 0.46894817073170736 0.003713474025974026 0.002530487804878049
0 0.5946225649350649 0.469547256097561 0.004586038961038962 0.0031189024390243904
1 0.5690665584415585 0.471079268292683 0.0013636363636363635 0.004353658536585365
1 0.6263981331168831 0.47125914634146343 0.0036079545454545457 0.004103658536585366
0 0.6308319805194805 0.47142682926829266 0.00476461038961039 0.003829268292682927
1 0.6528226461038962 0.4716310975609756 0.0028855519480519482 0.0024085365853658536
1 0.7048295454545455 0.4720716463414634 0.003814935064935065 0.0032896341463414633
1 0.704609375 0.4747637195121951 0.004186282467532467 0.003795731707317073
1 0.6302566964285715 0.47475457317073166 0.0036140422077922075 0.0031676829268292685
0 0.5255894886363637 0.47477439024390244 0.003695211038961039 0.0032073170731707315
1 0.5428977272727273 0.4754634146341463 0.003814935064935065 0.0033658536585365853
0 0.5490553977272727 0.4753871951219512 0.003954951298701298 0.003823170731707317
1 0.5391081574675325 0.4756158536585366 0.0035409902597402596 0.003670731707317073
0 0.5948092532467532 0.4763018292682927 0.003741883116883117 0.009920731707317073
1 0.5626450892857143 0.4765076219512195 0.001507711038961039 0.004844512195121951
1 0.6530590503246754 0.4765076219512195 0.0037642045454545454 0.0030152439024390245
0 0.5649178165584415 0.4765685975609756 0.0011830357142857144 0.00435670731707317
1 0.5689346590909091 0.4768231707317073 0.0015056818181818181 0.004865853658536585
1 0.560320616883117 0.4768856707317073 0.001728896103896104 0.003771341463414634
1 0.6303226461038961 0.47783841463414634 0.002934253246753247 0.0032378048780487803
0 0.7049644886363636 0.47839634146341464 0.004490665584415584 0.0031341463414634144
1 0.738625202922078 0.4788521341463415 0.005253652597402597 0.011972560975609756
1 0.6529241071428572 0.4799100609756098 0.0030884740259740262 0.0031128048780487807
1 0.6483735795454545 0.4800625 0.0037276785714285715 0.0034176829268292687
0 0.526158685064935 0.48038109756097563 0.0040219155844155845 0.004054878048780488
1 0.5187114448051948 0.4804314024390244 0.004143668831168831 0.0035457317073170733
0 0.5222088068181818 0.4804314024390244 0.003427353896103896 0.0035457317073170733
0 0.5100669642857143 0.48097865853658534 0.004306006493506493 0.003420731707317073
1 0.5138859577922078 0.4808948170731707 0.003421266233766234 0.0038628048780487804
1 0.6305762987012987 0.4812408536585366 0.0038474025974025976 0.0033353658536585365
0 0.6102364042207792 0.4814832317073171 0.0017228084415584417 0.00686890243902439
0 0.7044571834415585 0.4817225609756097 0.004287743506493506 0.0036890243902439022
1 0.5605448457792207 0.48203658536585364 0.0013656655844155846 0.003707317073170732
1 0.5651237824675325 0.4825701219512195 0.0020008116883116884 0.004164634146341464
0 0.5553469967532467 0.48374237804878045 0.002333603896103896 0.006509146341463415
1 0.630643262987013 0.484390243902439 0.003169642857142857 0.002926829268292683
1 0.6939174107142857 0.4846722560975609 0.0018770292207792208 0.004710365853658536
0 0.6959303977272727 0.4848460365853659 0.002250405844155844 0.006277439024390244
1 0.6918191964285714 0.4850015243902439 0.0021448863636363636 0.00536890243902439
0 0.7014620535714285 0.4850243902439025 0.0019500811688311687 0.006024390243902439
1 0.7324025974025974 0.48505030487804873 0.002142857142857143 0.006076219512195122
1 0.5050933441558442 0.4851371951219512 0.003287337662337662 0.0025914634146341465
1 0.5011860795454545 0.4851310975609756 0.0027780032467532466 0.0037987804878048784
0 0.7625974025974026 0.48565853658536584 0.016266233766233765 0.020707317073170733
2 0.534388189935065 0.4880060975609756 0.003435470779220779 0.008939024390243902
0 0.6658695211038962 0.4881006097560976 0.0021935876623376625 0.005469512195121952
0 0.6789803165584415 0.4879954268292683 0.0016294642857142855 0.00586890243902439
0 0.6770018262987013 0.48809756097560975 0.0021367694805194803 0.006073170731707317
0 0.7112175324675325 0.48901829268292685 0.003198051948051948 0.002426829268292683
1 0.714742288961039 0.4892149390243902 0.002536525974025974 0.003429878048780488
1 0.7076034902597403 0.48926676829268295 0.002869318181818182 0.002923780487804878
1 0.7183279220779221 0.489672256097561 0.0032142857142857142 0.003125
1 0.7219145698051948 0.48977439024390246 0.00348823051948052 0.0033292682926829268
0 0.7497889610389611 0.4934573170731707 0.003636363636363637 0.003378048780487805
0 0.693971185064935 0.4996006097560976 0.014159902597402598 0.01993292682926829
2 0.7074015827922078 0.49990701219512196 0.008553165584415583 0.013228658536585365
0 0.7345819805194805 0.5000868902439025 0.004472402597402597 0.0032225609756097564
0 0.7263575487012986 0.5017682926829268 0.0026339285714285714 0.006585365853658537
1 0.6193942775974026 0.5032621951219513 0.0017755681818181818 0.005304878048780487
1 0.6215767045454546 0.5035670731707317 0.0016761363636363636 0.004695121951219512
0 0.7347504058441559 0.5048612804878049 0.003591720779220779 0.004234756097560976
0 0.6542989042207793 0.506032012195122 0.002185470779220779 0.0059664634146341464
1 0.6520150162337662 0.5060060975609756 0.0020819805194805196 0.004695121951219512
0 0.6448772321428571 0.5060579268292683 0.0024168019480519482 0.0060182926829268285
2 0.6414762581168831 0.5071737804878048 0.0021083603896103896 0.008859756097560975
1 0.6094368912337662 0.5090823170731708 0.0021530032467532464 0.005359756097560975
1 0.6172686688311688 0.5091326219512194 0.001988636363636364 0.005460365853658536
1 0.6152394480519481 0.5091067073170732 0.001988636363636364 0.0060182926829268285
1 0.6070850243506494 0.5093353658536585 0.0027252435064935064 0.005256097560975609
1 0.6134963474025974 0.5093353658536585 0.0017491883116883115 0.005256097560975609
1 0.6112804383116883 0.5095899390243902 0.001781655844155844 0.005765243902439024
1 0.7255012175324675 0.5108551829268293 0.003356331168831169 0.004027439024390244
0 0.6295444399350649 0.5143307926829268 0.012741477272727272 0.018905487804878048
0 0.5900192775974026 0.5149405487804878 0.012830762987012986 0.018905487804878048
1 0.7245190746753246 0.5154771341463414 0.002609577922077922 0.005344512195121952
0 0.7268141233766233 0.5157118902439025 0.0015178571428571428 0.005204268292682927
1 0.6929200487012988 0.5199222560975609 0.0031290584415584414 0.0032591463414634145
1 0.6896550324675325 0.5214969512195122 0.0018750000000000001 0.006408536585365853
0 0.693184862012987 0.5229512195121951 0.003658685064935065 0.0032195121951219515
1 0.7608258928571429 0.5247652439024391 0.004606331168831169 0.0031890243902439027
0 0.5126724837662338 0.5264039634146341 0.004646915584415584 0.004027439024390244
0 0.7270170454545454 0.5302408536585366 0.003952922077922078 0.0037743902439024393
0 0.6954515016233767 0.5305198170731708 0.004539366883116883 0.0031128048780487807
0 0.5613575487012987 0.5310259146341464 0.0029910714285714284 0.0029054878048780488
0 0.5579748376623376 0.5335015243902439 0.002313311688311688 0.007246951219512195
1 0.5615188717532468 0.5341509146341463 0.003313717532467532 0.002448170731707317
1 0.4098741883116883 0.5346265243902439 0.006436688311688312 0.005228658536585365
1 0.4180194805194805 0.5353506097560976 0.005681818181818182 0.004847560975609756
0 0.561171875 0.5366295731707317 0.003025568181818182 0.0025274390243902435
0 0.4587023133116883 0.5381493902439025 0.001820211038961039 0.006176829268292683
0 0.5495921266233766 0.5382423780487805 0.01192775974025974 0.018557926829268292
0 0.4495758928571429 0.5385182926829268 0.0022362012987012987 0.006304878048780487
0 0.5737621753246753 0.5394131097560976 0.016436688311688312 0.030655487804878048
0 0.5616193181818182 0.5396631097560975 0.002702922077922078 0.0018871951219512197
2 0.4560643262987013 0.5400335365853658 0.0030377435064935067 0.008725609756097562
0 0.45244318181818177 0.5408033536585366 0.0035064935064935067 0.010875000000000001
1 0.5613240665584416 0.5425121951219513 0.002924107142857143 0.002707317073170732
0 0.5579586038961039 0.5434009146341463 0.002686688311688312 0.007533536585365854
0 0.486015625 0.5444329268292682 0.014239042207792207 0.020573170731707318
0 0.47061891233766234 0.5455899390243902 0.014695616883116883 0.021667682926829267
0 0.561231737012987 0.5459253048780488 0.003145292207792208 0.002216463414634146
