0 0.38818993506493504 0.31097560975609756 0.008522727272727272 0.00548780487804878
0 0.41832386363636365 0.3152439024390244 0.00588474025974026 0.00426829268292683
1 0.7587256493506493 0.3153963414634146 0.002029220779220779 0.0064024390243902435
1 0.40787337662337664 0.3155487804878049 0.004058441558441558 0.003658536585365854
0 0.4042207792207792 0.31661585365853656 0.002840909090909091 0.0064024390243902435
1 0.4359780844155844 0.31661585365853656 0.002232142857142857 0.0064024390243902435
1 0.48467938311688313 0.31676829268292683 0.005478896103896104 0.003658536585365854
0 0.4127435064935065 0.3179878048780488 0.002840909090909091 0.007926829268292683
0 0.440137987012987 0.318140243902439 0.005681818181818182 0.003353658536585366
1 0.6113027597402597 0.31875 0.0018262987012987013 0.0064024390243902435
0 0.6087662337662337 0.31890243902439025 0.002029220779220779 0.006097560975609756
0 0.4174107142857143 0.31935975609756095 0.004464285714285714 0.00274390243902439
0 0.4487621753246753 0.3195121951219512 0.002637987012987013 0.00853658536585366
0 0.44551542207792205 0.31996951219512193 0.003043831168831169 0.008231707317073171
1 0.48478084415584416 0.32179878048780486 0.005681818181818182 0.0039634146341463415
0 0.6209415584415584 0.32195121951219513 0.002435064935064935 0.007317073170731708
0 0.4403409090909091 0.3227134146341463 0.005681818181818182 0.003353658536585366
1 0.4359780844155844 0.3228658536585366 0.002232142857142857 0.00548780487804878
0 0.4042207792207792 0.3236280487804878 0.002435064935064935 0.00701219512195122
1 0.40767045454545453 0.32439024390243903 0.004464285714285714 0.003048780487804878
1 0.6101866883116883 0.32439024390243903 0.004058441558441558 0.0024390243902439024
0 0.7589285714285714 0.3254573170731707 0.00487012987012987 0.0125
1 0.4849837662337662 0.32667682926829267 0.005681818181818182 0.003353658536585366
0 0.6635551948051948 0.3282012195121951 0.002435064935064935 0.00701219512195122
1 0.6210430194805194 0.3285060975609756 0.0018262987012987013 0.005182926829268293
1 0.6611201298701299 0.32865853658536587 0.002029220779220779 0.006097560975609756
1 0.658685064935065 0.32896341463414636 0.002029220779220779 0.006707317073170732
0 0.4413555194805195 0.32972560975609755 0.010146103896103896 0.0064024390243902435
0 0.4119318181818182 0.3298780487804878 0.0036525974025974025 0.009146341463414634
1 0.49523133116883117 0.33201219512195124 0.0018262987012987013 0.006707317073170732
0 0.497362012987013 0.33201219512195124 0.0016233766233766235 0.007317073170731708
1 0.5 0.33216463414634145 0.002435064935064935 0.007621951219512195
0 0.6203327922077922 0.3330792682926829 0.004464285714285714 0.00274390243902439
2 0.6241883116883117 0.3335365853658537 0.002840909090909091 0.007926829268292683
0 0.570413961038961 0.33445121951219514 0.00487012987012987 0.00426829268292683
0 0.6205357142857143 0.33658536585365856 0.004058441558441558 0.0024390243902439024
0 0.47615665584415584 0.3367378048780488 0.008319805194805194 0.005792682926829268
1 0.5742694805194806 0.3367378048780488 0.002435064935064935 0.0064024390243902435
1 0.4984780844155844 0.33719512195121953 0.005073051948051948 0.003658536585365854
1 0.4414569805194805 0.33734756097560975 0.009537337662337662 0.005792682926829268
0 0.3820008116883117 0.338719512195122 0.009131493506493506 0.00548780487804878
0 0.5706168831168831 0.338719512195122 0.00487012987012987 0.003048780487804878
0 0.4122362012987013 0.33978658536585366 0.003043831168831169 0.008841463414634146
1 0.4747362012987013 0.343140243902439 0.007508116883116883 0.005182926829268293
1 0.4074675324675325 0.34375 0.004464285714285714 0.003353658536585366
2 0.573051948051948 0.34375 0.006493506493506494 0.0039634146341463415
0 0.4039163961038961 0.344359756097561 0.002232142857142857 0.0064024390243902435
0 0.7054586038961039 0.34573170731707314 0.007913961038961038 0.00548780487804878
0 0.726461038961039 0.3458841463414634 0.007711038961038961 0.005792682926829268
1 0.4366883116883117 0.3466463414634146 0.002029220779220779 0.006707317073170732
1 0.6998782467532467 0.3466463414634146 0.002840909090909091 0.006097560975609756
1 0.4388189935064935 0.3467987804878049 0.002232142857142857 0.0064024390243902435
1 0.6623376623376623 0.3467987804878049 0.002435064935064935 0.008841463414634146
1 0.7208806818181818 0.3467987804878049 0.002637987012987013 0.005792682926829268
1 0.677049512987013 0.3472560975609756 0.00588474025974026 0.00426829268292683
1 0.6217532467532467 0.34801829268292683 0.002029220779220779 0.005792682926829268
0 0.5739650974025974 0.34817073170731705 0.004261363636363636 0.003048780487804878
0 0.3804788961038961 0.3483231707317073 0.004058441558441558 0.011890243902439025
0 0.6192167207792207 0.34847560975609754 0.002637987012987013 0.006707317073170732
0 0.41913555194805197 0.3490853658536585 0.005478896103896104 0.003658536585365854
1 0.6819196428571429 0.3496951219512195 0.003043831168831169 0.007926829268292683
0 0.5006087662337663 0.35030487804878047 0.002029220779220779 0.006707317073170732
0 0.4122362012987013 0.3507621951219512 0.003043831168831169 0.008841463414634146
1 0.49726055194805197 0.3513719512195122 0.004261363636363636 0.003353658536585366
1 0.677049512987013 0.3513719512195122 0.00588474025974026 0.005182926829268293
0 0.4041193181818182 0.3515243902439024 0.002637987012987013 0.006707317073170732
1 0.6705560064935064 0.3521341463414634 0.004667207792207792 0.003658536585365854
1 0.40767045454545453 0.35289634146341464 0.004058441558441558 0.003353658536585366
0 0.4187297077922078 0.3535060975609756 0.00588474025974026 0.0039634146341463415
1 0.6608157467532467 0.3542682926829268 0.006290584415584416 0.00426829268292683
1 0.6218547077922078 0.35533536585365855 0.002637987012987013 0.00701219512195122
1 0.43770292207792205 0.35579268292682925 0.004058441558441558 0.003048780487804878
1 0.49705762987012986 0.35625 0.004261363636363636 0.003353658536585366
0 0.37012987012987014 0.356859756097561 0.0036525974025974025 0.009451219512195122
0 0.5007102272727273 0.3570121951219512 0.002232142857142857 0.006097560975609756
1 0.43770292207792205 0.3594512195121951 0.004464285714285714 0.003048780487804878
1 0.5749797077922078 0.36051829268292684 0.002232142857142857 0.005792682926829268
1 0.5725446428571429 0.36128048780487804 0.002232142857142857 0.006097560975609756
1 0.37479707792207795 0.361890243902439 0.006087662337662338 0.007926829268292683
0 0.37012987012987014 0.3667682926829268 0.002840909090909091 0.007926829268292683
0 0.5732548701298701 0.3667682926829268 0.004464285714285714 0.003048780487804878
0 0.4398336038961039 0.3679878048780488 0.003043831168831169 0.00853658536585366
0 0.4366883116883117 0.36814024390243905 0.002840909090909091 0.008841463414634146
1 0.3730722402597403 0.36890243902439024 0.0018262987012987013 0.00548780487804878
1 0.3765219155844156 0.369969512195122 0.0018262987012987013 0.005792682926829268
1 0.7596387987012987 0.3711890243902439 0.004667207792207792 0.003353658536585366
1 0.37195616883116883 0.37408536585365854 0.005275974025974026 0.003048780487804878
0 0.7599431818181818 0.375609756097561 0.005681818181818182 0.003658536585365854
1 0.49959415584415584 0.37652439024390244 0.005275974025974026 0.003658536585365854
1 0.4942167207792208 0.37682926829268293 0.004667207792207792 0.003048780487804878
0 0.5004058441558441 0.3807926829268293 0.004058441558441558 0.003048780487804878
0 0.3706371753246753 0.38170731707317074 0.003043831168831169 0.009146341463414634
1 0.7617694805194806 0.3820121951219512 0.002435064935064935 0.006097560975609756
1 0.7591314935064936 0.38216463414634144 0.002029220779220779 0.0064024390243902435
1 0.4343547077922078 0.3826219512195122 0.004261363636363636 0.003048780487804878
1 0.6239853896103896 0.3836890243902439 0.004058441558441558 0.002134146341463415
1 0.6194196428571429 0.38399390243902437 0.004261363636363636 0.003353658536585366
1 0.4179180194805195 0.3856707317073171 0.00588474025974026 0.003658536585365854
1 0.4237012987012987 0.3858231707317073 0.004058441558441558 0.003353658536585366
1 0.5008116883116883 0.3876524390243902 0.002840909090909091 0.008231707317073171
1 0.41264204545454547 0.3885670731707317 0.003043831168831169 0.008841463414634146
0 0.37023133116883117 0.38978658536585364 0.002637987012987013 0.00701219512195122
1 0.37672483766233766 0.3903963414634146 0.003043831168831169 0.008231707317073171
1 0.37337662337662336 0.3908536585365854 0.002840909090909091 0.009146341463414634
0 0.494724025974026 0.39222560975609755 0.006899350649350649 0.004573170731707317
1 0.6174918831168831 0.3926829268292683 0.002029220779220779 0.006097560975609756
1 0.7294034090909091 0.3926829268292683 0.002637987012987013 0.006707317073170732
1 0.724127435064935 0.3929878048780488 0.002637987012987013 0.006097560975609756
0 0.726663961038961 0.3929878048780488 0.002435064935064935 0.007317073170731708
1 0.6210430194805194 0.3932926829268293 0.0034496753246753245 0.003048780487804878
1 0.6713676948051948 0.3932926829268293 0.0038555194805194805 0.003048780487804878
1 0.7054586038961039 0.3932926829268293 0.0038555194805194805 0.0024390243902439024
1 0.6758319805194806 0.3934451219512195 0.0034496753246753245 0.00274390243902439
1 0.42806412337662336 0.3951219512195122 0.002232142857142857 0.006097560975609756
1 0.43080357142857145 0.39527439024390243 0.002435064935064935 0.0064024390243902435
1 0.7089082792207793 0.39527439024390243 0.002637987012987013 0.008841463414634146
1 0.679484577922078 0.3955792682926829 0.002637987012987013 0.008231707317073171
1 0.6758319805194806 0.39695121951219514 0.004261363636363636 0.003048780487804878
1 0.6712662337662337 0.39710365853658536 0.00487012987012987 0.00274390243902439
0 0.7049512987012987 0.39710365853658536 0.00487012987012987 0.003353658536585366
0 0.6200284090909091 0.3983231707317073 0.002637987012987013 0.0064024390243902435
1 0.6221590909090909 0.3989329268292683 0.002029220779220779 0.005792682926829268
1 0.3770292207792208 0.4003048780487805 0.002840909090909091 0.00853658536585366
0 0.37357954545454547 0.4004573170731707 0.002840909090909091 0.008841463414634146
1 0.3705357142857143 0.4007621951219512 0.002840909090909091 0.007621951219512195
1 0.7296063311688312 0.4009146341463415 0.003043831168831169 0.009146341463414634
0 0.5019277597402597 0.4016768292682927 0.003043831168831169 0.00701219512195122
1 0.39234983766233766 0.4036585365853659 0.003043831168831169 0.009146341463414634
1 0.3887987012987013 0.4041158536585366 0.002840909090909091 0.009451219512195122
0 0.5748782467532467 0.4065548780487805 0.005275974025974026 0.0039634146341463415
0 0.6203327922077922 0.4067073170731707 0.002029220779220779 0.006707317073170732
1 0.6226663961038961 0.4067073170731707 0.0018262987012987013 0.006097560975609756
1 0.37530438311688313 0.40807926829268293 0.005478896103896104 0.004573170731707317
0 0.7568993506493507 0.4086890243902439 0.007711038961038961 0.004573170731707317
0 0.3705357142857143 0.41036585365853656 0.0036525974025974025 0.009146341463414634
1 0.5751826298701299 0.41051829268292683 0.004667207792207792 0.003353658536585366
1 0.3755073051948052 0.41265243902439025 0.006290584415584416 0.0039634146341463415
0 0.7589285714285714 0.41539634146341464 0.00487012987012987 0.003353658536585366
1 0.6226663961038961 0.4173780487804878 0.002232142857142857 0.006707317073170732
0 0.6203327922077922 0.41753048780487806 0.002029220779220779 0.0064024390243902435
0 0.768262987012987 0.4214939024390244 0.007711038961038961 0.005182926829268293
1 0.7548701298701299 0.4228658536585366 0.002435064935064935 0.006707317073170732
0 0.5007102272727273 0.42332317073170733 0.005073051948051948 0.003353658536585366
1 0.5007102272727273 0.4274390243902439 0.004667207792207792 0.003658536585365854
1 0.5735592532467533 0.42759146341463417 0.0014204545454545455 0.005182926829268293
0 0.5708198051948052 0.42789634146341465 0.002029220779220779 0.0064024390243902435
1 0.7615665584415584 0.42820121951219514 0.004464285714285714 0.005182926829268293
0 0.6215503246753247 0.4291158536585366 0.002029220779220779 0.0064024390243902435
1 0.4934050324675325 0.43140243902439024 0.005478896103896104 0.00426829268292683
0 0.49695616883116883 0.4364329268292683 0.002840909090909091 0.00701219512195122
0 0.5009131493506493 0.4407012195121951 0.005478896103896104 0.0039634146341463415
1 0.4128449675324675 0.44115853658536586 0.007913961038961038 0.006097560975609756
0 0.49117288961038963 0.44161585365853656 0.004667207792207792 0.003353658536585366
1 0.7565949675324676 0.44222560975609754 0.004667207792207792 0.00274390243902439
0 0.5010146103896104 0.44466463414634144 0.00487012987012987 0.004573170731707317
1 0.6211444805194806 0.44466463414634144 0.002435064935064935 0.0064024390243902435
1 0.7567978896103896 0.4457317073170732 0.0038555194805194805 0.0024390243902439024
0 0.7171266233766234 0.44954268292682925 0.008116883116883116 0.00701219512195122
1 0.7117491883116883 0.4507621951219512 0.002232142857142857 0.0064024390243902435
1 0.6841517857142857 0.4509146341463415 0.002232142857142857 0.006097560975609756
0 0.6205357142857143 0.45228658536585364 0.008522727272727272 0.00701219512195122
0 0.37855113636363635 0.4527439024390244 0.002637987012987013 0.007317073170731708
0 0.6655844155844156 0.4530487804878049 0.002029220779220779 0.007926829268292683
1 0.6684253246753247 0.4532012195121951 0.002029220779220779 0.0064024390243902435
0 0.6994724025974026 0.4538109756097561 0.004058441558441558 0.003353658536585366
1 0.7038352272727273 0.45396341463414636 0.004667207792207792 0.003048780487804878
1 0.6921672077922078 0.4553353658536585 0.004058441558441558 0.003353658536585366
0 0.7322443181818182 0.4553353658536585 0.0038555194805194805 0.011890243902439025
0 0.6875 0.4554878048780488 0.004058441558441558 0.003048780487804878
1 0.7595373376623377 0.45670731707317075 0.006087662337662338 0.00426829268292683
0 0.41446834415584416 0.45777439024390243 0.006290584415584416 0.004573170731707317
0 0.39458908279220783 0.45864176829268294 0.017668425324675323 0.03008841463414634
1 0.7279829545454546 0.4589939024390244 0.004261363636363636 0.003353658536585366
1 0.4095982142857143 0.4603658536585366 0.003043831168831169 0.009146341463414634
1 0.4145698051948052 0.46234756097560975 0.006087662337662338 0.0039634146341463415
1 0.380174512987013 0.47057926829268293 0.0038555194805194805 0.00274390243902439
1 0.37642045454545453 0.4716463414634146 0.002435064935064935 0.006707317073170732
1 0.38037743506493504 0.4742378048780488 0.0038555194805194805 0.00274390243902439
1 0.3918425324675325 0.47774390243902437 0.007711038961038961 0.004878048780487805
0 0.3804788961038961 0.4785060975609756 0.004058441558441558 0.00274390243902439
0 0.372463474025974 0.481859756097561 0.007913961038961038 0.005182926829268293
0 0.3849431818181818 0.48323170731707316 0.002435064935064935 0.006707317073170732
1 0.3814935064935065 0.4844512195121951 0.004058441558441558 0.003048780487804878
1 0.395799512987013 0.4867378048780488 0.00588474025974026 0.0039634146341463415
1 0.38118912337662336 0.48765243902439026 0.0038555194805194805 0.00274390243902439
0 0.40401785714285715 0.4885670731707317 0.002840909090909091 0.009451219512195122
0 0.400974025974026 0.48871951219512194 0.002840909090909091 0.00853658536585366
0 0.37226055194805197 0.48902439024390243 0.007508116883116883 0.00548780487804878
1 0.3812905844155844 0.4913109756097561 0.004464285714285714 0.00274390243902439
0 0.419338474025974 0.4926829268292683 0.007102272727272727 0.00548780487804878
0 0.3972199675324675 0.4942073170731707 0.002637987012987013 0.009146341463414634
1 0.38240665584415584 0.49588414634146344 0.00588474025974026 0.003353658536585366
1 0.3704342532467532 0.4974085365853659 0.003043831168831169 0.008841463414634146
1 0.38189935064935066 0.5001524390243902 0.004058441558441558 0.003353658536585366
1 0.7496956168831169 0.5033536585365853 0.004667207792207792 0.003048780487804878
1 0.3871753246753247 0.5041158536585366 0.0036525974025974025 0.00274390243902439
1 0.3835227272727273 0.5054878048780488 0.002435064935064935 0.006707317073170732
1 0.7386363636363636 0.5054878048780488 0.002029220779220779 0.00548780487804878
0 0.4967532467532468 0.505640243902439 0.002840909090909091 0.009451219512195122
1 0.7558847402597403 0.50625 0.004058441558441558 0.00274390243902439
1 0.7504058441558441 0.5074695121951219 0.004464285714285714 0.00274390243902439
1 0.3871753246753247 0.5080792682926829 0.003246753246753247 0.003353658536585366
1 0.37124594155844154 0.5085365853658537 0.002232142857142857 0.009146341463414634
1 0.3742897727272727 0.5086890243902439 0.003043831168831169 0.008231707317073171
0 0.39285714285714285 0.5096036585365854 0.003246753246753247 0.010670731707317074
1 0.7558847402597403 0.510060975609756 0.004058441558441558 0.0024390243902439024
1 0.38585633116883117 0.5129573170731707 0.007913961038961038 0.005182926829268293
1 0.7401582792207793 0.5158536585365854 0.0038555194805194805 0.0024390243902439024
1 0.7355925324675324 0.5160060975609756 0.0036525974025974025 0.00274390243902439
1 0.4934050324675325 0.5161585365853658 0.002637987012987013 0.006707317073170732
1 0.499898538961039 0.5161585365853658 0.0014204545454545455 0.006097560975609756
1 0.4955357142857143 0.5163109756097561 0.0016233766233766235 0.005792682926829268
1 0.5186688311688312 0.5173780487804878 0.002435064935064935 0.006707317073170732
1 0.3728693181818182 0.5181402439024391 0.005478896103896104 0.0039634146341463415
0 0.38321834415584416 0.5181402439024391 0.00588474025974026 0.004573170731707317
0 0.7637987012987013 0.5185975609756097 0.002435064935064935 0.006707317073170732
1 0.5399756493506493 0.5189024390243903 0.002435064935064935 0.00548780487804878
1 0.5424107142857143 0.5189024390243903 0.002029220779220779 0.00548780487804878
1 0.5446428571428571 0.5190548780487805 0.002029220779220779 0.005792682926829268
1 0.7674512987012987 0.5204268292682926 0.004058441558441558 0.0024390243902439024
1 0.37804383116883117 0.520579268292683 0.002840909090909091 0.008841463414634146
1 0.3947849025974026 0.5213414634146342 0.005073051948051948 0.00426829268292683
0 0.5 0.5224085365853659 0.002029220779220779 0.00701219512195122
1 0.5264813311688312 0.5225609756097561 0.002232142857142857 0.006707317073170732
1 0.528814935064935 0.5227134146341463 0.002029220779220779 0.0064024390243902435
1 0.37276785714285715 0.5228658536585366 0.005681818181818182 0.003658536585365854
0 0.4956371753246753 0.5230182926829269 0.002232142857142857 0.00701219512195122
0 0.49330357142857145 0.5234756097560975 0.0016233766233766235 0.006707317073170732
0 0.5401785714285714 0.5257621951219512 0.002029220779220779 0.0064024390243902435
0 0.5425121753246753 0.5259146341463414 0.002232142857142857 0.006707317073170732
0 0.5450487012987013 0.5259146341463414 0.002435064935064935 0.006097560975609756
1 0.5134943181818182 0.5282012195121951 0.002232142857142857 0.0064024390243902435
1 0.515726461038961 0.5282012195121951 0.002232142857142857 0.0064024390243902435
1 0.7359983766233766 0.5282012195121951 0.004058441558441558 0.00274390243902439
0 0.37987012987012986 0.5285060975609757 0.008116883116883116 0.005182926829268293
1 0.739650974025974 0.5294207317073171 0.002029220779220779 0.0064024390243902435
1 0.742288961038961 0.5297256097560976 0.002029220779220779 0.005792682926829268
0 0.5186688311688312 0.5298780487804878 0.002029220779220779 0.006707317073170732
1 0.7688717532467533 0.5298780487804878 0.004058441558441558 0.003658536585365854
0 0.5265827922077922 0.530030487804878 0.002029220779220779 0.007621951219512195
1 0.5223214285714286 0.5301829268292683 0.004058441558441558 0.003048780487804878
0 0.5290178571428571 0.5301829268292683 0.0016233766233766235 0.006707317073170732
2 0.37226055194805197 0.5303353658536586 0.006290584415584416 0.008231707317073171
1 0.7589285714285714 0.530640243902439 0.004058441558441558 0.00274390243902439
1 0.7359983766233766 0.5314024390243902 0.004058441558441558 0.003048780487804878
0 0.4078429383116883 0.5337454268292683 0.010896915584415585 0.019320121951219512
1 0.75 0.5347560975609756 0.0036525974025974025 0.0024390243902439024
1 0.7555803571428571 0.5350609756097561 0.0018262987012987013 0.00548780487804878
1 0.758015422077922 0.5350609756097561 0.002637987012987013 0.006097560975609756
0 0.3899147727272727 0.5352134146341463 0.0038555194805194805 0.011280487804878048
0 0.38585633116883117 0.5355182926829268 0.0038555194805194805 0.011280487804878048
1 0.7457386363636364 0.5355182926829268 0.0036525974025974025 0.00274390243902439
0 0.5134943181818182 0.535670731707317 0.002232142857142857 0.006707317073170732
0 0.5159293831168831 0.5358231707317073 0.002232142857142857 0.00701219512195122
1 0.554890422077922 0.5364329268292682 0.002232142857142857 0.005792682926829268
1 0.5305397727272727 0.5365853658536586 0.0018262987012987013 0.00548780487804878
1 0.5330762987012987 0.5365853658536586 0.002435064935064935 0.006097560975609756
1 0.5523538961038961 0.5365853658536586 0.002435064935064935 0.00548780487804878
1 0.5369318181818182 0.536890243902439 0.002435064935064935 0.006097560975609756
1 0.5501217532467533 0.536890243902439 0.002435064935064935 0.00548780487804878
1 0.5395698051948052 0.5370426829268292 0.002435064935064935 0.005792682926829268
1 0.5473823051948052 0.5370426829268292 0.002232142857142857 0.005792682926829268
1 0.5449472402597403 0.5371951219512195 0.002232142857142857 0.006097560975609756
0 0.6123173701298701 0.5399390243902439 0.0038555194805194805 0.00426829268292683
1 0.6464082792207793 0.5400914634146341 0.004261363636363636 0.003353658536585366
0 0.7045454545454546 0.5400914634146341 0.008116883116883116 0.004573170731707317
1 0.6421469155844156 0.5402439024390244 0.0038555194805194805 0.003048780487804878
0 0.6187094155844156 0.5403963414634146 0.005681818181818182 0.0039634146341463415
0 0.5503246753246753 0.5428353658536585 0.0016233766233766235 0.004573170731707317
0 0.5554991883116883 0.5428353658536585 0.002232142857142857 0.005792682926829268
0 0.5528612012987013 0.5429878048780488 0.002232142857142857 0.004878048780487805
1 0.7451298701298701 0.5429878048780488 0.002435064935064935 0.006097560975609756
0 0.5375405844155844 0.543140243902439 0.002029220779220779 0.005182926829268293
0 0.5395698051948052 0.543140243902439 0.002029220779220779 0.005182926829268293
0 0.5474837662337663 0.5432926829268293 0.002029220779220779 0.00426829268292683
0 0.5330762987012987 0.5434451219512195 0.002029220779220779 0.005182926829268293
0 0.5453530844155844 0.5434451219512195 0.002232142857142857 0.005182926829268293
0 0.5307426948051948 0.5435975609756097 0.0018262987012987013 0.004878048780487805
0 0.7619724025974026 0.5463414634146342 0.006087662337662338 0.00426829268292683
2 0.4200487012987013 0.5501524390243903 0.02353896103896104 0.030182926829268292
0 0.7086038961038961 0.5504573170731707 0.007305194805194805 0.004573170731707317
0 0.6415381493506493 0.550609756097561 0.003043831168831169 0.009146341463414634
1 0.7516233766233766 0.5515243902439024 0.002435064935064935 0.006097560975609756
0 0.7620738636363636 0.5515243902439024 0.006696428571428571 0.00426829268292683
1 0.7490868506493507 0.5516768292682926 0.002232142857142857 0.0064024390243902435
1 0.7541599025974026 0.5516768292682926 0.002232142857142857 0.00701219512195122
1 0.7404626623376623 0.551829268292683 0.002029220779220779 0.006097560975609756
1 0.7428977272727273 0.5519817073170732 0.002029220779220779 0.005792682926829268
1 0.7466517857142857 0.5519817073170732 0.002232142857142857 0.005792682926829268
1 0.7350852272727273 0.5522865853658536 0.002232142857142857 0.005792682926829268
1 0.7377232142857143 0.552439024390244 0.0018262987012987013 0.006097560975609756
1 0.7018060064935064 0.5533536585365854 0.003043831168831169 0.00975609756097561
0 0.4068587662337662 0.5560975609756098 0.004058441558441558 0.011585365853658536
1 0.7080965909090909 0.5567073170731708 0.00588474025974026 0.003658536585365854
0 0.3979515016233766 0.5598185975609756 0.013435470779220778 0.03366158536585366
1 0.6413352272727273 0.5640243902439024 0.002232142857142857 0.00548780487804878
1 0.6365665584415584 0.5641768292682927 0.0016233766233766235 0.0064024390243902435
1 0.6389001623376623 0.5641768292682927 0.0018262987012987013 0.0064024390243902435
1 0.6338271103896104 0.5643292682926829 0.002637987012987013 0.006707317073170732
0 0.40898944805194803 0.5649390243902439 0.007102272727272727 0.004878048780487805
1 0.7642045454545454 0.5667682926829268 0.004058441558441558 0.01097560975609756
0 0.4090909090909091 0.5705792682926829 0.007711038961038961 0.005182926829268293
0 0.7192573051948052 0.5713414634146341 0.004261363636363636 0.013414634146341463
1 0.7697849025974026 0.5721036585365854 0.004261363636363636 0.00274390243902439
1 0.38636363636363635 0.5746951219512195 0.002029220779220779 0.00548780487804878
0 0.3691152597402597 0.5754573170731707 0.010551948051948052 0.008841463414634146
1 0.38139204545454547 0.5759146341463415 0.004667207792207792 0.003048780487804878
0 0.7697849025974026 0.5775914634146342 0.007508116883116883 0.004573170731707317
1 0.3773336038961039 0.5777439024390244 0.003043831168831169 0.007317073170731708
0 0.41183035714285715 0.5788109756097561 0.003043831168831169 0.008841463414634146
0 0.3695211038961039 0.5858231707317073 0.010957792207792208 0.009451219512195122
0 0.42288961038961037 0.5862804878048781 0.004058441558441558 0.012195121951219513
0 0.4135551948051948 0.5865853658536585 0.005681818181818182 0.003658536585365854
0 0.6753246753246753 0.5875 0.002840909090909091 0.007317073170731708
0 0.41883116883116883 0.588109756097561 0.003246753246753247 0.00853658536585366
1 0.4575892857142857 0.5896341463414634 0.002029220779220779 0.006707317073170732
0 0.4134537337662338 0.5911585365853659 0.005478896103896104 0.003658536585365854
1 0.46905438311688313 0.592530487804878 0.004261363636363636 0.005792682926829268
0 0.3676948051948052 0.5928353658536586 0.006493506493506494 0.003353658536585366
1 0.40929383116883117 0.593140243902439 0.002435064935064935 0.0064024390243902435
0 0.4603287337662338 0.5946646341463414 0.004261363636363636 0.0064024390243902435
1 0.41832386363636365 0.5952743902439024 0.004261363636363636 0.003353658536585366
1 0.42329545454545453 0.5952743902439024 0.004058441558441558 0.00274390243902439
1 0.4132508116883117 0.5954268292682927 0.004261363636363636 0.003048780487804878
0 0.46469155844155846 0.5955792682926829 0.005275974025974026 0.007621951219512195
0 0.3757102272727273 0.5958841463414634 0.002637987012987013 0.00701219512195122
0 0.38372564935064934 0.5958841463414634 0.002029220779220779 0.0064024390243902435
0 0.3783482142857143 0.5960365853658537 0.002232142857142857 0.007926829268292683
0 0.3809862012987013 0.5961890243902439 0.002637987012987013 0.005182926829268293
1 0.45606737012987014 0.5961890243902439 0.005073051948051948 0.0064024390243902435
0 0.37256493506493504 0.5969512195121951 0.003246753246753247 0.00853658536585366
0 0.4724025974025974 0.5975609756097561 0.0036525974025974025 0.00548780487804878
1 0.4680397727272727 0.598780487804878 0.0038555194805194805 0.006097560975609756
0 0.6559456168831169 0.6001524390243902 0.0034496753246753245 0.007621951219512195
0 0.41233766233766234 0.6003048780487805 0.006087662337662338 0.00426829268292683
0 0.3901176948051948 0.6004573170731707 0.002232142857142857 0.00701219512195122
0 0.4575892857142857 0.6010670731707317 0.005275974025974026 0.00701219512195122
1 0.4238027597402597 0.6012195121951219 0.002232142857142857 0.006707317073170732
1 0.4666193181818182 0.6012195121951219 0.002637987012987013 0.006707317073170732
0 0.3873782467532468 0.6015243902439025 0.003246753246753247 0.00975609756097561
0 0.3799715909090909 0.6016768292682927 0.004261363636363636 0.002134146341463415
1 0.47554788961038963 0.6019817073170731 0.0034496753246753245 0.00701219512195122
1 0.7731331168831169 0.6028963414634146 0.004058441558441558 0.0039634146341463415
1 0.40625 0.6030487804878049 0.004058441558441558 0.003048780487804878
1 0.3835227272727273 0.6033536585365854 0.002029220779220779 0.006097560975609756
1 0.375101461038961 0.6036585365853658 0.0038555194805194805 0.003658536585365854
0 0.39945211038961037 0.604420731707317 0.002232142857142857 0.0064024390243902435
1 0.4641842532467532 0.604420731707317 0.0034496753246753245 0.00701219512195122
1 0.4596185064935065 0.6045731707317074 0.005275974025974026 0.007317073170731708
0 0.6755275974025974 0.6045731707317074 0.002435064935064935 0.006707317073170732
0 0.4017857142857143 0.6047256097560976 0.002029220779220779 0.00701219512195122
0 0.38007305194805197 0.6053353658536585 0.004464285714285714 0.00274390243902439
0 0.7570008116883117 0.6064024390243903 0.0038555194805194805 0.011585365853658536
1 0.40625 0.6068597560975609 0.0036525974025974025 0.003353658536585366
1 0.7731331168831169 0.6068597560975609 0.004464285714285714 0.003353658536585366
0 0.471387987012987 0.6071646341463415 0.008928571428571428 0.0125
0 0.375 0.6074695121951219 0.0036525974025974025 0.002134146341463415
1 0.6599025974025974 0.6076219512195122 0.005681818181818182 0.00426829268292683
1 0.7508116883116883 0.6077743902439025 0.002840909090909091 0.008841463414634146
0 0.39620535714285715 0.6083841463414634 0.004261363636363636 0.014939024390243902
1 0.7636972402597403 0.6086890243902439 0.002637987012987013 0.0064024390243902435
0 0.3898133116883117 0.6094512195121952 0.008116883116883116 0.004878048780487805
1 0.38240665584415584 0.6096036585365854 0.004667207792207792 0.00274390243902439
1 0.671875 0.6099085365853658 0.004058441558441558 0.00274390243902439
0 0.40117694805194803 0.6102134146341464 0.004464285714285714 0.003353658536585366
1 0.375101461038961 0.6106707317073171 0.0038555194805194805 0.003048780487804878
0 0.4223823051948052 0.6111280487804878 0.007913961038961038 0.005792682926829268
0 0.41568587662337664 0.6114329268292683 0.004667207792207792 0.014329268292682927
0 0.46895292207792205 0.6114329268292683 0.008928571428571428 0.011280487804878048
0 0.6648741883116883 0.6115853658536585 0.002637987012987013 0.007317073170731708
0 0.6682224025974026 0.6115853658536585 0.002029220779220779 0.007926829268292683
1 0.4104099025974026 0.6117378048780487 0.003043831168831169 0.008841463414634146
1 0.406351461038961 0.6121951219512195 0.0018262987012987013 0.00548780487804878
1 0.6599025974025974 0.6126524390243903 0.006087662337662338 0.0039634146341463415
1 0.7461444805194806 0.613109756097561 0.004058441558441558 0.003048780487804878
0 0.7517248376623377 0.6147865853658536 0.005478896103896104 0.0039634146341463415
0 0.6711647727272727 0.6164634146341463 0.002637987012987013 0.009146341463414634
0 0.42278814935064934 0.6169207317073171 0.007508116883116883 0.0064024390243902435
1 0.7462459415584416 0.6169207317073171 0.0038555194805194805 0.00274390243902439
0 0.7689732142857143 0.6172256097560975 0.004261363636363636 0.008841463414634146
0 0.6599025974025974 0.6178353658536585 0.004058441558441558 0.003353658536585366
1 0.6682224025974026 0.6182926829268293 0.0016233766233766235 0.006097560975609756
1 0.4302962662337662 0.6189024390243902 0.0018262987012987013 0.006097560975609756
1 0.43526785714285715 0.6189024390243902 0.002029220779220779 0.007317073170731708
1 0.4328327922077922 0.6192073170731708 0.002029220779220779 0.006097560975609756
1 0.4278612012987013 0.619359756097561 0.002232142857142857 0.0064024390243902435
0 0.7520292207792207 0.6195121951219512 0.005275974025974026 0.00426829268292683
0 0.6432325487012986 0.6221951219512195 0.017390422077922078 0.03646341463414634
0 0.4225852272727273 0.6231707317073171 0.007913961038961038 0.004878048780487805
0 0.4745332792207792 0.6231707317073171 0.010349025974025974 0.011585365853658536
1 0.41375811688311687 0.624390243902439 0.009334415584415584 0.007317073170731708
0 0.7520292207792207 0.6246951219512196 0.005681818181818182 0.003658536585365854
0 0.43070211038961037 0.625 0.004261363636363636 0.003048780487804878
1 0.38818993506493504 0.6257621951219512 0.004464285714285714 0.0039634146341463415
0 0.7696834415584416 0.6263719512195122 0.0036525974025974025 0.009451219512195122
0 0.4342532467532468 0.6265243902439024 0.002435064935064935 0.007317073170731708
1 0.38818993506493504 0.6289634146341463 0.004464285714285714 0.003658536585365854
1 0.4310064935064935 0.6289634146341463 0.004058441558441558 0.0024390243902439024
0 0.7522321428571429 0.629420731707317 0.005275974025974026 0.0039634146341463415
0 0.39600243506493504 0.6295731707317073 0.008319805194805194 0.00548780487804878
1 0.7464488636363636 0.630030487804878 0.004261363636363636 0.003353658536585366
0 0.4539366883116883 0.6321646341463415 0.005681818181818182 0.015548780487804878
1 0.7464488636363636 0.6339939024390244 0.0038555194805194805 0.003353658536585366
1 0.7591314935064936 0.6352134146341464 0.002029220779220779 0.005792682926829268
1 0.7640016233766234 0.6353658536585366 0.002029220779220779 0.006097560975609756
1 0.7570008116883117 0.6355182926829268 0.0018262987012987013 0.005792682926829268
1 0.7616680194805194 0.6355182926829268 0.002232142857142857 0.0064024390243902435
0 0.7669439935064936 0.6361280487804878 0.0034496753246753245 0.009451219512195122
0 0.4492694805194805 0.6364329268292683 0.00487012987012987 0.004573170731707317
0 0.46205357142857145 0.6391768292682927 0.002029220779220779 0.0064024390243902435
1 0.46712662337662336 0.6391768292682927 0.002029220779220779 0.00701219512195122
1 0.46448863636363635 0.6394817073170732 0.002029220779220779 0.0064024390243902435
1 0.45870535714285715 0.6396341463414634 0.004261363636363636 0.003658536585365854
0 0.7586241883116883 0.646189024390244 0.0034496753246753245 0.008841463414634146
0 0.7623782467532467 0.646189024390244 0.003246753246753247 0.008841463414634146
1 0.7624797077922078 0.6564024390243902 0.002637987012987013 0.006097560975609756
1 0.7426948051948052 0.656859756097561 0.002435064935064935 0.00701219512195122
1 0.7589285714285714 0.656859756097561 0.002435064935064935 0.0064024390243902435
1 0.4760551948051948 0.6594512195121951 0.002029220779220779 0.00548780487804878
0 0.7661323051948052 0.6617378048780488 0.006290584415584416 0.004573170731707317
1 0.760551948051948 0.6623475609756098 0.004058441558441558 0.00274390243902439
0 0.7410714285714286 0.6629573170731707 0.005681818181818182 0.0039634146341463415
1 0.47230113636363635 0.6640243902439025 0.002232142857142857 0.006097560975609756
0 0.638189935064935 0.6653963414634146 0.010551948051948052 0.007621951219512195
0 0.7614650974025974 0.6673780487804878 0.005478896103896104 0.00426829268292683
1 0.47625811688311687 0.6678353658536585 0.002029220779220779 0.0064024390243902435
0 0.7429991883116883 0.6705792682926829 0.002232142857142857 0.0064024390243902435
1 0.4726055194805195 0.6727134146341464 0.002029220779220779 0.0064024390243902435
1 0.476461038961039 0.6769817073170732 0.002029220779220779 0.0064024390243902435
0 0.6487885551948052 0.6805487804878049 0.01145698051948052 0.02024390243902439
1 0.4727069805194805 0.6809451219512195 0.0018262987012987013 0.0064024390243902435
1 0.6598011363636364 0.6820121951219512 0.00588474025974026 0.00426829268292683
1 0.47676542207792205 0.6850609756097561 0.002232142857142857 0.006097560975609756
1 0.4727069805194805 0.6884146341463414 0.002232142857142857 0.006097560975609756
1 0.47676542207792205 0.6940548780487805 0.0018262987012987013 0.005792682926829268
1 0.4729099025974026 0.698170731707317 0.0018262987012987013 0.006097560975609756
1 0.6168831168831169 0.7018292682926829 0.002029220779220779 0.006097560975609756
0 0.6379362824675324 0.7019405487804877 0.028713474025974024 0.020954268292682928
1 0.6762378246753247 0.7027439024390244 0.0038555194805194805 0.0024390243902439024
1 0.6205357142857143 0.7030487804878048 0.0036525974025974025 0.0024390243902439024
1 0.47696834415584416 0.7038109756097561 0.002232142857142857 0.005792682926829268
1 0.6205357142857143 0.7070121951219512 0.0036525974025974025 0.003048780487804878
1 0.4732142857142857 0.7071646341463415 0.002840909090909091 0.00701219512195122
1 0.6762378246753247 0.708079268292683 0.0038555194805194805 0.00274390243902439
1 0.6765422077922078 0.7126524390243902 0.004058441558441558 0.003353658536585366
0 0.44500811688311687 0.7155487804878049 0.004464285714285714 0.0024390243902439024
1 0.4406452922077922 0.7158536585365853 0.004261363636363636 0.003048780487804878
1 0.4316152597402597 0.7160060975609757 0.004464285714285714 0.00274390243902439
0 0.42694805194805197 0.7163109756097561 0.004058441558441558 0.00274390243902439
1 0.4627637987012987 0.7163109756097561 0.002232142857142857 0.0064024390243902435
1 0.4591112012987013 0.7164634146341463 0.002232142857142857 0.006707317073170732
1 0.6764407467532467 0.7166158536585366 0.0038555194805194805 0.00274390243902439
1 0.4516030844155844 0.7167682926829269 0.0018262987012987013 0.006097560975609756
1 0.4489650974025974 0.7169207317073171 0.0018262987012987013 0.005792682926829268
1 0.4539366883116883 0.7169207317073171 0.002029220779220779 0.0064024390243902435
0 0.445211038961039 0.7195121951219512 0.004058441558441558 0.003658536585365854
1 0.44054383116883117 0.7196646341463414 0.004058441558441558 0.003353658536585366
0 0.43506493506493504 0.7204268292682927 0.002435064935064935 0.007317073170731708
1 0.47037337662337664 0.7205792682926829 0.002435064935064935 0.00701219512195122
1 0.6193181818181818 0.7221036585365853 0.007305194805194805 0.005182926829268293
2 0.41943993506493504 0.7222560975609756 0.00974025974025974 0.01097560975609756
1 0.6767451298701299 0.7239329268292682 0.002029220779220779 0.005792682926829268
1 0.484273538961039 0.7257621951219512 0.004261363636363636 0.00274390243902439
1 0.46986607142857145 0.7269817073170731 0.004667207792207792 0.003353658536585366
1 0.6150568181818182 0.7283536585365854 0.006899350649350649 0.00426829268292683
0 0.47433035714285715 0.7289634146341464 0.004261363636363636 0.003048780487804878
0 0.47433035714285715 0.7330792682926829 0.004667207792207792 0.003353658536585366
0 0.46875 0.7341463414634146 0.00487012987012987 0.003048780487804878
0 0.47433035714285715 0.7384146341463415 0.004261363636363636 0.003658536585365854
0 0.4744318181818182 0.7419207317073171 0.004058441558441558 0.00274390243902439
0 0.49705762987012986 0.7446646341463414 0.004261363636363636 0.003353658536585366
0 0.4901582792207792 0.7454268292682927 0.005073051948051948 0.003658536585365854
0 0.48467938311688313 0.745579268292683 0.004261363636363636 0.0039634146341463415
0 0.4745332792207792 0.7466463414634147 0.004261363636363636 0.003658536585365854
0 0.4967532467532468 0.7533536585365853 0.004464285714285714 0.012804878048780487
1 0.7440137987012987 0.2940548780487805 0.006290584415584416 0.0039634146341463415
1 0.731737012987013 0.2951219512195122 0.006087662337662338 0.00426829268292683
1 0.7014001623376623 0.29542682926829267 0.004667207792207792 0.004878048780487805
1 0.7061688311688312 0.2966463414634146 0.002435064935064935 0.00548780487804878
1 0.7109375 0.2975609756097561 0.0018262987012987013 0.006707317073170732
0 0.38504464285714285 0.2986280487804878 0.004261363636363636 0.0125
1 0.7434050324675324 0.29878048780487804 0.0038555194805194805 0.003048780487804878
1 0.7321428571428571 0.2998475609756098 0.004464285714285714 0.00274390243902439
