2 0.5697115384615384 0.3269230769230769 0.057692307692307696 0.09615384615384616
2 0.5288461538461539 0.33413461538461536 0.04807692307692308 0.09615384615384616
2 0.6213942307692307 0.36538461538461536 0.016826923076923076 0.02403846153846154
2 0.59375 0.40024038461538464 0.03365384615384615 0.06490384615384616
2 0.640625 0.5 0.01201923076923077 0.014423076923076924
2 0.42908653846153844 0.6382211538461539 0.016826923076923076 0.021634615384615384
2 0.6322115384615384 0.6983173076923077 0.02403846153846154 0.03125
2 0.36177884615384615 0.7776442307692307 0.021634615384615384 0.026442307692307692
2 0.3858173076923077 0.7776442307692307 0.021634615384615384 0.026442307692307692
2 0.6766826923076923 0.7319711538461539 0.007211538461538462 0.01201923076923077
