2 0.6850961538461539 0.4254807692307692 0.004807692307692308 0.004807692307692308
2 0.6466346153846154 0.4182692307692308 0.004807692307692308 0.004807692307692308
2 0.6826923076923077 0.4375 0.004807692307692308 0.004807692307692308
2 0.6286057692307693 0.44471153846153844 0.007211538461538462 0.009615384615384616
2 0.7199519230769231 0.47836538461538464 0.01201923076923077 0.009615384615384616
2 0.6298076923076923 0.47115384615384615 0.004807692307692308 0.004807692307692308
2 0.5240384615384616 0.4483173076923077 0.004807692307692308 0.007211538461538462
2 0.5372596153846154 0.49759615384615385 0.007211538461538462 0.009615384615384616
2 0.7007211538461539 0.5540865384615384 0.01201923076923077 0.016826923076923076
2 0.6346153846153846 0.5432692307692307 0.004807692307692308 0.009615384615384616
2 0.4483173076923077 0.5264423076923077 0.007211538461538462 0.009615384615384616
