2 0.6514423076923077 0.6418269230769231 0.03365384615384615 0.02403846153846154
2 0.6418269230769231 0.4675480769230769 0.03365384615384615 0.021634615384615384
2 0.6418269230769231 0.42788461538461536 0.019230769230769232 0.014423076923076924
2 0.6213942307692307 0.5096153846153846 0.021634615384615384 0.014423076923076924
2 0.6153846153846154 0.640625 0.038461538461538464 0.026442307692307692
2 0.5456730769230769 0.5841346153846154 0.019230769230769232 0.004807692307692308
2 0.5072115384615384 0.5240384615384616 0.019230769230769232 0.004807692307692308
2 0.49158653846153844 0.6826923076923077 0.007211538461538462 0.009615384615384616
2 0.49278846153846156 0.6105769230769231 0.019230769230769232 0.004807692307692308
2 0.4807692307692308 0.6814903846153846 0.009615384615384616 0.01201923076923077
2 0.4807692307692308 0.5769230769230769 0.019230769230769232 0.004807692307692308
2 0.4795673076923077 0.6033653846153846 0.016826923076923076 0.004807692307692308
2 0.47836538461538464 0.6153846153846154 0.019230769230769232 0.004807692307692308
2 0.47836538461538464 0.5228365384615384 0.014423076923076924 0.007211538461538462
2 0.47596153846153844 0.5540865384615384 0.014423076923076924 0.01201923076923077
2 0.45552884615384615 0.6490384615384616 0.016826923076923076 0.004807692307692308
2 0.453125 0.6274038461538461 0.016826923076923076 0.004807692307692308
2 0.41947115384615385 0.6850961538461539 0.01201923076923077 0.004807692307692308
2 0.4182692307692308 0.6802884615384616 0.014423076923076924 0.004807692307692308
2 0.4170673076923077 0.6923076923076923 0.01201923076923077 0.004807692307692308
2 0.40625 0.6514423076923077 0.019230769230769232 0.004807692307692308
2 0.4050480769230769 0.6466346153846154 0.016826923076923076 0.004807692307692308
2 0.375 0.6899038461538461 0.019230769230769232 0.004807692307692308
2 0.375 0.6754807692307693 0.019230769230769232 0.004807692307692308
2 0.375 0.6826923076923077 0.019230769230769232 0.004807692307692308
