0 0.653713474025974 0.47271341463414634 0.003043831168831169 0.008841463414634146
1 0.6498579545454546 0.47317073170731705 0.002232142857142857 0.007926829268292683
1 0.4752435064935065 0.47820121951219513 0.002840909090909091 0.008231707317073171
1 0.5681818181818182 0.4873475609756098 0.003246753246753247 0.007621951219512195
1 0.564935064935065 0.4875 0.002840909090909091 0.007926829268292683
0 0.653612012987013 0.4919207317073171 0.00487012987012987 0.004573170731707317
1 0.6481331168831169 0.4923780487804878 0.005275974025974026 0.00426829268292683
1 0.5716314935064936 0.4974085365853659 0.0036525974025974025 0.008841463414634146
1 0.6437702922077922 0.49771341463414637 0.003043831168831169 0.008841463414634146
0 0.653510551948052 0.4989329268292683 0.005478896103896104 0.004573170731707317
0 0.653612012987013 0.5042682926829268 0.006493506493506494 0.004878048780487805
1 0.661627435064935 0.5065548780487805 0.005478896103896104 0.003353658536585366
1 0.5752840909090909 0.5071646341463415 0.002840909090909091 0.009451219512195122
0 0.6438717532467533 0.5079268292682927 0.0036525974025974025 0.01097560975609756
0 0.5106534090909091 0.5088414634146341 0.004261363636363636 0.00548780487804878
0 0.47879464285714285 0.5091463414634146 0.0038555194805194805 0.003048780487804878
0 0.4994926948051948 0.5091463414634146 0.0038555194805194805 0.00426829268292683
0 0.6524959415584416 0.5105182926829268 0.007508116883116883 0.005792682926829268
1 0.5668628246753247 0.5140243902439025 0.002637987012987013 0.00853658536585366
0 0.5628043831168831 0.5141768292682927 0.002637987012987013 0.008231707317073171
0 0.5412946428571429 0.5143292682926829 0.002637987012987013 0.007317073170731708
0 0.5332792207792207 0.5144817073170732 0.003246753246753247 0.008231707317073171
1 0.5367288961038961 0.5144817073170732 0.002435064935064935 0.008231707317073171
0 0.5508319805194806 0.5146341463414634 0.002232142857142857 0.007926829268292683
0 0.5475852272727273 0.5149390243902439 0.002232142857142857 0.007926829268292683
1 0.526176948051948 0.51875 0.005275974025974026 0.004573170731707317
0 0.661627435064935 0.5189024390243903 0.005478896103896104 0.004878048780487805
1 0.6559456168831169 0.5201219512195122 0.003043831168831169 0.007926829268292683
0 0.5274959415584416 0.5286585365853659 0.004261363636363636 0.004878048780487805
0 0.5843141233766234 0.5298780487804878 0.004261363636363636 0.00548780487804878
0 0.630073051948052 0.5307926829268292 0.005275974025974026 0.00426829268292683
0 0.6253043831168831 0.5330792682926829 0.002637987012987013 0.00701219512195122
0 0.5279017857142857 0.538109756097561 0.004261363636363636 0.004878048780487805
0 0.5842126623376623 0.5385670731707317 0.004464285714285714 0.005182926829268293
1 0.6324066558441559 0.541310975609756 0.005478896103896104 0.0039634146341463415
1 0.6008522727272727 0.5414634146341464 0.003246753246753247 0.0024390243902439024
1 0.5205965909090909 0.543140243902439 0.005478896103896104 0.0039634146341463415
1 0.6007508116883117 0.5448170731707317 0.0034496753246753245 0.0024390243902439024
1 0.6264204545454546 0.5448170731707317 0.004058441558441558 0.003658536585365854
0 0.5967938311688312 0.5457317073170732 0.002840909090909091 0.00853658536585366
0 0.5205965909090909 0.5471036585365854 0.00588474025974026 0.0039634146341463415
0 0.5276988636363636 0.5474085365853658 0.005073051948051948 0.005792682926829268
1 0.6268262987012987 0.5478658536585366 0.004058441558441558 0.003048780487804878
0 0.5843141233766234 0.5480182926829268 0.004261363636363636 0.004573170731707317
1 0.6363636363636364 0.5516768292682926 0.002840909090909091 0.008231707317073171
0 0.6265219155844156 0.5551829268292683 0.004667207792207792 0.010365853658536586
0 0.5843141233766234 0.555640243902439 0.004261363636363636 0.004573170731707317
0 0.5278003246753247 0.556859756097561 0.004464285714285714 0.005792682926829268
1 0.6318993506493507 0.5573170731707318 0.005275974025974026 0.004878048780487805
0 0.48082386363636365 0.5577743902439024 0.0034496753246753245 0.0064024390243902435
0 0.5994318181818182 0.566920731707317 0.004464285714285714 0.005182926829268293
0 0.5843141233766234 0.567530487804878 0.0038555194805194805 0.003353658536585366
0 0.5281047077922078 0.56875 0.004261363636363636 0.005182926829268293
1 0.5946631493506493 0.56875 0.0018262987012987013 0.005182926829268293
1 0.5924310064935064 0.5689024390243902 0.002232142857142857 0.00548780487804878
1 0.5879667207792207 0.5708841463414634 0.0034496753246753245 0.003353658536585366
0 0.5280032467532467 0.5775914634146342 0.00487012987012987 0.005182926829268293
1 0.5929383116883117 0.5833841463414634 0.002435064935064935 0.005792682926829268
1 0.5863433441558441 0.583689024390244 0.0018262987012987013 0.005792682926829268
1 0.588575487012987 0.583689024390244 0.0018262987012987013 0.005792682926829268
1 0.5908076298701299 0.583689024390244 0.0018262987012987013 0.005792682926829268
0 0.583400974025974 0.5838414634146342 0.002435064935064935 0.007317073170731708
0 0.5278003246753247 0.5846036585365854 0.004464285714285714 0.005182926829268293
1 0.5802556818181818 0.5935975609756098 0.002232142857142857 0.00548780487804878
1 0.5845170454545454 0.59375 0.002637987012987013 0.005182926829268293
1 0.5823863636363636 0.5939024390243902 0.002435064935064935 0.004878048780487805
0 0.5384537337662337 0.5983231707317073 0.004667207792207792 0.004573170731707317
1 0.5764001623376623 0.5990853658536586 0.003043831168831169 0.00853658536585366
0 0.5576298701298701 0.5992378048780488 0.003246753246753247 0.0064024390243902435
1 0.5615868506493507 0.5992378048780488 0.002637987012987013 0.005182926829268293
0 0.565137987012987 0.599390243902439 0.002840909090909091 0.007317073170731708
0 0.5692978896103896 0.599390243902439 0.002637987012987013 0.006097560975609756
0 0.573051948051948 0.5995426829268292 0.002840909090909091 0.00701219512195122
0 0.5462662337662337 0.5996951219512195 0.002840909090909091 0.007317073170731708
0 0.5515422077922078 0.5996951219512195 0.002840909090909091 0.006707317073170732
0 0.49492694805194803 0.6013719512195121 0.004058441558441558 0.005182926829268293
0 0.5046672077922078 0.6015243902439025 0.006087662337662338 0.006707317073170732
1 0.5616883116883117 0.6051829268292683 0.002029220779220779 0.004878048780487805
1 0.5766030844155844 0.6085365853658536 0.003043831168831169 0.007317073170731708
0 0.5733563311688312 0.6086890243902439 0.003043831168831169 0.007621951219512195
0 0.5384537337662337 0.6091463414634146 0.00588474025974026 0.006707317073170732
1 0.5642248376623377 0.6097560975609756 0.0018262987012987013 0.004878048780487805
1 0.5590503246753247 0.6099085365853658 0.002029220779220779 0.005792682926829268
1 0.5537743506493507 0.6100609756097561 0.002029220779220779 0.006097560975609756
1 0.5564123376623377 0.6100609756097561 0.002029220779220779 0.006097560975609756
1 0.5615868506493507 0.6111280487804878 0.0018262987012987013 0.005792682926829268
2 0.6263189935064936 0.614939024390244 0.018465909090909092 0.020731707317073172
0 0.619724025974026 0.6332317073170731 0.004464285714285714 0.01097560975609756
1 0.5118709415584416 0.6403963414634146 0.008319805194805194 0.005792682926829268
