2 0.6862980769230769 0.3557692307692308 0.021634615384615384 0.014423076923076924
2 0.6875 0.37740384615384615 0.02403846153846154 0.014423076923076924
2 0.4014423076923077 0.7079326923076923 0.019230769230769232 0.016826923076923076
2 0.3870192307692308 0.7271634615384616 0.02403846153846154 0.016826923076923076
2 0.35096153846153844 0.36658653846153844 0.02403846153846154 0.016826923076923076
2 0.3293269230769231 0.41346153846153844 0.02403846153846154 0.019230769230769232
2 0.3293269230769231 0.4651442307692308 0.009615384615384616 0.007211538461538462
2 0.2764423076923077 0.44471153846153844 0.019230769230769232 0.014423076923076924
2 0.24519230769230768 0.3641826923076923 0.02403846153846154 0.016826923076923076
2 0.25 0.5060096153846154 0.02403846153846154 0.021634615384615384
2 0.2403846153846154 0.390625 0.028846153846153848 0.016826923076923076
2 0.21394230769230768 0.4375 0.009615384615384616 0.009615384615384616
