2 0.5973557692307693 0.5288461538461539 0.01201923076923077 0.009615384615384616
2 0.59375 0.5120192307692307 0.009615384615384616 0.009615384615384616
2 0.5961538461538461 0.5192307692307693 0.009615384615384616 0.009615384615384616
2 0.5913461538461539 0.5048076923076923 0.009615384615384616 0.009615384615384616
2 0.5889423076923077 0.49759615384615385 0.009615384615384616 0.009615384615384616
2 0.5865384615384616 0.4879807692307692 0.009615384615384616 0.009615384615384616
2 0.59375 0.5432692307692307 0.009615384615384616 0.019230769230769232
2 0.5865384615384616 0.5456730769230769 0.009615384615384616 0.019230769230769232
2 0.6009615384615384 0.6177884615384616 0.009615384615384616 0.019230769230769232
2 0.5913461538461539 0.6177884615384616 0.009615384615384616 0.019230769230769232
2 0.5492788461538461 0.4170673076923077 0.01201923076923077 0.016826923076923076
2 0.5733173076923077 0.5925480769230769 0.01201923076923077 0.021634615384615384
2 0.5552884615384616 0.5072115384615384 0.028846153846153848 0.009615384615384616
2 0.5528846153846154 0.5024038461538461 0.028846153846153848 0.009615384615384616
2 0.5300480769230769 0.43509615384615385 0.03125 0.019230769230769232
2 0.5288461538461539 0.5048076923076923 0.009615384615384616 0.019230769230769232
2 0.5216346153846154 0.5048076923076923 0.009615384615384616 0.019230769230769232
2 0.5168269230769231 0.4855769230769231 0.009615384615384616 0.019230769230769232
2 0.5096153846153846 0.4735576923076923 0.02403846153846154 0.009615384615384616
2 0.5108173076923077 0.48677884615384615 0.01201923076923077 0.021634615384615384
2 0.5132211538461539 0.5072115384615384 0.01201923076923077 0.019230769230769232
2 0.5576923076923077 0.7355769230769231 0.038461538461538464 0.038461538461538464
2 0.515625 0.6201923076923077 0.01201923076923077 0.019230769230769232
2 0.47836538461538464 0.4807692307692308 0.02403846153846154 0.009615384615384616
2 0.47596153846153844 0.515625 0.009615384615384616 0.016826923076923076
2 0.5192307692307693 0.7548076923076923 0.052884615384615384 0.03365384615384615
2 0.41466346153846156 0.5288461538461539 0.01201923076923077 0.019230769230769232
2 0.43990384615384615 0.6550480769230769 0.009615384615384616 0.016826923076923076
2 0.4074519230769231 0.5024038461538461 0.026442307692307692 0.009615384615384616
2 0.43509615384615385 0.671875 0.009615384615384616 0.016826923076923076
2 0.4495192307692308 0.7548076923076923 0.038461538461538464 0.038461538461538464
2 0.41225961538461536 0.6526442307692307 0.01201923076923077 0.021634615384615384
2 0.4074519230769231 0.6298076923076923 0.01201923076923077 0.019230769230769232
2 0.4014423076923077 0.6550480769230769 0.009615384615384616 0.016826923076923076
2 0.3954326923076923 0.6322115384615384 0.01201923076923077 0.019230769230769232
2 0.3894230769230769 0.5985576923076923 0.02403846153846154 0.009615384615384616
2 0.36778846153846156 0.5985576923076923 0.02403846153846154 0.009615384615384616
2 0.3629807692307692 0.5853365384615384 0.009615384615384616 0.016826923076923076
2 0.3545673076923077 0.5877403846153846 0.01201923076923077 0.016826923076923076
