2 0.36444805194805197 0.30625 0.013798701298701298 0.021646341463414633
2 0.38524756493506496 0.3079268292682927 0.011972402597402598 0.023170731707317073
1 0.37540584415584416 0.30838414634146344 0.00487012987012987 0.019817073170731708
1 0.3557224025974026 0.3100609756097561 0.004464285714285714 0.016463414634146342
1 0.6479301948051948 0.3429878048780488 0.00487012987012987 0.012804878048780487
1 0.49441964285714285 0.3463414634146341 0.005073051948051948 0.011585365853658536
0 0.6930803571428571 0.3486280487804878 0.014407467532467532 0.017378048780487806
1 0.5071022727272727 0.35335365853658535 0.002840909090909091 0.007317073170731708
1 0.5435267857142857 0.35533536585365855 0.0038555194805194805 0.009451219512195122
1 0.5476866883116883 0.3564024390243902 0.003246753246753247 0.010365853658536586
1 0.5681818181818182 0.36082317073170733 0.004058441558441558 0.008231707317073171
1 0.5645292207792207 0.36585365853658536 0.010146103896103896 0.011585365853658536
1 0.5903003246753247 0.3666158536585366 0.004464285714285714 0.010060975609756098
1 0.5800527597402597 0.3669207317073171 0.004667207792207792 0.011280487804878048
1 0.5736607142857143 0.3673780487804878 0.006899350649350649 0.014634146341463415
1 0.5853287337662337 0.37088414634146344 0.004261363636363636 0.010060975609756098
0 0.6950081168831169 0.37362804878048783 0.020698051948051948 0.019817073170731708
0 0.6189123376623377 0.37728658536585363 0.00974025974025974 0.019817073170731708
0 0.43009334415584416 0.37926829268292683 0.040381493506493504 0.06463414634146342
1 0.6417410714285714 0.37926829268292683 0.004261363636363636 0.012195121951219513
0 0.5943587662337663 0.38185975609756095 0.013798701298701298 0.02347560975609756
0 0.6673092532467533 0.38246951219512193 0.011972402597402598 0.021646341463414633
0 0.5107548701298701 0.3871951219512195 0.011363636363636364 0.01707317073170732
1 0.538961038961039 0.38917682926829267 0.006493506493506494 0.005792682926829268
0 0.6202313311688312 0.39451219512195124 0.008319805194805194 0.018292682926829267
0 0.6753246753246753 0.3978658536585366 0.010957792207792208 0.018902439024390243
1 0.5759943181818182 0.39984756097560975 0.005073051948051948 0.013719512195121951
1 0.5595576298701299 0.40198170731707317 0.005478896103896104 0.011890243902439025
0 0.35379464285714285 0.41814024390243903 0.011972402597402598 0.018597560975609755
0 0.4645900974025974 0.42378048780487804 0.016030844155844156 0.027439024390243903
0 0.4484577922077922 0.4242378048780488 0.015016233766233766 0.02103658536585366
1 0.39174107142857145 0.43353658536585366 0.004667207792207792 0.01097560975609756
0 0.4197443181818182 0.43582317073170734 0.032670454545454544 0.05213414634146341
0 0.3565340909090909 0.4454268292682927 0.013392857142857142 0.016463414634146342
1 0.38443587662337664 0.44740853658536583 0.0038555194805194805 0.011280487804878048
1 0.380275974025974 0.4475609756097561 0.004058441558441558 0.00975609756097561
0 0.5804586038961039 0.4533536585365854 0.01075487012987013 0.015853658536585366
0 0.3666801948051948 0.46539634146341463 0.010957792207792208 0.02103658536585366
0 0.4498782467532468 0.4733231707317073 0.013798701298701298 0.01920731707317073
0 0.5759943181818182 0.474390243902439 0.011160714285714286 0.01707317073170732
0 0.3926542207792208 0.48033536585365855 0.010551948051948052 0.017378048780487806
1 0.36860795454545453 0.5065548780487805 0.005478896103896104 0.0125
0 0.5749797077922078 0.511890243902439 0.011566558441558442 0.015853658536585366
1 0.5611810064935064 0.5182926829268293 0.003043831168831169 0.00975609756097561
1 0.5568181818181818 0.5189024390243903 0.003246753246753247 0.00853658536585366
1 0.775872564935065 0.524390243902439 0.011566558441558442 0.006097560975609756
0 0.5820819805194806 0.5245426829268293 0.010349025974025974 0.014329268292682927
0 0.4468344155844156 0.5332317073170731 0.014204545454545454 0.021341463414634148
0 0.432224025974026 0.5364329268292682 0.01176948051948052 0.01676829268292683
1 0.7765827922077922 0.538109756097561 0.011363636363636364 0.006097560975609756
1 0.356838474025974 0.5474085365853658 0.0034496753246753245 0.011280487804878048
1 0.7809456168831169 0.5513719512195122 0.011566558441558442 0.007621951219512195
0 0.4056412337662338 0.5525914634146342 0.013392857142857142 0.015548780487804878
0 0.4645900974025974 0.5626524390243902 0.01075487012987013 0.020426829268292684
1 0.7806412337662337 0.5638719512195122 0.012581168831168832 0.008231707317073171
1 0.32305194805194803 0.5708841463414634 0.00487012987012987 0.010060975609756098
0 0.4550527597402597 0.5756097560975609 0.01359577922077922 0.018902439024390243
0 0.4054383116883117 0.5763719512195122 0.010957792207792208 0.020426829268292684
1 0.328023538961039 0.5768292682926829 0.004667207792207792 0.011585365853658536
0 0.38058035714285715 0.5827743902439024 0.011972402597402598 0.016158536585365854
0 0.5655438311688312 0.5922256097560976 0.017857142857142856 0.018597560975609755
0 0.5458603896103896 0.5934451219512196 0.011363636363636364 0.013719512195121951
0 0.6860795454545454 0.6012195121951219 0.012175324675324676 0.01097560975609756
2 0.7021103896103896 0.6097560975609756 0.017045454545454544 0.018902439024390243
0 0.544237012987013 0.6108231707317073 0.010551948051948052 0.01676829268292683
0 0.5590503246753247 0.6153963414634146 0.010957792207792208 0.014939024390243902
2 0.7208806818181818 0.6254573170731708 0.015625 0.02225609756097561
0 0.7041396103896104 0.6332317073170731 0.01176948051948052 0.00975609756097561
2 0.35846185064935066 0.6420731707317073 0.015219155844155844 0.023170731707317073
1 0.5733563311688312 0.6432926829268293 0.004261363636363636 0.011585365853658536
1 0.577922077922078 0.6466463414634146 0.0036525974025974025 0.010365853658536586
0 0.6002435064935064 0.6609756097560976 0.015827922077922076 0.01707317073170732
2 0.4049310064935065 0.6673780487804878 0.016436688311688312 0.024390243902439025
0 0.726765422077922 0.6679878048780488 0.011566558441558442 0.007317073170731708
2 0.4567775974025974 0.6698170731707317 0.007711038961038961 0.007926829268292683
0 0.7614650974025974 0.6772865853658536 0.013189935064935064 0.014939024390243902
0 0.6226663961038961 0.6778963414634146 0.012378246753246754 0.021646341463414633
0 0.4197443181818182 0.6789634146341463 0.011972402597402598 0.009146341463414634
1 0.4986810064935065 0.6800304878048781 0.006290584415584416 0.005792682926829268
1 0.5943587662337663 0.6803353658536585 0.006493506493506494 0.00701219512195122
0 0.575588474025974 0.6939024390243902 0.01359577922077922 0.020121951219512196
1 0.5045657467532467 0.7007621951219513 0.008319805194805194 0.0064024390243902435
0 0.5584415584415584 0.7009146341463415 0.015016233766233766 0.012195121951219513
1 0.7139813311688312 0.7047256097560975 0.006696428571428571 0.00701219512195122
0 0.5243506493506493 0.7108231707317073 0.012581168831168832 0.01798780487804878
0 0.5376420454545454 0.7117378048780488 0.011566558441558442 0.019817073170731708
1 0.502637987012987 0.7138719512195122 0.006899350649350649 0.005792682926829268
0 0.5549918831168831 0.719359756097561 0.015016233766233766 0.01676829268292683
2 0.43131087662337664 0.7210365853658537 0.015219155844155844 0.020731707317073172
0 0.406351461038961 0.723170731707317 0.009943181818181818 0.018902439024390243
1 0.7913961038961039 0.7248475609756098 0.004464285714285714 0.010670731707317074
2 0.3503449675324675 0.748780487804878 0.015625 0.025609756097560974
2 0.49127435064935066 0.7496951219512196 0.020292207792207792 0.02378048780487805
2 0.37794237012987014 0.7545731707317073 0.014001623376623376 0.029878048780487804
1 0.7023133116883117 0.7583841463414634 0.007711038961038961 0.0064024390243902435
1 0.7023133116883117 0.7660060975609756 0.006899350649350649 0.007621951219512195
1 0.7789163961038961 0.7660060975609756 0.005478896103896104 0.008841463414634146
0 0.484476461038961 0.7736280487804879 0.009943181818181818 0.014329268292682927
0 0.6312905844155844 0.774390243902439 0.01461038961038961 0.020121951219512196
0 0.5173498376623377 0.7771341463414634 0.00872564935064935 0.01707317073170732
0 0.5923295454545454 0.7786585365853659 0.008928571428571428 0.01768292682926829
0 0.6060267857142857 0.7788109756097561 0.008319805194805194 0.024085365853658537
0 0.531148538961039 0.7789634146341463 0.009537337662337662 0.01707317073170732
0 0.6184050324675324 0.7807926829268292 0.011160714285714286 0.01707317073170732
0 0.5734577922077922 0.7817073170731708 0.011363636363636364 0.016463414634146342
2 0.4226866883116883 0.7833841463414634 0.008928571428571428 0.008231707317073171
