2 0.41225961538461536 0.453125 0.01201923076923077 0.007211538461538462
2 0.4110576923076923 0.4699519230769231 0.009615384615384616 0.007211538461538462
2 0.41346153846153844 0.46274038461538464 0.009615384615384616 0.007211538461538462
2 0.4110576923076923 0.4795673076923077 0.009615384615384616 0.007211538461538462
2 0.41346153846153844 0.48677884615384615 0.009615384615384616 0.007211538461538462
2 0.41346153846153844 0.49399038461538464 0.009615384615384616 0.007211538461538462
2 0.41947115384615385 0.43990384615384615 0.007211538461538462 0.019230769230769232
2 0.4266826923076923 0.43990384615384615 0.007211538461538462 0.019230769230769232
2 0.4266826923076923 0.36538461538461536 0.007211538461538462 0.019230769230769232
2 0.4362980769230769 0.36538461538461536 0.007211538461538462 0.019230769230769232
2 0.43509615384615385 0.5721153846153846 0.009615384615384616 0.014423076923076924
2 0.4495192307692308 0.39663461538461536 0.009615384615384616 0.019230769230769232
2 0.44711538461538464 0.4831730769230769 0.028846153846153848 0.004807692307692308
2 0.4495192307692308 0.4879807692307692 0.028846153846153848 0.004807692307692308
2 0.45913461538461536 0.5576923076923077 0.028846153846153848 0.014423076923076924
2 0.47475961538461536 0.49278846153846156 0.007211538461538462 0.019230769230769232
2 0.4795673076923077 0.49278846153846156 0.007211538461538462 0.019230769230769232
2 0.48197115384615385 0.5120192307692307 0.007211538461538462 0.019230769230769232
2 0.4879807692307692 0.5240384615384616 0.02403846153846154 0.004807692307692308
2 0.4879807692307692 0.5120192307692307 0.009615384615384616 0.019230769230769232
2 0.4879807692307692 0.49158653846153844 0.009615384615384616 0.016826923076923076
2 0.49278846153846156 0.25961538461538464 0.03365384615384615 0.03365384615384615
2 0.5120192307692307 0.38100961538461536 0.009615384615384616 0.016826923076923076
2 0.5192307692307693 0.5240384615384616 0.02403846153846154 0.004807692307692308
2 0.5276442307692307 0.4891826923076923 0.007211538461538462 0.016826923076923076
2 0.5360576923076923 0.24759615384615385 0.04807692307692308 0.02403846153846154
2 0.5889423076923077 0.4891826923076923 0.009615384615384616 0.016826923076923076
2 0.5925480769230769 0.36177884615384615 0.007211538461538462 0.016826923076923076
2 0.5925480769230769 0.5168269230769231 0.026442307692307692 0.004807692307692308
2 0.5997596153846154 0.3449519230769231 0.007211538461538462 0.016826923076923076
2 0.6033653846153846 0.2620192307692308 0.03365384615384615 0.03365384615384615
2 0.6177884615384616 0.3701923076923077 0.009615384615384616 0.019230769230769232
2 0.6201923076923077 0.39302884615384615 0.009615384615384616 0.016826923076923076
2 0.6286057692307693 0.3713942307692308 0.007211538461538462 0.016826923076923076
2 0.6298076923076923 0.39302884615384615 0.009615384615384616 0.016826923076923076
2 0.6298076923076923 0.42788461538461536 0.02403846153846154 0.004807692307692308
2 0.6514423076923077 0.4326923076923077 0.02403846153846154 0.004807692307692308
2 0.6526442307692307 0.44591346153846156 0.007211538461538462 0.016826923076923076
2 0.6610576923076923 0.44471153846153844 0.009615384615384616 0.014423076923076924
