2 0.29086538461538464 0.38822115384615385 0.02403846153846154 0.016826923076923076
2 0.296875 0.4110576923076923 0.026442307692307692 0.014423076923076924
2 0.6334134615384616 0.6875 0.021634615384615384 0.019230769230769232
2 0.6526442307692307 0.7055288461538461 0.026442307692307692 0.016826923076923076
2 0.6237980769230769 0.3425480769230769 0.026442307692307692 0.016826923076923076
2 0.6550480769230769 0.3870192307692308 0.026442307692307692 0.019230769230769232
2 0.6634615384615384 0.4362980769230769 0.009615384615384616 0.007211538461538462
2 0.7127403846153846 0.4050480769230769 0.021634615384615384 0.016826923076923076
2 0.7295673076923077 0.32091346153846156 0.026442307692307692 0.016826923076923076
2 0.7487980769230769 0.46274038461538464 0.026442307692307692 0.021634615384615384
2 0.7391826923076923 0.3473557692307692 0.03125 0.016826923076923076
2 0.7716346153846154 0.3894230769230769 0.009615384615384616 0.009615384615384616
