2 0.6598557692307693 0.3245192307692308 0.016826923076923076 0.02403846153846154
2 0.6370192307692307 0.3233173076923077 0.014423076923076924 0.026442307692307692
2 0.2860576923076923 0.5853365384615384 0.019230769230769232 0.021634615384615384
2 0.265625 0.5973557692307693 0.016826923076923076 0.026442307692307692
2 0.6237980769230769 0.6598557692307693 0.016826923076923076 0.026442307692307692
2 0.5745192307692307 0.6790865384615384 0.019230769230769232 0.026442307692307692
2 0.5228365384615384 0.6730769230769231 0.007211538461538462 0.009615384615384616
2 0.5420673076923077 0.7295673076923077 0.016826923076923076 0.021634615384615384
2 0.6189903846153846 0.765625 0.016826923076923076 0.026442307692307692
2 0.4795673076923077 0.7487980769230769 0.021634615384615384 0.026442307692307692
2 0.5901442307692307 0.7680288461538461 0.016826923076923076 0.03125
2 0.5432692307692307 0.7908653846153846 0.009615384615384616 0.009615384615384616
