2 0.5240384615384616 0.4014423076923077 0.009615384615384616 0.014423076923076924
2 0.5072115384615384 0.4074519230769231 0.009615384615384616 0.01201923076923077
2 0.5144230769230769 0.4050480769230769 0.009615384615384616 0.01201923076923077
2 0.5 0.4098557692307692 0.009615384615384616 0.01201923076923077
2 0.49278846153846156 0.41225961538461536 0.009615384615384616 0.01201923076923077
2 0.4831730769230769 0.41466346153846156 0.009615384615384616 0.01201923076923077
2 0.5384615384615384 0.4050480769230769 0.019230769230769232 0.01201923076923077
2 0.5408653846153846 0.41225961538461536 0.019230769230769232 0.01201923076923077
2 0.6105769230769231 0.3954326923076923 0.019230769230769232 0.01201923076923077
2 0.6129807692307693 0.4026442307692308 0.019230769230769232 0.01201923076923077
2 0.41466346153846156 0.45552884615384615 0.016826923076923076 0.01201923076923077
2 0.5877403846153846 0.4254807692307692 0.021634615384615384 0.014423076923076924
2 0.5036057692307693 0.44471153846153844 0.01201923076923077 0.028846153846153848
2 0.4987980769230769 0.44711538461538464 0.01201923076923077 0.028846153846153848
2 0.4338942307692308 0.47475961538461536 0.021634615384615384 0.03125
2 0.5024038461538461 0.4723557692307692 0.019230769230769232 0.01201923076923077
2 0.5048076923076923 0.4795673076923077 0.019230769230769232 0.01201923076923077
2 0.4831730769230769 0.484375 0.019230769230769232 0.01201923076923077
2 0.4735576923076923 0.49278846153846156 0.009615384615384616 0.02403846153846154
2 0.48677884615384615 0.49038461538461536 0.021634615384615384 0.014423076923076924
2 0.5048076923076923 0.4879807692307692 0.019230769230769232 0.014423076923076924
2 0.7319711538461539 0.43149038461538464 0.040865384615384616 0.040865384615384616
2 0.6177884615384616 0.4807692307692308 0.019230769230769232 0.014423076923076924
2 0.4807692307692308 0.5240384615384616 0.009615384615384616 0.02403846153846154
2 0.5168269230769231 0.5252403846153846 0.019230769230769232 0.01201923076923077
2 0.7536057692307693 0.46875 0.036057692307692304 0.052884615384615384
2 0.5336538461538461 0.5841346153846154 0.019230769230769232 0.014423076923076924
2 0.65625 0.5540865384615384 0.019230769230769232 0.01201923076923077
2 0.5084134615384616 0.5925480769230769 0.01201923076923077 0.026442307692307692
2 0.6754807692307693 0.5564903846153846 0.019230769230769232 0.01201923076923077
2 0.7560096153846154 0.5372596153846154 0.040865384615384616 0.040865384615384616
2 0.6574519230769231 0.5817307692307693 0.021634615384615384 0.014423076923076924
2 0.6346153846153846 0.5865384615384616 0.019230769230769232 0.014423076923076924
2 0.6586538461538461 0.5901442307692307 0.019230769230769232 0.01201923076923077
2 0.6370192307692307 0.5985576923076923 0.019230769230769232 0.014423076923076924
2 0.6057692307692307 0.6057692307692307 0.009615384615384616 0.02403846153846154
2 0.6033653846153846 0.6274038461538461 0.009615384615384616 0.02403846153846154
2 0.5913461538461539 0.6334134615384616 0.019230769230769232 0.01201923076923077
2 0.5949519230769231 0.640625 0.016826923076923076 0.01201923076923077
