1 0.6174157873376623 0.4513353658536586 0.007153003246753247 0.0038902439024390244
1 0.6178896103896104 0.4562987804878049 0.008100649350649351 0.004670731707317073
0 0.5021306818181818 0.46189024390243905 0.003043831168831169 0.010365853658536586
1 0.553768262987013 0.462234756097561 0.007698863636363636 0.005567073170731708
0 0.5620941558441559 0.4657012195121951 0.003246753246753247 0.009451219512195122
0 0.6173518668831168 0.4656509146341464 0.005401785714285715 0.005082317073170732
1 0.5532883522727273 0.4665762195121951 0.00755073051948052 0.00449390243902439
0 0.5431686282467533 0.47199237804878047 0.01247362012987013 0.02264329268292683
0 0.5938595779220779 0.4723231707317073 0.014829545454545455 0.019036585365853658
1 0.6149441964285715 0.4731112804878049 0.007079951298701299 0.0047591463414634145
0 0.5311282467532468 0.47341158536585365 0.013555194805194805 0.016335365853658537
0 0.4930580357142857 0.47536128048780485 0.01736607142857143 0.025722560975609758
0 0.6279241071428571 0.4762606707317073 0.0034131493506493506 0.009838414634146343
0 0.6247331574675324 0.47681554878048776 0.003524756493506494 0.009728658536585366
1 0.5515422077922078 0.4768292682926829 0.005681818181818182 0.003658536585365854
0 0.6072757711038962 0.4779024390243902 0.010817775974025974 0.01921951219512195
1 0.5727932224025973 0.4790548780487805 0.0031351461038961036 0.010548780487804879
1 0.5653764204545455 0.4796082317073171 0.0025060876623376623 0.010435975609756096
2 0.569020900974026 0.4797057926829268 0.0033015422077922077 0.010631097560975609
1 0.5811059253246753 0.4798018292682927 0.002309253246753247 0.008384146341463415
2 0.585450487012987 0.4798719512195122 0.00450487012987013 0.010353658536585366
1 0.5515422077922078 0.48109756097560974 0.006087662337662338 0.00426829268292683
0 0.5588078327922078 0.4810640243902439 0.0031676136363636364 0.009079268292682928
0 0.5556767451298701 0.4813551829268293 0.0025872564935064935 0.009661585365853658
1 0.5884638798701298 0.4864420731707317 0.002820616883116883 0.009469512195121951
0 0.5289163961038961 0.4864329268292683 0.006290584415584416 0.004573170731707317
2 0.47184253246753244 0.4910182926829268 0.03215909090909091 0.04910975609756098
0 0.5543760146103897 0.4930548780487805 0.0044500811688311685 0.011109756097560975
1 0.5730194805194806 0.49310823170731705 0.002775974025974026 0.008777439024390243
0 0.5618618100649351 0.4935533536585366 0.003187905844155844 0.009057926829268294
1 0.5647230113636363 0.4934664634146341 0.002822646103896104 0.00949390243902439
1 0.5670028409090909 0.4934481707317073 0.002512175324675325 0.008847560975609755
1 0.5701308847402597 0.4935746951219512 0.0026806006493506496 0.008490853658536586
1 0.6024746347402598 0.49389939024390245 0.006897321428571429 0.005481707317073171
1 0.5870992288961039 0.49819664634146343 0.002120535714285714 0.009807926829268293
1 0.5838169642857143 0.49830792682926833 0.0036728896103896107 0.01125
0 0.5904748376623377 0.49857164634146345 0.004407467532467532 0.009948170731707317
2 0.6025943587662338 0.4995685975609756 0.005919237012987013 0.005234756097560976
1 0.49492694805194803 0.5025914634146341 0.006087662337662338 0.004573170731707317
0 0.5010146103896104 0.5027439024390243 0.006087662337662338 0.00426829268292683
0 0.5179474431818182 0.5043079268292683 0.013167613636363637 0.01471341463414634
1 0.6026592938311689 0.504905487804878 0.0056432629870129866 0.004323170731707317
0 0.5864813311688312 0.5069710365853659 0.009001623376623377 0.0060152439024390245
1 0.5458603896103896 0.5080792682926829 0.006493506493506494 0.004573170731707317
0 0.4849969561688312 0.509109756097561 0.00002637987012987013 0.0005365853658536586
1 0.6026217532467532 0.5096890243902439 0.0063798701298701304 0.005353658536585365
0 0.585919237012987 0.5121280487804878 0.0070657467532467535 0.005353658536585365
1 0.5459618506493507 0.5138719512195122 0.006290584415584416 0.004573170731707317
2 0.6022250405844155 0.5142911585365854 0.006398133116883117 0.006021341463414634
1 0.6012479707792208 0.520126524390244 0.006879058441558441 0.005496951219512196
0 0.5860480925324676 0.5212896341463414 0.007323457792207793 0.006603658536585366
0 0.5465706168831169 0.5228658536585366 0.006290584415584416 0.00426829268292683
0 0.5157782061688312 0.5237896341463415 0.014105113636363638 0.01648170731707317
0 0.5263626217532468 0.5256371951219512 0.006864853896103896 0.004932926829268293
1 0.4588068181818182 0.5286585365853659 0.005681818181818182 0.004878048780487805
1 0.4650974025974026 0.5289634146341463 0.006087662337662338 0.004878048780487805
1 0.6087662337662337 0.53125 0.006493506493506494 0.005182926829268293
0 0.5480925324675324 0.5314024390243902 0.004058441558441558 0.012195121951219513
0 0.6185064935064936 0.5330792682926829 0.006493506493506494 0.005182926829268293
0 0.4996398133116883 0.5344359756097561 0.01835430194805195 0.026189024390243905
0 0.48792613636363635 0.5359756097560976 0.002637987012987013 0.009146341463414634
0 0.481737012987013 0.5361280487804878 0.002435064935064935 0.010060975609756098
0 0.4849837662337662 0.5361280487804878 0.002840909090909091 0.009451219512195122
2 0.6084618506493507 0.5365853658536586 0.006290584415584416 0.004878048780487805
1 0.5195474837662337 0.5369878048780488 0.0029748376623376623 0.011170731707317073
1 0.5167157061688312 0.5372378048780488 0.003804788961038961 0.010451219512195123
1 0.6087662337662337 0.5417682926829268 0.006087662337662338 0.004878048780487805
0 0.4659090909090909 0.542530487804878 0.006899350649350649 0.004573170731707317
0 0.5755387581168832 0.5464054878048781 0.0037560876623376625 0.009884146341463415
1 0.5789793019480519 0.5464954268292683 0.003737824675324676 0.010673780487804877
1 0.5643262987012987 0.5464939024390244 0.002840909090909091 0.010060975609756098
0 0.5869521103896104 0.5466387195121951 0.00588474025974026 0.010960365853658538
1 0.5820099431818182 0.5466204268292683 0.0033056006493506493 0.010314024390243901
0 0.5722118506493507 0.5468719512195122 0.004001623376623377 0.008378048780487805
0 0.549614448051948 0.5467987804878048 0.003043831168831169 0.010670731707317074
1 0.5526582792207793 0.5467987804878048 0.002637987012987013 0.010670731707317074
1 0.5556006493506493 0.5467987804878048 0.002840909090909091 0.010670731707317074
1 0.5585430194805194 0.5467987804878048 0.002637987012987013 0.010670731707317074
0 0.5613839285714286 0.5467987804878048 0.002637987012987013 0.011280487804878048
1 0.5447443181818182 0.5469512195121952 0.004261363636363636 0.01097560975609756
0 0.4706777597402597 0.5501524390243903 0.00588474025974026 0.004573170731707317
0 0.47696834415584416 0.5501524390243903 0.006290584415584416 0.004573170731707317
0 0.4835633116883117 0.5503048780487805 0.005681818181818182 0.004878048780487805
0 0.4770698051948052 0.5547256097560975 0.006087662337662338 0.0039634146341463415
0 0.5645140016233766 0.5549801829268293 0.006463068181818182 0.005082317073170732
0 0.576195211038961 0.5553384146341463 0.007098214285714285 0.0045792682926829266
1 0.5706361607142857 0.5553201219512195 0.0061262175324675325 0.004542682926829268
0 0.5525568181818182 0.5583841463414634 0.002840909090909091 0.010060975609756098
1 0.5588474025974026 0.5585365853658537 0.002840909090909091 0.00975609756097561
1 0.5553977272727273 0.5588414634146341 0.002435064935064935 0.00853658536585366
0 0.47686688311688313 0.5596036585365853 0.006493506493506494 0.005182926829268293
1 0.5859496753246753 0.5635716463414634 0.005503246753246754 0.013728658536585366
