2 0.6264092938311688 0.3063551829268293 0.009312094155844155 0.024295731707317074
1 0.48691761363636366 0.31946493902439027 0.026594967532467532 0.009661585365853658
1 0.5578997564935064 0.31998170731707315 0.00419237012987013 0.03691463414634146
1 0.5535744724025974 0.32114786585365857 0.006499594155844156 0.03619817073170732
1 0.5486211444805195 0.3218353658536585 0.004709821428571429 0.037573170731707316
1 0.5398812905844156 0.32204268292682925 0.0058989448051948055 0.03798780487804878
1 0.5444389204545454 0.3222012195121951 0.004868100649350649 0.03586585365853658
1 0.5620708198051948 0.322641768292683 0.00401176948051948 0.03613719512195122
1 0.48807934253246754 0.32535823170731704 0.026889204545454543 0.007423780487804879
1 0.48783786525974027 0.3328673780487805 0.02518871753246753 0.007807926829268293
2 0.5081138392857143 0.3342576219512195 0.008110795454545454 0.02644207317073171
2 0.7355732548701299 0.33616006097560974 0.02106534090909091 0.015003048780487804
2 0.6061312905844155 0.33739024390243905 0.015428165584415584 0.01502439024390244
1 0.48691964285714284 0.338717987804878 0.01320616883116883 0.006704268292682927
1 0.46128754058441557 0.33985518292682926 0.026471185064935062 0.00836890243902439
1 0.43401582792207793 0.3405182926829269 0.02062905844155844 0.006646341463414634
2 0.705408887987013 0.3439862804878049 0.017554788961038962 0.014192073170731706
1 0.4882041396103896 0.34542378048780487 0.01455762987012987 0.007310975609756098
1 0.461424512987013 0.34666006097560975 0.02715097402597403 0.007954268292682927
1 0.7347027191558441 0.35091463414634144 0.021759334415584416 0.007926829268292683
2 0.547333603896104 0.351907012195122 0.017150974025974024 0.014179878048780487
0 0.4325984172077922 0.35292987804878045 0.018200081168831168 0.0052499999999999995
1 0.46111911525974025 0.35332926829268296 0.02938108766233766 0.008487804878048781
1 0.7354728084415584 0.3575167682926829 0.019241071428571427 0.0058871951219512195
0 0.46226663961038966 0.3594283536585366 0.021530032467532465 0.00788109756097561
1 0.7363484172077922 0.3649298780487805 0.019368912337662338 0.00973780487804878
1 0.46093344155844157 0.36685975609756094 0.013587662337662336 0.007500000000000001
1 0.43300527597402594 0.36766310975609756 0.021448863636363637 0.007277439024390244
2 0.4865229301948052 0.368109756097561 0.007542613636363636 0.02524390243902439
1 0.7365493100649351 0.3721463414634147 0.018553165584415585 0.005878048780487805
0 0.508736810064935 0.37313719512195126 0.004892451298701299 0.029201219512195124
1 0.5456118100649351 0.3738582317073171 0.02588271103896104 0.008082317073170732
1 0.5040300324675325 0.3755411585365854 0.006030844155844156 0.03157012195121951
1 0.737260551948052 0.37954420731707317 0.02281655844155844 0.006039634146341463
1 0.7672757711038961 0.3852484756097561 0.019129464285714284 0.0058628048780487805
1 0.7367197646103896 0.3855533536585366 0.01727069805194805 0.007082317073170732
0 0.5271377840909092 0.3858780487804878 0.02018465909090909 0.012609756097560975
0 0.45669034090909094 0.38734451219512195 0.025393668831168833 0.011274390243902439
1 0.6145515422077923 0.3920442073170732 0.02861607142857143 0.00908841463414634
1 0.767260551948052 0.3920426829268293 0.01666396103896104 0.007865853658536585
1 0.7354626623376623 0.3924375 0.01637987012987013 0.010484756097560976
1 0.7357437094155844 0.39837500000000003 0.01653612012987013 0.007115853658536586
1 0.6132792207792207 0.39943292682926834 0.02525974025974026 0.0049634146341463415
1 0.7681747159090909 0.39991920731707314 0.01646306818181818 0.010814024390243902
1 0.524104099025974 0.400390243902439 0.02669845779220779 0.008097560975609756
1 0.7355346996753247 0.4057423780487805 0.013683035714285715 0.007216463414634147
1 0.6141862824675325 0.4060625 0.024638798701298703 0.007246951219512195
1 0.5236191152597403 0.4066661585365854 0.026134334415584413 0.006625
1 0.7354423701298701 0.41183536585365854 0.01471590909090909 0.007207317073170732
1 0.5238088474025974 0.41458689024390244 0.025296266233766233 0.006612804878048781
2 0.663138189935065 0.4197545731707317 0.019458198051948053 0.01389939024390244
1 0.736244926948052 0.4196463414634147 0.018756087662337665 0.006975609756097561
2 0.5777526379870129 0.439219512195122 0.01792410714285714 0.013804878048780488
1 0.546424512987013 0.4415487804878049 0.02385551948051948 0.01175609756097561
1 0.47128348214285715 0.4542195121951219 0.025765016233766234 0.009048780487804877
1 0.4356838474025974 0.4553734756097561 0.028835227272727273 0.007698170731707317
1 0.43463676948051944 0.461859756097561 0.02674107142857143 0.009695121951219512
2 0.6466335227272727 0.4669710365853658 0.019322240259740258 0.013820121951219512
1 0.4930133928571429 0.4670792682926829 0.027828733766233762 0.010378048780487805
1 0.43519683441558443 0.46775 0.026237824675324678 0.009890243902439025
2 0.46056615259740263 0.4678003048780488 0.01934659090909091 0.014259146341463415
2 0.5198792613636364 0.4951173780487805 0.017437094155844157 0.015234756097560975
1 0.4998528814935065 0.5114451219512195 0.007822646103896103 0.036304878048780485
1 0.4998681006493506 0.5584405487804878 0.005823863636363637 0.03578353658536586
2 0.4397067775974026 0.5764344512195122 0.01942978896103896 0.010795731707317072
2 0.4663159496753247 0.5769146341463415 0.018265016233766234 0.01175609756097561
1 0.569812297077922 0.5820442073170732 0.025582386363636363 0.008600609756097562
1 0.5424604301948052 0.5823033536585366 0.02647930194805195 0.007899390243902439
2 0.49324168019480524 0.5957743902439024 0.018139204545454545 0.012890243902439025
2 0.5704048295454546 0.5966798780487804 0.0166213474025974 0.014091463414634147
2 0.54205762987013 0.5972271341463414 0.017962662337662336 0.011527439024390244
2 0.5160075081168831 0.598342987804878 0.01781047077922078 0.011929878048780488
2 0.6859567775974026 0.6181158536585366 0.006653814935064935 0.027085365853658536
1 0.5856260146103897 0.6261905487804879 0.0068851461038961035 0.03957621951219512
1 0.513575487012987 0.6283384146341463 0.004017857142857143 0.03411585365853659
1 0.6328642451298702 0.6573521341463414 0.029527191558441558 0.009216463414634146
1 0.6875618912337662 0.6620625 0.026097808441558443 0.010100609756097561
1 0.7502840909090909 0.6627804878048781 0.027353896103896106 0.010926829268292684
1 0.5500334821428572 0.26527591463414635 0.02539163961038961 0.010429878048780488
1 0.5225720373376623 0.2706143292682927 0.017952516233766234 0.007082317073170732
2 0.4331868912337662 0.27746189024390244 0.019782873376623374 0.014679878048780487
1 0.5232700892857143 0.2782301829268293 0.02137784090909091 0.0076798780487804886
1 0.4774573863636363 0.2809756097560976 0.00929788961038961 0.04548780487804878
1 0.47257812499999996 0.2812484756097561 0.006438717532467533 0.04176524390243903
1 0.46317471590909093 0.2815213414634146 0.006300730519480519 0.034993902439024394
1 0.46762378246753245 0.2828490853658537 0.00505275974025974 0.04252743902439025
1 0.5224786931818182 0.2843765243902439 0.017359983766233766 0.006557926829268293
1 0.5482660308441558 0.28451829268292683 0.01252232142857143 0.005621951219512196
1 0.4586373782467532 0.2853612804878049 0.006154626623376623 0.035966463414634144
0 0.5486059253246753 0.29189634146341464 0.010767045454545454 0.00574390243902439
2 0.5227161120129871 0.2961189024390244 0.01783482142857143 0.014798780487804877
1 0.6348011363636364 0.2990015243902439 0.006615259740259741 0.040076219512195116
