2 0.5721153846153846 0.2800480769230769 0.014423076923076924 0.026442307692307692
2 0.4651442307692308 0.3389423076923077 0.016826923076923076 0.028846153846153848
2 0.6850961538461539 0.28125 0.02403846153846154 0.019230769230769232
2 0.5612980769230769 0.3161057692307692 0.016826923076923076 0.016826923076923076
2 0.6598557692307693 0.2956730769230769 0.021634615384615384 0.019230769230769232
2 0.5072115384615384 0.34615384615384615 0.019230769230769232 0.019230769230769232
2 0.453125 0.37740384615384615 0.01201923076923077 0.02403846153846154
2 0.6382211538461539 0.3798076923076923 0.021634615384615384 0.019230769230769232
2 0.5612980769230769 0.4230769230769231 0.021634615384615384 0.019230769230769232
2 0.6334134615384616 0.43028846153846156 0.021634615384615384 0.019230769230769232
2 0.453125 0.47836538461538464 0.021634615384615384 0.019230769230769232
2 0.5180288461538461 0.49038461538461536 0.021634615384615384 0.019230769230769232
2 0.46274038461538464 0.5889423076923077 0.021634615384615384 0.014423076923076924
2 0.4891826923076923 0.5829326923076923 0.021634615384615384 0.016826923076923076
2 0.5180288461538461 0.5961538461538461 0.021634615384615384 0.019230769230769232
2 0.59375 0.5769230769230769 0.019230769230769232 0.019230769230769232
2 0.5661057692307693 0.5829326923076923 0.021634615384615384 0.016826923076923076
2 0.5420673076923077 0.5925480769230769 0.021634615384615384 0.016826923076923076
2 0.7115384615384616 0.5673076923076923 0.014423076923076924 0.028846153846153848
2 0.3786057692307692 0.30288461538461536 0.021634615384615384 0.019230769230769232
2 0.4699519230769231 0.2980769230769231 0.021634615384615384 0.019230769230769232
