2 0.6971153846153846 0.37740384615384615 0.02403846153846154 0.009615384615384616
2 0.6670673076923077 0.4951923076923077 0.026442307692307692 0.009615384615384616
2 0.6682692307692307 0.26802884615384615 0.014423076923076924 0.021634615384615384
2 0.6658653846153846 0.39663461538461536 0.014423076923076924 0.014423076923076924
2 0.6610576923076923 0.2980769230769231 0.014423076923076924 0.019230769230769232
2 0.6490384615384616 0.45552884615384615 0.014423076923076924 0.016826923076923076
2 0.6322115384615384 0.515625 0.02403846153846154 0.007211538461538462
2 0.5841346153846154 0.3389423076923077 0.014423076923076924 0.019230769230769232
2 0.5625 0.4230769230769231 0.014423076923076924 0.019230769230769232
2 0.5360576923076923 0.35336538461538464 0.014423076923076924 0.019230769230769232
2 0.53125 0.5408653846153846 0.014423076923076924 0.019230769230769232
2 0.5048076923076923 0.4807692307692308 0.014423076923076924 0.019230769230769232
2 0.4230769230769231 0.5600961538461539 0.009615384615384616 0.019230769230769232
2 0.42427884615384615 0.5336538461538461 0.01201923076923077 0.019230769230769232
2 0.40384615384615385 0.5072115384615384 0.014423076923076924 0.019230769230769232
2 0.40384615384615385 0.42908653846153844 0.014423076923076924 0.016826923076923076
2 0.4050480769230769 0.4567307692307692 0.01201923076923077 0.019230769230769232
2 0.4026442307692308 0.4831730769230769 0.01201923076923077 0.019230769230769232
2 0.3870192307692308 0.3112980769230769 0.028846153846153848 0.007211538461538462
2 0.7211538461538461 0.5721153846153846 0.014423076923076924 0.019230769230769232
2 0.7043269230769231 0.4807692307692308 0.014423076923076924 0.019230769230769232
