2 0.47836538461538464 0.4098557692307692 0.019230769230769232 0.016826923076923076
2 0.4795673076923077 0.3954326923076923 0.021634615384615384 0.016826923076923076
2 0.4639423076923077 0.43028846153846156 0.009615384615384616 0.004807692307692308
2 0.43990384615384615 0.4254807692307692 0.009615384615384616 0.004807692307692308
2 0.43028846153846156 0.4254807692307692 0.009615384615384616 0.004807692307692308
2 0.4206730769230769 0.4254807692307692 0.009615384615384616 0.004807692307692308
2 0.40865384615384615 0.4254807692307692 0.009615384615384616 0.004807692307692308
2 0.39903846153846156 0.4230769230769231 0.009615384615384616 0.004807692307692308
2 0.3894230769230769 0.4230769230769231 0.009615384615384616 0.004807692307692308
2 0.3798076923076923 0.4567307692307692 0.009615384615384616 0.004807692307692308
2 0.38221153846153844 0.4495192307692308 0.009615384615384616 0.004807692307692308
2 0.375 0.47596153846153844 0.009615384615384616 0.004807692307692308
2 0.375 0.49038461538461536 0.009615384615384616 0.004807692307692308
2 0.37740384615384615 0.46875 0.009615384615384616 0.004807692307692308
2 0.375 0.4831730769230769 0.009615384615384616 0.004807692307692308
