2 0.40865384615384615 0.5084134615384616 0.019230769230769232 0.021634615384615384
2 0.3942307692307692 0.5072115384615384 0.019230769230769232 0.02403846153846154
2 0.4266826923076923 0.5264423076923077 0.007211538461538462 0.009615384615384616
2 0.4170673076923077 0.5504807692307693 0.007211538461538462 0.009615384615384616
2 0.4170673076923077 0.5600961538461539 0.007211538461538462 0.009615384615384616
2 0.41466346153846156 0.5697115384615384 0.007211538461538462 0.009615384615384616
2 0.41225961538461536 0.5793269230769231 0.007211538461538462 0.009615384615384616
2 0.4098557692307692 0.5889423076923077 0.007211538461538462 0.009615384615384616
2 0.4074519230769231 0.6009615384615384 0.007211538461538462 0.009615384615384616
2 0.4387019230769231 0.6129807692307693 0.007211538461538462 0.009615384615384616
2 0.4338942307692308 0.6105769230769231 0.007211538461538462 0.009615384615384616
2 0.4579326923076923 0.6201923076923077 0.007211538461538462 0.009615384615384616
2 0.4723557692307692 0.6225961538461539 0.007211538461538462 0.009615384615384616
2 0.453125 0.6201923076923077 0.007211538461538462 0.009615384615384616
2 0.4651442307692308 0.6225961538461539 0.007211538461538462 0.009615384615384616
