2 0.41466346153846156 0.5360576923076923 0.016826923076923076 0.019230769230769232
2 0.40024038461538464 0.5372596153846154 0.016826923076923076 0.021634615384615384
2 0.4375 0.5480769230769231 0.004807692307692308 0.009615384615384616
2 0.43509615384615385 0.5721153846153846 0.004807692307692308 0.009615384615384616
2 0.4375 0.5817307692307693 0.004807692307692308 0.009615384615384616
2 0.4375 0.5913461538461539 0.004807692307692308 0.009615384615384616
2 0.43990384615384615 0.6033653846153846 0.004807692307692308 0.009615384615384616
2 0.43990384615384615 0.6129807692307693 0.004807692307692308 0.009615384615384616
2 0.4423076923076923 0.6225961538461539 0.004807692307692308 0.009615384615384616
2 0.47596153846153844 0.625 0.004807692307692308 0.009615384615384616
2 0.46875 0.6274038461538461 0.004807692307692308 0.009615384615384616
2 0.4951923076923077 0.6274038461538461 0.004807692307692308 0.009615384615384616
2 0.5096153846153846 0.6274038461538461 0.004807692307692308 0.009615384615384616
2 0.4879807692307692 0.6274038461538461 0.004807692307692308 0.009615384615384616
2 0.5024038461538461 0.6274038461538461 0.004807692307692308 0.009615384615384616
