2 0.30528846153846156 0.37740384615384615 0.02403846153846154 0.009615384615384616
2 0.33533653846153844 0.4951923076923077 0.026442307692307692 0.009615384615384616
2 0.33413461538461536 0.26802884615384615 0.014423076923076924 0.021634615384615384
2 0.33653846153846156 0.39663461538461536 0.014423076923076924 0.014423076923076924
2 0.34134615384615385 0.2980769230769231 0.014423076923076924 0.019230769230769232
2 0.35096153846153844 0.45552884615384615 0.014423076923076924 0.016826923076923076
2 0.36778846153846156 0.515625 0.02403846153846154 0.007211538461538462
2 0.4182692307692308 0.3389423076923077 0.014423076923076924 0.019230769230769232
2 0.43990384615384615 0.4230769230769231 0.014423076923076924 0.019230769230769232
2 0.46634615384615385 0.35336538461538464 0.014423076923076924 0.019230769230769232
2 0.46875 0.5408653846153846 0.014423076923076924 0.019230769230769232
2 0.4951923076923077 0.4807692307692308 0.014423076923076924 0.019230769230769232
2 0.5769230769230769 0.5600961538461539 0.009615384615384616 0.019230769230769232
2 0.578125 0.5336538461538461 0.01201923076923077 0.019230769230769232
2 0.5961538461538461 0.5072115384615384 0.014423076923076924 0.019230769230769232
2 0.5961538461538461 0.42908653846153844 0.014423076923076924 0.016826923076923076
2 0.5973557692307693 0.4567307692307692 0.01201923076923077 0.019230769230769232
2 0.5997596153846154 0.4831730769230769 0.01201923076923077 0.019230769230769232
2 0.6153846153846154 0.3112980769230769 0.028846153846153848 0.007211538461538462
2 0.27884615384615385 0.5721153846153846 0.014423076923076924 0.019230769230769232
2 0.2956730769230769 0.4807692307692308 0.014423076923076924 0.019230769230769232
