2 0.375 0.5348557692307693 0.004807692307692308 0.007211538461538462
2 0.47115384615384615 0.5564903846153846 0.004807692307692308 0.007211538461538462
2 0.5480769230769231 0.5745192307692307 0.004807692307692308 0.004807692307692308
2 0.5216346153846154 0.5709134615384616 0.004807692307692308 0.007211538461538462
2 0.5961538461538461 0.5853365384615384 0.004807692307692308 0.007211538461538462
2 0.6370192307692307 0.5973557692307693 0.004807692307692308 0.007211538461538462
2 0.5132211538461539 0.6129807692307693 0.002403846153846154 0.004807692307692308
2 0.6081730769230769 0.6310096153846154 0.004807692307692308 0.007211538461538462
2 0.6105769230769231 0.6334134615384616 0.004807692307692308 0.007211538461538462
2 0.5144230769230769 0.6225961538461539 0.004807692307692308 0.004807692307692308
2 0.4879807692307692 0.6165865384615384 0.004807692307692308 0.007211538461538462
2 0.5961538461538461 0.6430288461538461 0.014423076923076924 0.016826923076923076
2 0.5024038461538461 0.6274038461538461 0.009615384615384616 0.009615384615384616
2 0.5 0.6346153846153846 0.004807692307692308 0.004807692307692308
