1 0.7400568181818182 0.3858231707317073 0.002840909090909091 0.008231707317073171
1 0.726359577922078 0.38628048780487806 0.004667207792207792 0.00548780487804878
0 0.7265625 0.3903963414634146 0.005073051948051948 0.004573170731707317
2 0.6652800324675324 0.39192073170731706 0.01359577922077922 0.01798780487804878
0 0.7268668831168831 0.3940548780487805 0.00487012987012987 0.003353658536585366
0 0.7126623376623377 0.39527439024390243 0.002840909090909091 0.00701219512195122
0 0.7094155844155844 0.3961890243902439 0.003246753246753247 0.007621951219512195
0 0.6905438311688312 0.39664634146341465 0.004464285714285714 0.00426829268292683
1 0.7358969155844156 0.39695121951219514 0.004667207792207792 0.00426829268292683
0 0.7042410714285714 0.39771341463414633 0.003043831168831169 0.007621951219512195
0 0.7463474025974026 0.3980182926829268 0.002840909090909091 0.00701219512195122
1 0.7259537337662337 0.39878048780487807 0.004667207792207792 0.00426829268292683
0 0.7304180194805194 0.4003048780487805 0.002637987012987013 0.007317073170731708
0 0.6960227272727273 0.4004573170731707 0.003246753246753247 0.007621951219512195
1 0.7365056818181818 0.400609756097561 0.005478896103896104 0.004878048780487805
0 0.7507102272727273 0.4016768292682927 0.004261363636363636 0.010670731707317074
0 0.6171875 0.4024390243902439 0.0038555194805194805 0.01097560975609756
0 0.6552353896103896 0.4033536585365854 0.004058441558441558 0.012804878048780487
1 0.726359577922078 0.4036585365853659 0.005073051948051948 0.00548780487804878
0 0.6507711038961039 0.4041158536585366 0.004058441558441558 0.0125
0 0.6464082792207793 0.40503048780487805 0.0038555194805194805 0.013109756097560975
1 0.7471590909090909 0.405640243902439 0.003246753246753247 0.007621951219512195
0 0.6425527597402597 0.40625 0.0038555194805194805 0.011280487804878048
1 0.609172077922078 0.4065548780487805 0.002840909090909091 0.007621951219512195
1 0.606838474025974 0.406859756097561 0.002637987012987013 0.007621951219512195
1 0.6049107142857143 0.40777439024390244 0.002029220779220779 0.008231707317073171
1 0.6027800324675324 0.40807926829268293 0.002232142857142857 0.008841463414634146
1 0.5985186688311688 0.4089939024390244 0.002637987012987013 0.008231707317073171
1 0.6006493506493507 0.4091463414634146 0.002840909090909091 0.00975609756097561
1 0.596489448051948 0.4092987804878049 0.003043831168831169 0.008231707317073171
1 0.7326501623376623 0.4121951219512195 0.003043831168831169 0.00853658536585366
1 0.7328530844155844 0.4121951219512195 0.003043831168831169 0.007926829268292683
0 0.6624391233766234 0.4143292682926829 0.003043831168831169 0.007926829268292683
1 0.6107853084415584 0.4145213414634147 0.005255681818181818 0.0034329268292682927
0 0.7286931818181818 0.4146341463414634 0.004464285714285714 0.012804878048780487
0 0.7521306818181818 0.41478658536585367 0.005073051948051948 0.010670731707317074
1 0.6598011363636364 0.4149390243902439 0.002232142857142857 0.007926829268292683
0 0.6574675324675324 0.41539634146341464 0.002840909090909091 0.008231707317073171
0 0.7249391233766234 0.41554878048780486 0.005478896103896104 0.012195121951219513
1 0.7170251623376623 0.41615853658536583 0.002637987012987013 0.007926829268292683
0 0.7415787337662337 0.41615853658536583 0.0034496753246753245 0.007926829268292683
1 0.7393465909090909 0.4167682926829268 0.0034496753246753245 0.007926829268292683
0 0.7141842532467533 0.4170731707317073 0.003043831168831169 0.007926829268292683
0 0.7365056818181818 0.4170731707317073 0.002637987012987013 0.00853658536585366
0 0.5903003246753247 0.4189024390243902 0.003246753246753247 0.006707317073170732
0 0.5879667207792207 0.4192073170731707 0.003043831168831169 0.006097560975609756
0 0.6882102272727273 0.4195121951219512 0.006290584415584416 0.012804878048780487
1 0.692775974025974 0.42027439024390245 0.003246753246753247 0.008231707317073171
1 0.703226461038961 0.4211890243902439 0.0034496753246753245 0.008231707317073171
0 0.5811688311688312 0.4214939024390244 0.002435064935064935 0.007621951219512195
0 0.6208400974025974 0.4214939024390244 0.002637987012987013 0.008231707317073171
0 0.6826298701298701 0.4214939024390244 0.00487012987012987 0.011280487804878048
1 0.570211038961039 0.4216463414634146 0.00487012987012987 0.00426829268292683
0 0.7109375 0.4216463414634146 0.003043831168831169 0.007926829268292683
0 0.5790381493506493 0.4219512195121951 0.002637987012987013 0.007317073170731708
0 0.6992694805194806 0.4219512195121951 0.002435064935064935 0.006707317073170732
0 0.676948051948052 0.42240853658536587 0.005681818181818182 0.011890243902439025
1 0.565036525974026 0.4225609756097561 0.005073051948051948 0.00426829268292683
0 0.6962256493506493 0.4225609756097561 0.003246753246753247 0.006707317073170732
1 0.7070819805194806 0.4225609756097561 0.003043831168831169 0.006707317073170732
1 0.5596590909090909 0.4242378048780488 0.00487012987012987 0.0039634146341463415
0 0.7424918831168831 0.4245426829268293 0.002840909090909091 0.007621951219512195
0 0.5762987012987013 0.425 0.002840909090909091 0.007317073170731708
1 0.7402597402597403 0.425 0.003246753246753247 0.007317073170731708
1 0.5546875 0.42560975609756097 0.004667207792207792 0.00426829268292683
1 0.7227069805194806 0.4268292682926829 0.002637987012987013 0.00853658536585366
1 0.5492086038961039 0.4269817073170732 0.00588474025974026 0.004573170731707317
1 0.7199675324675324 0.4277439024390244 0.003246753246753247 0.007926829268292683
1 0.5908076298701299 0.42804878048780487 0.004667207792207792 0.003048780487804878
1 0.5437297077922078 0.42865853658536585 0.004667207792207792 0.003658536585365854
1 0.7530438311688312 0.4288109756097561 0.005275974025974026 0.005182926829268293
1 0.6731939935064936 0.4291158536585366 0.003043831168831169 0.007621951219512195
0 0.583299512987013 0.4294207317073171 0.005073051948051948 0.004573170731707317
0 0.604099025974026 0.4294207317073171 0.004058441558441558 0.010670731707317074
1 0.6699472402597403 0.4297256097560976 0.002637987012987013 0.007621951219512195
1 0.538961038961039 0.4298780487804878 0.00487012987012987 0.00426829268292683
1 0.6676136363636364 0.4298780487804878 0.002435064935064935 0.007317073170731708
0 0.5995332792207793 0.4304878048780488 0.005478896103896104 0.012195121951219513
1 0.591112012987013 0.43125 0.00487012987012987 0.0039634146341463415
1 0.6651785714285714 0.43125 0.002029220779220779 0.007621951219512195
0 0.6628449675324676 0.4320121951219512 0.003043831168831169 0.007317073170731708
1 0.7048498376623377 0.4323170731707317 0.002637987012987013 0.007926829268292683
0 0.5838068181818182 0.432469512195122 0.00487012987012987 0.004573170731707317
1 0.7016030844155844 0.4329268292682927 0.003043831168831169 0.00853658536585366
0 0.5343952922077922 0.43353658536585366 0.002637987012987013 0.006707317073170732
1 0.5319602272727273 0.43414634146341463 0.0018262987012987013 0.007317073170731708
1 0.5299310064935064 0.4347560975609756 0.002232142857142857 0.007926829268292683
1 0.5280032467532467 0.4350609756097561 0.003246753246753247 0.007926829268292683
0 0.5257711038961039 0.43567073170731707 0.002840909090909091 0.007926829268292683
0 0.5403814935064936 0.43567073170731707 0.005275974025974026 0.004878048780487805
1 0.5231331168831169 0.4364329268292683 0.002435064935064935 0.008231707317073171
0 0.7383319805194806 0.4716463414634146 0.006290584415584416 0.004878048780487805
1 0.731838474025974 0.47347560975609754 0.00588474025974026 0.004878048780487805
1 0.7253449675324676 0.47515243902439025 0.00588474025974026 0.004573170731707317
1 0.7190543831168831 0.4769817073170732 0.005073051948051948 0.004573170731707317
0 0.7123579545454546 0.4785060975609756 0.005478896103896104 0.0039634146341463415
1 0.5691964285714286 0.4795731707317073 0.005275974025974026 0.00426829268292683
0 0.5639204545454546 0.48109756097560974 0.004464285714285714 0.003658536585365854
0 0.547077922077922 0.481859756097561 0.00487012987012987 0.005182926829268293
0 0.6960227272727273 0.4826219512195122 0.006087662337662338 0.004878048780487805
0 0.5569196428571429 0.48277439024390245 0.004667207792207792 0.004573170731707317
0 0.5474837662337663 0.4847560975609756 0.004058441558441558 0.00426829268292683
0 0.6555397727272727 0.49329268292682926 0.005073051948051948 0.00548780487804878
0 0.6235795454545454 0.5016768292682927 0.005681818181818182 0.005182926829268293
1 0.6181006493506493 0.5030487804878049 0.005275974025974026 0.004878048780487805
1 0.6115056818181818 0.5045731707317073 0.004667207792207792 0.004878048780487805
0 0.6049107142857143 0.5065548780487805 0.005275974025974026 0.005182926829268293
1 0.5891842532467533 0.511280487804878 0.006290584415584416 0.006707317073170732
1 0.5841112012987013 0.5125 0.005478896103896104 0.004878048780487805
1 0.5760957792207793 0.5146341463414634 0.005681818181818182 0.006097560975609756
1 0.5709212662337663 0.5160060975609756 0.005478896103896104 0.0064024390243902435
1 0.5634131493506493 0.5179878048780487 0.00588474025974026 0.006097560975609756
1 0.5582386363636364 0.519359756097561 0.005681818181818182 0.005182926829268293
1 0.5502232142857143 0.5214939024390244 0.004667207792207792 0.004573170731707317
0 0.5393668831168831 0.5237804878048781 0.006493506493506494 0.006707317073170732
1 0.5173498376623377 0.5292682926829269 0.005478896103896104 0.004878048780487805
1 0.5112621753246753 0.5307926829268292 0.005073051948051948 0.00426829268292683
0 0.4825487012987013 0.5378048780487805 0.00487012987012987 0.004878048780487805
0 0.47514204545454547 0.5399390243902439 0.005478896103896104 0.004878048780487805
1 0.45353084415584416 0.5455792682926829 0.00487012987012987 0.004573170731707317
1 0.44703733766233766 0.5478658536585366 0.00487012987012987 0.004878048780487805
0 0.4403409090909091 0.5492378048780487 0.005275974025974026 0.004573170731707317
0 0.4328327922077922 0.5510670731707317 0.005681818181818182 0.005182926829268293
0 0.4109172077922078 0.556859756097561 0.005681818181818182 0.004573170731707317
1 0.4055397727272727 0.5582317073170732 0.005073051948051948 0.004878048780487805
1 0.27120535714285715 0.5591463414634147 0.002637987012987013 0.006097560975609756
1 0.3997564935064935 0.5596036585365853 0.005681818181818182 0.005182926829268293
1 0.2690746753246753 0.5597560975609757 0.002435064935064935 0.006097560975609756
1 0.2669439935064935 0.5600609756097561 0.002637987012987013 0.007926829268292683
0 0.3773336038961039 0.5652439024390243 0.00588474025974026 0.004878048780487805
1 0.2772930194805195 0.566920731707317 0.00588474025974026 0.005182926829268293
1 0.3706371753246753 0.5672256097560976 0.005073051948051948 0.005182926829268293
1 0.2721185064935065 0.5676829268292682 0.00487012987012987 0.003658536585365854
0 0.2421875 0.5682926829268292 0.007913961038961038 0.01097560975609756
1 0.36414366883116883 0.5692073170731707 0.005478896103896104 0.004878048780487805
1 0.27769886363636365 0.5704268292682927 0.004667207792207792 0.004878048780487805
0 0.3574472402597403 0.5704268292682927 0.005478896103896104 0.00426829268292683
1 0.27252435064935066 0.5717987804878049 0.004464285714285714 0.004573170731707317
1 0.27820616883116883 0.5746951219512195 0.00487012987012987 0.00426829268292683
1 0.27313311688311687 0.5759146341463415 0.004464285714285714 0.00426829268292683
1 0.27881493506493504 0.5789634146341464 0.005681818181818182 0.00426829268292683
1 0.27374188311688313 0.5806402439024391 0.005681818181818182 0.0039634146341463415
1 0.3052962662337662 0.5841463414634146 0.005478896103896104 0.004878048780487805
0 0.29667207792207795 0.5870426829268293 0.005681818181818182 0.004573170731707317
0 0.2742491883116883 0.5890243902439024 0.005478896103896104 0.011585365853658536
0 0.2862215909090909 0.5894817073170732 0.005478896103896104 0.004573170731707317
0 0.28033685064935066 0.5910060975609757 0.0038555194805194805 0.004573170731707317
