2 0.3786057692307692 0.5516826923076923 0.002403846153846154 0.007211538461538462
2 0.47716346153846156 0.5588942307692307 0.002403846153846154 0.007211538461538462
2 0.5576923076923077 0.5673076923076923 0.004807692307692308 0.004807692307692308
2 0.5300480769230769 0.5661057692307693 0.002403846153846154 0.007211538461538462
2 0.6069711538461539 0.5709134615384616 0.002403846153846154 0.007211538461538462
2 0.6502403846153846 0.578125 0.002403846153846154 0.007211538461538462
2 0.5276442307692307 0.6105769230769231 0.002403846153846154 0.004807692307692308
2 0.6262019230769231 0.6141826923076923 0.002403846153846154 0.007211538461538462
2 0.6286057692307693 0.6165865384615384 0.002403846153846154 0.007211538461538462
2 0.53125 0.6177884615384616 0.004807692307692308 0.004807692307692308
2 0.5036057692307693 0.6165865384615384 0.002403846153846154 0.007211538461538462
2 0.6141826923076923 0.6274038461538461 0.01201923076923077 0.014423076923076924
2 0.5180288461538461 0.6274038461538461 0.007211538461538462 0.009615384615384616
2 0.5192307692307693 0.6346153846153846 0.004807692307692308 0.004807692307692308
