2 0.5492788461538461 0.3786057692307692 0.007211538461538462 0.002403846153846154
2 0.5588942307692307 0.47716346153846156 0.007211538461538462 0.002403846153846154
2 0.5697115384615384 0.5576923076923077 0.004807692307692308 0.004807692307692308
2 0.5661057692307693 0.5300480769230769 0.007211538461538462 0.002403846153846154
2 0.5733173076923077 0.6069711538461539 0.007211538461538462 0.002403846153846154
2 0.5805288461538461 0.6478365384615384 0.007211538461538462 0.002403846153846154
2 0.6105769230769231 0.5252403846153846 0.004807692307692308 0.002403846153846154
2 0.6165865384615384 0.6237980769230769 0.007211538461538462 0.002403846153846154
2 0.6189903846153846 0.6262019230769231 0.007211538461538462 0.002403846153846154
2 0.6177884615384616 0.5288461538461539 0.004807692307692308 0.004807692307692308
2 0.6165865384615384 0.5012019230769231 0.007211538461538462 0.002403846153846154
2 0.6298076923076923 0.6117788461538461 0.014423076923076924 0.01201923076923077
2 0.6274038461538461 0.5180288461538461 0.009615384615384616 0.007211538461538462
2 0.6346153846153846 0.5168269230769231 0.004807692307692308 0.004807692307692308
