0 0.26207386363636365 0.5202743902439024 0.004261363636363636 0.00274390243902439
0 0.27749594155844154 0.5231707317073171 0.0014204545454545455 0.006097560975609756
0 0.2849025974025974 0.5231707317073171 0.0016233766233766235 0.006097560975609756
0 0.26187094155844154 0.5236280487804879 0.004261363636363636 0.003353658536585366
1 0.2961647727272727 0.526829268292683 0.0018262987012987013 0.006707317073170732
1 0.29312094155844154 0.5269817073170732 0.0018262987012987013 0.0064024390243902435
1 0.3014407467532468 0.5272865853658537 0.0018262987012987013 0.005792682926829268
1 0.2990056818181818 0.5274390243902439 0.0018262987012987013 0.006097560975609756
0 0.34466314935064934 0.5274390243902439 0.0014204545454545455 0.006097560975609756
0 0.27749594155844154 0.5289634146341463 0.0018262987012987013 0.006097560975609756
0 0.26004464285714285 0.5292682926829269 0.009537337662337662 0.006707317073170732
0 0.2849025974025974 0.5295731707317073 0.0016233766233766235 0.006097560975609756
0 0.3523741883116883 0.5298780487804878 0.0018262987012987013 0.006707317073170732
0 0.4121347402597403 0.532469512195122 0.0016233766233766235 0.005792682926829268
0 0.4195413961038961 0.5329268292682927 0.002232142857142857 0.00548780487804878
0 0.34466314935064934 0.5338414634146341 0.0018262987012987013 0.006097560975609756
1 0.265726461038961 0.535670731707317 0.0018262987012987013 0.006097560975609756
1 0.26806006493506496 0.535670731707317 0.002029220779220779 0.00548780487804878
1 0.2702922077922078 0.535670731707317 0.0016233766233766235 0.00548780487804878
0 0.2596387987012987 0.5361280487804878 0.009131493506493506 0.0064024390243902435
1 0.27232142857142855 0.5361280487804878 0.0016233766233766235 0.005792682926829268
0 0.3522727272727273 0.536280487804878 0.002029220779220779 0.00548780487804878
1 0.2742491883116883 0.5364329268292682 0.0018262987012987013 0.005792682926829268
1 0.2762784090909091 0.5364329268292682 0.0018262987012987013 0.005792682926829268
0 0.47930194805194803 0.5373475609756098 0.0016233766233766235 0.0064024390243902435
0 0.4867086038961039 0.5376524390243902 0.0018262987012987013 0.0064024390243902435
0 0.41183035714285715 0.5384146341463415 0.0018262987012987013 0.00548780487804878
0 0.419338474025974 0.5393292682926829 0.0014204545454545455 0.004878048780487805
0 0.5464691558441559 0.5420731707317074 0.0016233766233766235 0.00548780487804878
0 0.5536728896103896 0.5423780487804878 0.002232142857142857 0.006097560975609756
0 0.2614650974025974 0.5426829268292683 0.004667207792207792 0.003048780487804878
0 0.3479099025974026 0.5429878048780488 0.0018262987012987013 0.006097560975609756
0 0.3457792207792208 0.543140243902439 0.0012175324675324675 0.005792682926829268
0 0.3500405844155844 0.543140243902439 0.0016233766233766235 0.005792682926829268
0 0.3522727272727273 0.5432926829268293 0.0016233766233766235 0.006097560975609756
0 0.354200487012987 0.5439024390243903 0.0014204545454545455 0.006097560975609756
0 0.4788961038961039 0.5439024390243903 0.002029220779220779 0.00548780487804878
0 0.3565340909090909 0.5440548780487805 0.002029220779220779 0.0064024390243902435
0 0.35907061688311687 0.5440548780487805 0.0018262987012987013 0.0064024390243902435
0 0.36363636363636365 0.5440548780487805 0.002029220779220779 0.005792682926829268
0 0.3614042207792208 0.5442073170731707 0.0016233766233766235 0.006097560975609756
0 0.36576704545454547 0.5443597560975609 0.0018262987012987013 0.005792682926829268
0 0.4865056818181818 0.5443597560975609 0.0018262987012987013 0.005792682926829268
1 0.265523538961039 0.5471036585365854 0.0018262987012987013 0.005792682926829268
1 0.268262987012987 0.5472560975609756 0.002029220779220779 0.006707317073170732
0 0.6135349025974026 0.5472560975609756 0.0018262987012987013 0.006097560975609756
0 0.6207386363636364 0.5477134146341464 0.0016233766233766235 0.005182926829268293
0 0.5464691558441559 0.5486280487804878 0.002029220779220779 0.005792682926829268
0 0.5536728896103896 0.5492378048780487 0.0018262987012987013 0.005182926829268293
0 0.6803977272727273 0.5521341463414634 0.0016233766233766235 0.00548780487804878
0 0.36688311688311687 0.5533536585365854 0.0016233766233766235 0.006707317073170732
0 0.6133319805194806 0.5533536585365854 0.0018262987012987013 0.00548780487804878
0 0.3691152597402597 0.5536585365853659 0.002029220779220779 0.007317073170731708
0 0.6206371753246753 0.5544207317073171 0.0014204545454545455 0.005792682926829268
1 0.26785714285714285 0.5551829268292683 0.002435064935064935 0.007317073170731708
2 0.38108766233766234 0.5553353658536585 0.002435064935064935 0.007621951219512195
0 0.6880073051948052 0.5553353658536585 0.0018262987012987013 0.005792682926829268
1 0.24918831168831168 0.5559451219512195 0.002435064935064935 0.00701219512195122
0 0.7467532467532467 0.5571646341463414 0.0016233766233766235 0.0064024390243902435
0 0.7545657467532467 0.5577743902439024 0.0018262987012987013 0.0064024390243902435
0 0.6801948051948052 0.5588414634146341 0.002029220779220779 0.006097560975609756
0 0.34101055194805197 0.5589939024390244 0.0034496753246753245 0.014329268292682927
2 0.4800121753246753 0.5603658536585366 0.002232142857142857 0.006707317073170732
1 0.7634943181818182 0.5614329268292683 0.0018262987012987013 0.0064024390243902435
1 0.7664366883116883 0.5617378048780488 0.0016233766233766235 0.0064024390243902435
0 0.7757711038961039 0.5620426829268292 0.004464285714285714 0.003353658536585366
1 0.7688717532467533 0.5621951219512196 0.002029220779220779 0.006707317073170732
0 0.687702922077922 0.5623475609756098 0.0016233766233766235 0.0064024390243902435
1 0.771002435064935 0.5623475609756098 0.0018262987012987013 0.00701219512195122
0 0.7467532467532467 0.5640243902439024 0.0016233766233766235 0.006097560975609756
0 0.7544642857142857 0.5643292682926829 0.0016233766233766235 0.006707317073170732
2 0.5601663961038961 0.5644817073170731 0.004667207792207792 0.0039634146341463415
2 0.5324675324675324 0.5653963414634147 0.002435064935064935 0.00701219512195122
0 0.5372362012987013 0.5657012195121951 0.0018262987012987013 0.005792682926829268
0 0.5351055194805194 0.5661585365853659 0.0016233766233766235 0.004878048780487805
1 0.5270900974025974 0.5664634146341463 0.004261363636363636 0.003658536585365854
2 0.6098823051948052 0.566920731707317 0.002232142857142857 0.00701219512195122
1 0.7767857142857143 0.5670731707317073 0.004464285714285714 0.003658536585365854
1 0.614549512987013 0.567530487804878 0.002232142857142857 0.0064024390243902435
1 0.6171875 0.567530487804878 0.002232142857142857 0.005792682926829268
0 0.5234375 0.5678353658536586 0.0014204545454545455 0.00701219512195122
1 0.7333603896103896 0.5684451219512195 0.0016233766233766235 0.005792682926829268
1 0.7353896103896104 0.5685975609756098 0.002029220779220779 0.006097560975609756
0 0.3445616883116883 0.56875 0.002029220779220779 0.007621951219512195
0 0.559760551948052 0.56875 0.004261363636363636 0.00274390243902439
1 0.7378246753246753 0.56875 0.0016233766233766235 0.0064024390243902435
1 0.7421875 0.5690548780487805 0.0018262987012987013 0.005792682926829268
1 0.7398538961038961 0.5692073170731707 0.002029220779220779 0.006097560975609756
1 0.7444196428571429 0.5696646341463415 0.0018262987012987013 0.0064024390243902435
0 0.5267857142857143 0.5704268292682927 0.00487012987012987 0.003658536585365854
0 0.5315543831168831 0.5704268292682927 0.0034496753246753245 0.003048780487804878
0 0.559862012987013 0.5716463414634146 0.004464285714285714 0.0024390243902439024
2 0.650974025974026 0.5727134146341464 0.002435064935064935 0.007621951219512195
0 0.5315543831168831 0.573780487804878 0.0038555194805194805 0.0024390243902439024
0 0.6723823051948052 0.5740853658536585 0.002232142857142857 0.006707317073170732
1 0.5268871753246753 0.5742378048780488 0.004261363636363636 0.00274390243902439
0 0.6742086038961039 0.5745426829268293 0.002232142857142857 0.0064024390243902435
0 0.6782670454545454 0.5748475609756097 0.0018262987012987013 0.005792682926829268
0 0.6827313311688312 0.575 0.002232142857142857 0.006097560975609756
0 0.6761363636363636 0.5751524390243903 0.0016233766233766235 0.00701219512195122
0 0.6801948051948052 0.5751524390243903 0.002029220779220779 0.0064024390243902435
0 0.6844561688311688 0.5753048780487805 0.002029220779220779 0.006707317073170732
0 0.6878043831168831 0.5753048780487805 0.0018262987012987013 0.006097560975609756
0 0.6921672077922078 0.5757621951219513 0.002029220779220779 0.0064024390243902435
0 0.6897321428571429 0.5759146341463415 0.0016233766233766235 0.006097560975609756
0 0.6961241883116883 0.5760670731707317 0.0018262987012987013 0.0064024390243902435
0 0.6939935064935064 0.5762195121951219 0.002029220779220779 0.006097560975609756
0 0.698051948051948 0.5768292682926829 0.0016233766233766235 0.006097560975609756
0 0.6998782467532467 0.5768292682926829 0.0012175324675324675 0.006097560975609756
1 0.5266842532467533 0.5780487804878048 0.0038555194805194805 0.003048780487804878
0 0.3242694805194805 0.5783536585365854 0.004464285714285714 0.003658536585365854
0 0.32913961038961037 0.5788109756097561 0.00487012987012987 0.00274390243902439
0 0.33370535714285715 0.5789634146341464 0.004667207792207792 0.003658536585365854
0 0.338474025974026 0.5794207317073171 0.00487012987012987 0.00274390243902439
0 0.34375 0.5795731707317073 0.00487012987012987 0.003048780487804878
0 0.3487215909090909 0.5800304878048781 0.004667207792207792 0.00274390243902439
0 0.6488433441558441 0.5800304878048781 0.006696428571428571 0.005182926829268293
0 0.3533887987012987 0.5804878048780487 0.004667207792207792 0.003048780487804878
0 0.35825892857142855 0.5806402439024391 0.004261363636363636 0.0039634146341463415
0 0.36312905844155846 0.5814024390243903 0.004667207792207792 0.003658536585365854
0 0.3679991883116883 0.5814024390243903 0.004667207792207792 0.003658536585365854
0 0.3728693181818182 0.5815548780487805 0.004261363636363636 0.0039634146341463415
1 0.3241680194805195 0.5821646341463415 0.004261363636363636 0.0039634146341463415
0 0.377536525974026 0.5821646341463415 0.004667207792207792 0.003353658536585366
1 0.5265827922077922 0.5823170731707317 0.0036525974025974025 0.003048780487804878
1 0.3289366883116883 0.582469512195122 0.004464285714285714 0.003353658536585366
0 0.382711038961039 0.5826219512195122 0.00487012987012987 0.003658536585365854
1 0.3336038961038961 0.5827743902439024 0.004464285714285714 0.003353658536585366
0 0.3872767857142857 0.583079268292683 0.004667207792207792 0.003353658536585366
0 0.39234983766233766 0.583079268292683 0.0038555194805194805 0.003353658536585366
1 0.338575487012987 0.5833841463414634 0.0038555194805194805 0.003353658536585366
1 0.343648538961039 0.583689024390244 0.0038555194805194805 0.00274390243902439
1 0.34851866883116883 0.5838414634146342 0.004261363636363636 0.003048780487804878
1 0.35328733766233766 0.5841463414634146 0.004058441558441558 0.003658536585365854
1 0.35846185064935066 0.5847560975609756 0.0038555194805194805 0.003048780487804878
0 0.7624797077922078 0.5849085365853659 0.009131493506493506 0.0064024390243902435
1 0.36292613636363635 0.5850609756097561 0.0038555194805194805 0.003048780487804878
1 0.3677962662337662 0.5853658536585366 0.004261363636363636 0.0024390243902439024
1 0.5634131493506493 0.5855182926829269 0.004667207792207792 0.0039634146341463415
1 0.7022118506493507 0.5855182926829269 0.002232142857142857 0.0064024390243902435
0 0.6484375 0.5856707317073171 0.006696428571428571 0.004878048780487805
1 0.37276785714285715 0.5858231707317073 0.004058441558441558 0.003353658536585366
1 0.377536525974026 0.5858231707317073 0.004261363636363636 0.00274390243902439
1 0.6880073051948052 0.5858231707317073 0.004667207792207792 0.0039634146341463415
1 0.5265827922077922 0.5859756097560975 0.004464285714285714 0.003048780487804878
0 0.5679788961038961 0.5861280487804879 0.004058441558441558 0.0039634146341463415
0 0.6974431818181818 0.5861280487804879 0.006087662337662338 0.005182926829268293
1 0.3239650974025974 0.5862804878048781 0.0038555194805194805 0.003048780487804878
1 0.38240665584415584 0.5864329268292683 0.004261363636363636 0.00274390243902439
1 0.3288352272727273 0.5867378048780488 0.0038555194805194805 0.003353658536585366
1 0.3873782467532468 0.586890243902439 0.004464285714285714 0.003048780487804878
1 0.338575487012987 0.5870426829268293 0.004261363636363636 0.00274390243902439
1 0.33350243506493504 0.5871951219512195 0.0038555194805194805 0.003048780487804878
1 0.3921469155844156 0.5871951219512195 0.004261363636363636 0.003658536585365854
1 0.34354707792207795 0.5876524390243902 0.004058441558441558 0.00274390243902439
1 0.3483157467532468 0.5878048780487805 0.004261363636363636 0.003048780487804878
0 0.6671063311688312 0.5878048780487805 0.003043831168831169 0.00975609756097561
1 0.35328733766233766 0.5882621951219512 0.004058441558441558 0.003353658536585366
0 0.3971185064935065 0.5882621951219512 0.004058441558441558 0.014329268292682927
0 0.6710633116883117 0.5884146341463414 0.002435064935064935 0.01097560975609756
0 0.6228693181818182 0.5885670731707318 0.006696428571428571 0.005182926829268293
0 0.40137987012987014 0.588719512195122 0.0036525974025974025 0.01402439024390244
1 0.3581574675324675 0.5890243902439024 0.004464285714285714 0.003658536585365854
1 0.663961038961039 0.5890243902439024 0.002435064935064935 0.006707317073170732
1 0.3630275974025974 0.5891768292682927 0.004058441558441558 0.003353658536585366
1 0.674512987012987 0.589329268292683 0.002029220779220779 0.007317073170731708
1 0.3678977272727273 0.5894817073170732 0.004464285714285714 0.003353658536585366
1 0.5629058441558441 0.5894817073170732 0.004058441558441558 0.003353658536585366
1 0.3726663961038961 0.5897865853658537 0.004667207792207792 0.00274390243902439
0 0.6571631493506493 0.5897865853658537 0.002637987012987013 0.010670731707317074
0 0.6604099025974026 0.5897865853658537 0.003043831168831169 0.010060975609756098
0 0.7229099025974026 0.5897865853658537 0.0034496753246753245 0.013719512195121951
0 0.567877435064935 0.5900914634146341 0.0038555194805194805 0.00274390243902439
0 0.7274756493506493 0.5900914634146341 0.0036525974025974025 0.013719512195121951
1 0.37743506493506496 0.5902439024390244 0.00487012987012987 0.003658536585365854
1 0.3823051948051948 0.5903963414634147 0.00487012987012987 0.003353658536585366
1 0.5263798701298701 0.5903963414634147 0.004058441558441558 0.00274390243902439
1 0.6494521103896104 0.5905487804878049 0.004261363636363636 0.0024390243902439024
0 0.7322443181818182 0.5905487804878049 0.004261363636363636 0.01402439024390244
1 0.3873782467532468 0.5911585365853659 0.004058441558441558 0.003658536585365854
0 0.736810064935065 0.5911585365853659 0.004058441558441558 0.013414634146341463
1 0.3921469155844156 0.5914634146341463 0.004667207792207792 0.003658536585365854
0 0.6817167207792207 0.5914634146341463 0.006290584415584416 0.00548780487804878
0 0.7621753246753247 0.5914634146341463 0.00974025974025974 0.00548780487804878
1 0.698051948051948 0.5916158536585366 0.005275974025974026 0.00274390243902439
0 0.7414772727272727 0.5916158536585366 0.004464285714285714 0.013109756097560975
0 0.7460430194805194 0.5916158536585366 0.004261363636363636 0.014329268292682927
0 0.7506087662337663 0.5923780487804878 0.004464285714285714 0.01402439024390244
0 0.7549715909090909 0.5926829268292683 0.0034496753246753245 0.01402439024390244
1 0.5629058441558441 0.5935975609756098 0.004464285714285714 0.003658536585365854
0 0.5679788961038961 0.5939024390243902 0.004058441558441558 0.003048780487804878
0 0.6298701298701299 0.5939024390243902 0.004464285714285714 0.003658536585365854
1 0.5262784090909091 0.594359756097561 0.0038555194805194805 0.00274390243902439
1 0.6219561688311688 0.5952743902439024 0.002435064935064935 0.0064024390243902435
1 0.6244926948051948 0.5952743902439024 0.002232142857142857 0.0064024390243902435
1 0.5631087662337663 0.5975609756097561 0.004464285714285714 0.00426829268292683
0 0.567674512987013 0.598170731707317 0.0038555194805194805 0.003048780487804878
1 0.5262784090909091 0.5983231707317073 0.004261363636363636 0.00274390243902439
0 0.7621753246753247 0.5984756097560976 0.008928571428571428 0.006097560975609756
0 0.6394074675324676 0.5986280487804878 0.004058441558441558 0.013719512195121951
0 0.6350446428571429 0.5989329268292682 0.0034496753246753245 0.013109756097560975
1 0.6307832792207793 0.599390243902439 0.002232142857142857 0.006707317073170732
0 0.6526988636363636 0.599390243902439 0.0034496753246753245 0.00975609756097561
0 0.6287540584415584 0.5995426829268292 0.0018262987012987013 0.0064024390243902435
0 0.6439732142857143 0.5995426829268292 0.0038555194805194805 0.013109756097560975
0 0.6480316558441559 0.6001524390243902 0.0038555194805194805 0.013109756097560975
0 0.6671063311688312 0.600609756097561 0.0034496753246753245 0.00975609756097561
0 0.6632508116883117 0.6007621951219512 0.0034496753246753245 0.010060975609756098
0 0.6704545454545454 0.6010670731707317 0.002840909090909091 0.010060975609756098
0 0.6741071428571429 0.6012195121951219 0.003246753246753247 0.010365853658536586
1 0.5628043831168831 0.6015243902439025 0.004667207792207792 0.003048780487804878
0 0.567674512987013 0.6021341463414634 0.0038555194805194805 0.003048780487804878
1 0.526075487012987 0.6024390243902439 0.004667207792207792 0.0024390243902439024
1 0.658989448051948 0.6030487804878049 0.002232142857142857 0.007317073170731708
1 0.6558441558441559 0.6032012195121951 0.002435064935064935 0.007621951219512195
1 0.695515422077922 0.6045731707317074 0.004261363636363636 0.003658536585365854
1 0.5628043831168831 0.605640243902439 0.004261363636363636 0.003353658536585366
0 0.7144886363636364 0.605640243902439 0.002029220779220779 0.007621951219512195
1 0.7322443181818182 0.605640243902439 0.004261363636363636 0.00274390243902439
0 0.567573051948052 0.6057926829268293 0.0036525974025974025 0.0024390243902439024
1 0.7171266233766234 0.6057926829268293 0.002029220779220779 0.007317073170731708
0 0.614650974025974 0.60625 0.003246753246753247 0.009451219512195122
1 0.5256696428571429 0.6065548780487805 0.004667207792207792 0.00274390243902439
0 0.6175933441558441 0.6067073170731707 0.0034496753246753245 0.00975609756097561
0 0.7285917207792207 0.6068597560975609 0.002232142857142857 0.00701219512195122
0 0.7261566558441559 0.6070121951219513 0.0018262987012987013 0.007317073170731708
0 0.7358969155844156 0.6070121951219513 0.0018262987012987013 0.006707317073170732
0 0.7226055194805194 0.6074695121951219 0.003246753246753247 0.014939024390243902
0 0.7380275974025974 0.6074695121951219 0.002029220779220779 0.0064024390243902435
0 0.7403612012987013 0.6077743902439025 0.0018262987012987013 0.005792682926829268
0 0.5567167207792207 0.6079268292682927 0.002232142857142857 0.006097560975609756
0 0.7426948051948052 0.6080792682926829 0.002435064935064935 0.0064024390243902435
0 0.5588474025974026 0.6082317073170732 0.002029220779220779 0.006707317073170732
0 0.7450284090909091 0.6083841463414634 0.0018262987012987013 0.0064024390243902435
1 0.6784699675324676 0.6088414634146342 0.004261363636363636 0.0024390243902439024
0 0.7322443181818182 0.6088414634146342 0.004667207792207792 0.003048780487804878
0 0.747564935064935 0.6088414634146342 0.002435064935064935 0.006707317073170732
0 0.750101461038961 0.6088414634146342 0.002232142857142857 0.006707317073170732
0 0.7546672077922078 0.6092987804878048 0.002029220779220779 0.0064024390243902435
2 0.5309456168831169 0.6096036585365854 0.0018262987012987013 0.0064024390243902435
0 0.5332792207792207 0.6096036585365854 0.0016233766233766235 0.005792682926829268
1 0.562702922077922 0.6096036585365854 0.004464285714285714 0.0039634146341463415
0 0.5673701298701299 0.6097560975609756 0.003246753246753247 0.003048780487804878
2 0.6280438311688312 0.6097560975609756 0.002029220779220779 0.007317073170731708
0 0.5376420454545454 0.6099085365853658 0.0018262987012987013 0.0064024390243902435
1 0.5254667207792207 0.6100609756097561 0.004261363636363636 0.003048780487804878
0 0.5353084415584416 0.6100609756097561 0.002029220779220779 0.00548780487804878
2 0.6309862012987013 0.6100609756097561 0.002232142857142857 0.007317073170731708
0 0.6346387987012987 0.6100609756097561 0.004261363636363636 0.003658536585365854
0 0.5396712662337663 0.6102134146341464 0.0018262987012987013 0.0064024390243902435
1 0.7191558441558441 0.6103658536585366 0.002029220779220779 0.007317073170731708
0 0.6399147727272727 0.6105182926829268 0.004261363636363636 0.003353658536585366
0 0.6467126623376623 0.6114329268292683 0.006087662337662338 0.005182926829268293
0 0.6740056818181818 0.6128048780487805 0.002637987012987013 0.010365853658536586
0 0.6521915584415584 0.6134146341463415 0.002435064935064935 0.006707317073170732
2 0.5343952922077922 0.6160060975609756 0.004667207792207792 0.003353658536585366
2 0.5066964285714286 0.6164634146341463 0.002029220779220779 0.006707317073170732
1 0.6342329545454546 0.6182926829268293 0.002637987012987013 0.007317073170731708
0 0.6008522727272727 0.6204268292682927 0.002029220779220779 0.006707317073170732
0 0.6519886363636364 0.6208841463414634 0.002029220779220779 0.005792682926829268
0 0.6676136363636364 0.6210365853658537 0.00487012987012987 0.003658536585365854
0 0.6727881493506493 0.6213414634146341 0.004261363636363636 0.003658536585365854
0 0.6046063311688312 0.6227134146341463 0.004261363636363636 0.0125
0 0.7149959415584416 0.6233231707317073 0.0038555194805194805 0.0039634146341463415
0 0.6096793831168831 0.6240853658536586 0.0038555194805194805 0.014634146341463415
2 0.6187094155844156 0.6240853658536586 0.012175324675324676 0.01524390243902439
0 0.6376826298701299 0.625 0.004667207792207792 0.0024390243902439024
2 0.5224228896103896 0.6251524390243902 0.006696428571428571 0.009451219512195122
0 0.6296672077922078 0.6257621951219512 0.006087662337662338 0.005182926829268293
0 0.5143060064935064 0.6259146341463414 0.0018262987012987013 0.006707317073170732
1 0.5168425324675324 0.6260670731707317 0.002029220779220779 0.005792682926829268
0 0.538961038961039 0.6265243902439024 0.005681818181818182 0.01402439024390244
0 0.6466112012987013 0.6265243902439024 0.004261363636363636 0.0024390243902439024
0 0.6777597402597403 0.6265243902439024 0.006493506493506494 0.004878048780487805
1 0.661627435064935 0.6275914634146341 0.0038555194805194805 0.003353658536585366
1 0.6422483766233766 0.6278963414634147 0.002435064935064935 0.005792682926829268
1 0.6569602272727273 0.6278963414634147 0.004261363636363636 0.003353658536585366
0 0.5065949675324676 0.6282012195121951 0.0038555194805194805 0.014939024390243902
0 0.5109577922077922 0.6283536585365853 0.004464285714285714 0.014634146341463415
1 0.533887987012987 0.6289634146341463 0.002029220779220779 0.007317073170731708
2 0.5226258116883117 0.6324695121951219 0.004261363636363636 0.003353658536585366
1 0.640827922077922 0.6330792682926829 0.004058441558441558 0.00274390243902439
1 0.5546875 0.6341463414634146 0.004261363636363636 0.003658536585365854
1 0.5611810064935064 0.6342987804878049 0.0038555194805194805 0.003353658536585366
0 0.6335227272727273 0.6344512195121951 0.002840909090909091 0.007926829268292683
1 0.567775974025974 0.6352134146341464 0.0036525974025974025 0.00274390243902439
1 0.5744724025974026 0.6353658536585366 0.004058441558441558 0.003048780487804878
1 0.580864448051948 0.6359756097560976 0.0038555194805194805 0.003658536585365854
1 0.640827922077922 0.636890243902439 0.004464285714285714 0.003048780487804878
