2 0.5793269230769231 0.7956730769230769 0.004807692307692308 0.004807692307692308
2 0.5745192307692307 0.7944711538461539 0.004807692307692308 0.007211538461538462
2 0.5673076923076923 0.7475961538461539 0.009615384615384616 0.004807692307692308
2 0.44711538461538464 0.41586538461538464 0.038461538461538464 0.02403846153846154
2 0.4326923076923077 0.6526442307692307 0.004807692307692308 0.007211538461538462
2 0.42788461538461536 0.6514423076923077 0.004807692307692308 0.009615384615384616
2 0.41586538461538464 0.5685096153846154 0.009615384615384616 0.002403846153846154
2 0.41586538461538464 0.5733173076923077 0.009615384615384616 0.002403846153846154
2 0.35336538461538464 0.6081730769230769 0.019230769230769232 0.02403846153846154
2 0.31971153846153844 0.5336538461538461 0.04326923076923077 0.028846153846153848
2 0.31971153846153844 0.43509615384615385 0.04326923076923077 0.028846153846153848
2 0.31490384615384615 0.4855769230769231 0.04807692307692308 0.028846153846153848
2 0.27403846153846156 0.453125 0.028846153846153848 0.016826923076923076
2 0.2644230769230769 0.7427884615384616 0.004807692307692308 0.004807692307692308
2 0.25961538461538464 0.7427884615384616 0.004807692307692308 0.004807692307692308
2 0.25841346153846156 0.5649038461538461 0.007211538461538462 0.004807692307692308
2 0.25600961538461536 0.5612980769230769 0.007211538461538462 0.002403846153846154
2 0.2536057692307692 0.6730769230769231 0.002403846153846154 0.004807692307692308
2 0.2536057692307692 0.41466346153846156 0.007211538461538462 0.002403846153846154
2 0.24879807692307693 0.6730769230769231 0.002403846153846154 0.004807692307692308
2 0.2536057692307692 0.4014423076923077 0.01201923076923077 0.004807692307692308
2 0.25240384615384615 0.41225961538461536 0.009615384615384616 0.002403846153846154
2 0.25240384615384615 0.41225961538461536 0.009615384615384616 0.002403846153846154
2 0.2536057692307692 0.4170673076923077 0.007211538461538462 0.002403846153846154
2 0.24519230769230768 0.7403846153846154 0.004807692307692308 0.004807692307692308
2 0.24519230769230768 0.6730769230769231 0.004807692307692308 0.004807692307692308
2 0.24759615384615385 0.5120192307692307 0.009615384615384616 0.009615384615384616
2 0.24759615384615385 0.5348557692307693 0.004807692307692308 0.002403846153846154
2 0.24639423076923078 0.5324519230769231 0.007211538461538462 0.002403846153846154
2 0.2403846153846154 0.6730769230769231 0.004807692307692308 0.004807692307692308
2 0.7019230769230769 0.734375 0.009615384615384616 0.002403846153846154
2 0.6947115384615384 0.7391826923076923 0.004807692307692308 0.002403846153846154
