2 0.5372596153846154 0.3605769230769231 0.021634615384615384 0.014423076923076924
2 0.5060096153846154 0.5048076923076923 0.036057692307692304 0.028846153846153848
2 0.4987980769230769 0.44350961538461536 0.026442307692307692 0.016826923076923076
2 0.4831730769230769 0.4891826923076923 0.02403846153846154 0.01201923076923077
2 0.4735576923076923 0.3293269230769231 0.019230769230769232 0.009615384615384616
2 0.44591346153846156 0.4639423076923077 0.03125 0.014423076923076924
2 0.45552884615384615 0.40625 0.026442307692307692 0.019230769230769232
2 0.40865384615384615 0.3894230769230769 0.02403846153846154 0.014423076923076924
2 0.39302884615384615 0.4543269230769231 0.026442307692307692 0.014423076923076924
2 0.35216346153846156 0.3870192307692308 0.026442307692307692 0.014423076923076924
2 0.3389423076923077 0.44471153846153844 0.02403846153846154 0.014423076923076924
2 0.3016826923076923 0.36778846153846156 0.021634615384615384 0.014423076923076924
2 0.2848557692307692 0.43509615384615385 0.026442307692307692 0.014423076923076924
