1 0.5396634615384616 0.3004807692307692 0.007211538461538462 0.009615384615384616
1 0.5420673076923077 0.31009615384615385 0.007211538461538462 0.009615384615384616
2 0.48197115384615385 0.33653846153846156 0.007211538461538462 0.009615384615384616
2 0.4795673076923077 0.33653846153846156 0.007211538461538462 0.009615384615384616
1 0.5733173076923077 0.3389423076923077 0.007211538461538462 0.009615384615384616
1 0.578125 0.3389423076923077 0.007211538461538462 0.009615384615384616
1 0.5925480769230769 0.33413461538461536 0.007211538461538462 0.009615384615384616
1 0.5973557692307693 0.33413461538461536 0.007211538461538462 0.009615384615384616
1 0.5877403846153846 0.33653846153846156 0.007211538461538462 0.009615384615384616
1 0.5564903846153846 0.3425480769230769 0.007211538461538462 0.01201923076923077
1 0.6021634615384616 0.3317307692307692 0.007211538461538462 0.009615384615384616
1 0.5612980769230769 0.3425480769230769 0.007211538461538462 0.01201923076923077
1 0.6069711538461539 0.3317307692307692 0.007211538461538462 0.009615384615384616
1 0.6346153846153846 0.359375 0.009615384615384616 0.016826923076923076
1 0.6274038461538461 0.3605769230769231 0.009615384615384616 0.014423076923076924
1 0.640625 0.35697115384615385 0.01201923076923077 0.016826923076923076
1 0.6646634615384616 0.35216346153846156 0.01201923076923077 0.016826923076923076
1 0.6574519230769231 0.3545673076923077 0.01201923076923077 0.016826923076923076
1 0.6502403846153846 0.35697115384615385 0.01201923076923077 0.016826923076923076
2 0.6237980769230769 0.37740384615384615 0.01201923076923077 0.009615384615384616
1 0.6286057692307693 0.40384615384615385 0.007211538461538462 0.009615384615384616
1 0.6310096153846154 0.41586538461538464 0.007211538461538462 0.009615384615384616
1 0.6334134615384616 0.4254807692307692 0.007211538461538462 0.009615384615384616
2 0.6814903846153846 0.4206730769230769 0.01201923076923077 0.009615384615384616
1 0.6454326923076923 0.43509615384615385 0.007211538461538462 0.009615384615384616
1 0.6610576923076923 0.43149038461538464 0.009615384615384616 0.01201923076923077
1 0.6550480769230769 0.43509615384615385 0.007211538461538462 0.009615384615384616
2 0.6790865384615384 0.43028846153846156 0.01201923076923077 0.009615384615384616
1 0.6430288461538461 0.5456730769230769 0.007211538461538462 0.009615384615384616
1 0.6478365384615384 0.5625 0.007211538461538462 0.009615384615384616
1 0.6742788461538461 0.5649038461538461 0.007211538461538462 0.009615384615384616
2 0.5961538461538461 0.6442307692307693 0.004807692307692308 0.004807692307692308
2 0.5961538461538461 0.6514423076923077 0.009615384615384616 0.009615384615384616
2 0.6105769230769231 0.6538461538461539 0.004807692307692308 0.004807692307692308
2 0.6057692307692307 0.65625 0.004807692307692308 0.004807692307692308
2 0.5877403846153846 0.6682692307692307 0.007211538461538462 0.009615384615384616
2 0.7259615384615384 0.6826923076923077 0.004807692307692308 0.004807692307692308
2 0.6478365384615384 0.7211538461538461 0.007211538461538462 0.009615384615384616
2 0.6502403846153846 0.7331730769230769 0.007211538461538462 0.009615384615384616
2 0.4675480769230769 0.16346153846153846 0.016826923076923076 0.04326923076923077
2 0.5216346153846154 0.17668269230769232 0.038461538461538464 0.05048076923076923
2 0.4795673076923077 0.24759615384615385 0.007211538461538462 0.009615384615384616
2 0.4891826923076923 0.25 0.007211538461538462 0.009615384615384616
2 0.48677884615384615 0.27403846153846156 0.007211538461538462 0.009615384615384616
2 0.5913461538461539 0.25240384615384615 0.004807692307692308 0.004807692307692308
1 0.5372596153846154 0.28725961538461536 0.007211538461538462 0.01201923076923077
