2 0.4891826923076923 0.6466346153846154 0.021634615384615384 0.014423076923076924
2 0.5072115384615384 0.49759615384615385 0.03365384615384615 0.028846153846153848
2 0.48197115384615385 0.5552884615384616 0.026442307692307692 0.014423076923076924
2 0.4807692307692308 0.5072115384615384 0.02403846153846154 0.009615384615384616
2 0.4182692307692308 0.6538461538461539 0.019230769230769232 0.009615384615384616
2 0.4375 0.5168269230769231 0.028846153846153848 0.014423076923076924
2 0.42908653846153844 0.5757211538461539 0.026442307692307692 0.016826923076923076
2 0.3786057692307692 0.5757211538461539 0.021634615384615384 0.01201923076923077
2 0.38221153846153844 0.5084134615384616 0.02403846153846154 0.01201923076923077
2 0.32211538461538464 0.5612980769230769 0.02403846153846154 0.01201923076923077
2 0.33052884615384615 0.5012019230769231 0.021634615384615384 0.01201923076923077
2 0.2704326923076923 0.5625 0.021634615384615384 0.014423076923076924
2 0.27403846153846156 0.49399038461538464 0.02403846153846154 0.01201923076923077
