2 0.47596153846153844 0.33533653846153844 0.009615384615384616 0.007211538461538462
1 0.4050480769230769 0.359375 0.007211538461538462 0.01201923076923077
2 0.5252403846153846 0.3401442307692308 0.021634615384615384 0.036057692307692304
1 0.21033653846153846 0.4230769230769231 0.007211538461538462 0.009615384615384616
2 0.4495192307692308 0.375 0.038461538461538464 0.038461538461538464
0 0.38461538461538464 0.40625 0.004807692307692308 0.004807692307692308
0 0.3798076923076923 0.40865384615384615 0.004807692307692308 0.004807692307692308
0 0.375 0.4110576923076923 0.004807692307692308 0.004807692307692308
0 0.3701923076923077 0.41346153846153844 0.004807692307692308 0.004807692307692308
1 0.17427884615384615 0.4879807692307692 0.007211538461538462 0.009615384615384616
1 0.17668269230769232 0.5072115384615384 0.007211538461538462 0.009615384615384616
0 0.5288461538461539 0.4387019230769231 0.009615384615384616 0.01201923076923077
1 0.18269230769230768 0.5348557692307693 0.009615384615384616 0.01201923076923077
1 0.23076923076923078 0.5300480769230769 0.009615384615384616 0.01201923076923077
1 0.21634615384615385 0.5348557692307693 0.009615384615384616 0.01201923076923077
1 0.2403846153846154 0.5324519230769231 0.009615384615384616 0.01201923076923077
1 0.18509615384615385 0.5444711538461539 0.009615384615384616 0.01201923076923077
0 0.5588942307692307 0.4651442307692308 0.01201923076923077 0.016826923076923076
0 0.5384615384615384 0.4699519230769231 0.009615384615384616 0.01201923076923077
0 0.5324519230769231 0.47596153846153844 0.007211538461538462 0.009615384615384616
2 0.2824519230769231 0.5288461538461539 0.002403846153846154 0.004807692307692308
1 0.22596153846153846 0.5420673076923077 0.009615384615384616 0.01201923076923077
1 0.23317307692307693 0.5420673076923077 0.009615384615384616 0.01201923076923077
0 0.49759615384615385 0.49158653846153844 0.009615384615384616 0.01201923076923077
0 0.5216346153846154 0.48677884615384615 0.009615384615384616 0.01201923076923077
0 0.5144230769230769 0.48677884615384615 0.009615384615384616 0.01201923076923077
1 0.21754807692307693 0.5600961538461539 0.007211538461538462 0.009615384615384616
2 0.3161057692307692 0.5973557692307693 0.007211538461538462 0.007211538461538462
2 0.5745192307692307 0.5637019230769231 0.038461538461538464 0.040865384615384616
1 0.23076923076923078 0.6430288461538461 0.009615384615384616 0.01201923076923077
2 0.5913461538461539 0.5793269230769231 0.004807692307692308 0.004807692307692308
2 0.5889423076923077 0.5841346153846154 0.004807692307692308 0.004807692307692308
1 0.23918269230769232 0.6778846153846154 0.007211538461538462 0.009615384615384616
2 0.5961538461538461 0.6069711538461539 0.009615384615384616 0.007211538461538462
2 0.3870192307692308 0.6586538461538461 0.004807692307692308 0.009615384615384616
2 0.390625 0.6586538461538461 0.007211538461538462 0.009615384615384616
2 0.38822115384615385 0.671875 0.007211538461538462 0.007211538461538462
1 0.3954326923076923 0.6887019230769231 0.007211538461538462 0.007211538461538462
1 0.40024038461538464 0.6959134615384616 0.007211538461538462 0.007211538461538462
1 0.4026442307692308 0.7079326923076923 0.007211538461538462 0.007211538461538462
1 0.43028846153846156 0.7103365384615384 0.009615384615384616 0.01201923076923077
0 0.4387019230769231 0.7091346153846154 0.007211538461538462 0.009615384615384616
1 0.4254807692307692 0.7151442307692307 0.009615384615384616 0.01201923076923077
1 0.4338942307692308 0.7211538461538461 0.007211538461538462 0.009615384615384616
1 0.4254807692307692 0.7223557692307693 0.009615384615384616 0.01201923076923077
0 0.44350961538461536 0.7211538461538461 0.007211538461538462 0.009615384615384616
1 0.2644230769230769 0.7728365384615384 0.009615384615384616 0.01201923076923077
1 0.2932692307692308 0.7728365384615384 0.009615384615384616 0.01201923076923077
0 0.4411057692307692 0.7439903846153846 0.01201923076923077 0.01201923076923077
1 0.3112980769230769 0.7800480769230769 0.007211538461538462 0.01201923076923077
1 0.3858173076923077 0.7764423076923077 0.007211538461538462 0.009615384615384616
1 0.5 0.7560096153846154 0.009615384615384616 0.01201923076923077
2 0.5853365384615384 0.7403846153846154 0.026442307692307692 0.03365384615384615
1 0.5360576923076923 0.7560096153846154 0.009615384615384616 0.01201923076923077
1 0.5576923076923077 0.7560096153846154 0.009615384615384616 0.01201923076923077
1 0.5637019230769231 0.7548076923076923 0.007211538461538462 0.009615384615384616
1 0.5300480769230769 0.7620192307692307 0.007211538461538462 0.009615384615384616
1 0.5240384615384616 0.7632211538461539 0.009615384615384616 0.01201923076923077
1 0.6141826923076923 0.7451923076923077 0.007211538461538462 0.009615384615384616
2 0.3629807692307692 0.8076923076923077 0.004807692307692308 0.004807692307692308
0 0.5997596153846154 0.7692307692307693 0.007211538461538462 0.009615384615384616
2 0.4879807692307692 0.7932692307692307 0.004807692307692308 0.009615384615384616
2 0.4855769230769231 0.7932692307692307 0.004807692307692308 0.009615384615384616
1 0.3317307692307692 0.828125 0.009615384615384616 0.01201923076923077
1 0.2980769230769231 0.8497596153846154 0.009615384615384616 0.01201923076923077
1 0.29086538461538464 0.8521634615384616 0.009615384615384616 0.01201923076923077
