2 0.47836538461538464 0.1971153846153846 0.004807692307692308 0.004807692307692308
2 0.484375 0.19831730769230768 0.007211538461538462 0.007211538461538462
2 0.4831730769230769 0.2439903846153846 0.009615384615384616 0.007211538461538462
2 0.5384615384615384 0.5925480769230769 0.04326923076923077 0.03125
2 0.5973557692307693 0.3641826923076923 0.007211538461538462 0.007211538461538462
2 0.6021634615384616 0.36778846153846156 0.007211538461538462 0.009615384615384616
2 0.5961538461538461 0.4495192307692308 0.009615384615384616 0.004807692307692308
2 0.5961538461538461 0.44711538461538464 0.009615384615384616 0.004807692307692308
2 0.6634615384615384 0.42427884615384615 0.02403846153846154 0.026442307692307692
2 0.6826923076923077 0.5036057692307693 0.04807692307692308 0.036057692307692304
2 0.6658653846153846 0.5997596153846154 0.04807692307692308 0.036057692307692304
2 0.6802884615384616 0.5504807692307693 0.052884615384615384 0.038461538461538464
2 0.7151442307692307 0.5901442307692307 0.03125 0.021634615384615384
2 0.7764423076923077 0.3076923076923077 0.004807692307692308 0.004807692307692308
2 0.78125 0.31009615384615385 0.004807692307692308 0.004807692307692308
2 0.7512019230769231 0.48197115384615385 0.007211538461538462 0.007211538461538462
2 0.7512019230769231 0.4855769230769231 0.007211538461538462 0.004807692307692308
2 0.7752403846153846 0.37740384615384615 0.002403846153846154 0.004807692307692308
2 0.7271634615384616 0.6298076923076923 0.007211538461538462 0.004807692307692308
2 0.7800480769230769 0.3798076923076923 0.002403846153846154 0.004807692307692308
2 0.7247596153846154 0.6454326923076923 0.01201923076923077 0.007211538461538462
2 0.7259615384615384 0.6346153846153846 0.009615384615384616 0.004807692307692308
2 0.7259615384615384 0.6346153846153846 0.009615384615384616 0.004807692307692308
2 0.7271634615384616 0.6298076923076923 0.007211538461538462 0.004807692307692308
2 0.7956730769230769 0.3125 0.004807692307692308 0.004807692307692308
2 0.7836538461538461 0.3798076923076923 0.004807692307692308 0.004807692307692308
2 0.7512019230769231 0.5372596153846154 0.01201923076923077 0.01201923076923077
2 0.7548076923076923 0.5132211538461539 0.004807692307692308 0.002403846153846154
2 0.7560096153846154 0.5192307692307693 0.007211538461538462 0.004807692307692308
2 0.7884615384615384 0.3798076923076923 0.004807692307692308 0.004807692307692308
2 0.3485576923076923 0.23317307692307693 0.009615384615384616 0.004807692307692308
2 0.3557692307692308 0.22956730769230768 0.004807692307692308 0.002403846153846154
