0 0.48988839285714286 0.3066783536585366 0.017926136363636363 0.02494207317073171
1 0.7508756087662338 0.3068521341463415 0.0021570616883116885 0.005777439024390244
1 0.7440300324675324 0.30707621951219516 0.0026704545454545453 0.00500609756097561
1 0.746070413961039 0.30704420731707316 0.002286931818181818 0.006161585365853659
1 0.7484943181818182 0.30726981707317075 0.0026704545454545453 0.00539329268292683
1 0.7530428165584415 0.3073658536585366 0.0020271915584415584 0.005585365853658536
1 0.7556290584415584 0.3073658536585366 0.002329545454545455 0.005585365853658536
1 0.7216801948051949 0.3121493902439024 0.001801948051948052 0.005396341463414634
1 0.7289092938311689 0.31237652439024394 0.0016497564935064938 0.005240853658536586
1 0.7251765422077923 0.31222256097560974 0.001083603896103896 0.004932926829268293
1 0.7268536931818181 0.3124512195121951 0.0015969967532467532 0.004780487804878049
1 0.7178936688311689 0.31228201219512197 0.001534090909090909 0.0062713414634146345
1 0.7232497970779221 0.31241615853658533 0.0012885551948051948 0.005320121951219512
1 0.7196682224025974 0.3124573170731707 0.0014306006493506494 0.006012195121951219
1 0.730708198051948 0.31237652439024394 0.0011891233766233766 0.005240853658536586
0 0.5094237012987013 0.3234115853658536 0.00586038961038961 0.0059695121951219504
0 0.4642126623376623 0.32688719512195125 0.016087662337662338 0.022676829268292682
0 0.4784811282467532 0.32913871951219514 0.012562905844155843 0.01864329268292683
0 0.5778185876623376 0.3331768292682927 0.012780032467532466 0.01757317073170732
1 0.6228145292207792 0.33654268292682926 0.002934253246753247 0.0054024390243902435
1 0.6113676948051948 0.3366570121951219 0.0035795454545454546 0.008679878048780487
0 0.5181929788961039 0.33712652439024393 0.01406452922077922 0.022423780487804877
1 0.6150943587662338 0.33712042682926835 0.003321834415584416 0.006557926829268293
0 0.633864650974026 0.33898170731707317 0.004742288961038961 0.013939024390243903
0 0.564320211038961 0.3402530487804878 0.0048579545454545455 0.014652439024390245
1 0.596695413961039 0.3410685975609756 0.003455762987012987 0.00713719512195122
0 0.4408340097402597 0.34739634146341464 0.008697240259740259 0.00576829268292683
0 0.6661343344155845 0.4039862804878049 0.020174512987012987 0.023826219512195122
0 0.566700487012987 0.4070990853658537 0.02301136363636364 0.022125
0 0.4130499188311688 0.411922256097561 0.013193993506493506 0.018966463414634146
2 0.7930915178571428 0.4155853658536585 0.006231737012987014 0.005560975609756097
1 0.45951298701298704 0.416452743902439 0.004253246753246754 0.003027439024390244
0 0.7493445616883117 0.4195045731707317 0.007617694805194805 0.006082317073170732
2 0.7932640016233766 0.4215091463414634 0.007388392857142856 0.005213414634146342
2 0.7458715503246753 0.4289085365853658 0.003106737012987013 0.009036585365853658
0 0.8073650568181818 0.4330685975609756 0.018139204545454545 0.027112804878048784
1 0.4570261769480519 0.4348765243902439 0.002120535714285714 0.006948170731707317
1 0.4959577922077922 0.4414390243902439 0.0032792207792207793 0.007878048780487805
1 0.46682122564935064 0.4420487804878049 0.004259334415584415 0.007878048780487805
1 0.5058999594155844 0.44269054878048786 0.0024655032467532467 0.008551829268292684
1 0.43877333603896107 0.4460411585365854 0.0057934253246753244 0.004277439024390243
0 0.7287246347402598 0.46160365853658536 0.014673295454545454 0.021378048780487807
0 0.6596185064935065 0.47227896341463416 0.01810064935064935 0.023826219512195122
1 0.6707883522727273 0.47609451219512194 0.003914366883116883 0.0034085365853658537
1 0.6709090909090909 0.47938719512195127 0.004561688311688312 0.0026768292682926827
0 0.4106452922077922 0.4833567073170732 0.017719155844155843 0.024030487804878046
1 0.6707883522727273 0.4839603658536586 0.003914366883116883 0.003896341463414634
1 0.6712885551948052 0.48822865853658537 0.005320616883116883 0.003896341463414634
1 0.6707619724025974 0.4926798780487805 0.004673295454545455 0.003652439024390244
1 0.6707609577922078 0.4968262195121951 0.005482954545454545 0.0034085365853658537
1 0.6708837256493506 0.5008506097560975 0.005322646103896104 0.002920731707317073
0 0.4233187905844155 0.5023079268292683 0.01952719155844156 0.025347560975609758
1 0.67096387987013 0.5041432926829268 0.006294642857142857 0.0034085365853658537
1 0.6714914772727273 0.5084725609756098 0.005320616883116883 0.004140243902439025
1 0.6712479707792207 0.511765243902439 0.005645292207792208 0.0034085365853658537
1 0.671208400974026 0.5156067073170731 0.0043486201298701295 0.004384146341463415
0 0.814075689935065 0.5185198170731707 0.013703327922077922 0.019966463414634143
0 0.4119237012987013 0.5188993902439024 0.016623376623376623 0.032920731707317075
1 0.671208400974026 0.5195091463414634 0.0051603084415584415 0.003652439024390244
0 0.4281655844155844 0.5235045731707317 0.016639610389610388 0.026277439024390243
1 0.6708441558441559 0.5248140243902439 0.004025974025974026 0.003896341463414634
1 0.6710866477272727 0.528594512195122 0.005322646103896104 0.004140243902439025
1 0.6712489853896104 0.5332286585365854 0.004835633116883117 0.003652439024390244
1 0.6715746753246753 0.5365823170731707 0.004675324675324675 0.003652439024390244
1 0.6717359983766233 0.5406676829268293 0.004997970779220779 0.003896341463414634
1 0.6716964285714285 0.5445091463414634 0.004512987012987013 0.003652439024390244
1 0.6714519074675325 0.5484725609756098 0.005647321428571429 0.003652439024390244
1 0.6716152597402597 0.552922256097561 0.0051623376623376625 0.004625
2 0.4165056818181818 0.5555868902439024 0.025381493506493505 0.03983231707317073
1 0.6712905844155844 0.5588384146341463 0.004512987012987013 0.003652439024390244
1 0.6716152597402597 0.562375 0.0043506493506493505 0.0034085365853658537
0 0.5956838474025974 0.5634634146341464 0.003461850649350649 0.010463414634146342
2 0.6522351866883117 0.5659588414634147 0.0069866071428571425 0.005088414634146342
0 0.576981534090909 0.5659801829268293 0.016787743506493508 0.02586280487804878
1 0.6717775974025973 0.567375 0.004675324675324675 0.003652439024390244
2 0.6520109577922079 0.5712713414634146 0.008973214285714286 0.00473780487804878
1 0.6719805194805195 0.5712164634146342 0.004675324675324675 0.0034085365853658537
1 0.6716558441558441 0.577922256097561 0.004837662337662338 0.004625
0 0.6066730925324675 0.5807118902439025 0.01651176948051948 0.024838414634146343
1 0.6716964285714285 0.5826189024390244 0.004512987012987013 0.003652439024390244
2 0.5698579545454546 0.5828567073170732 0.002946428571428571 0.009615853658536585
2 0.5735186688311689 0.5832301829268293 0.0029626623376623378 0.010972560975609757
0 0.6513768262987013 0.5858917682926829 0.01622767857142857 0.024222560975609757
0 0.6317664366883117 0.589157012195122 0.016779626623376624 0.02709451219512195
1 0.6722656250000001 0.5896920731707317 0.004028003246753247 0.0031646341463414636
1 0.6721844561688312 0.5935945121951219 0.0038656655844155844 0.003652439024390244
0 0.42373883928571426 0.5943993902439024 0.005351055194805195 0.0034329268292682927
0 0.6006757305194805 0.5977774390243903 0.002893668831168831 0.007140243902439025
1 0.6726704545454546 0.603594512195122 0.004837662337662338 0.002920731707317073
1 0.6725091314935064 0.6066432926829268 0.004515016233766234 0.002920731707317073
0 0.40943283279220777 0.6095091463414635 0.008800730519480519 0.012920731707317074
1 0.6718587662337663 0.612922256097561 0.004837662337662338 0.005112804878048781
0 0.5385846185064935 0.613125 0.006958198051948051 0.0042987804878048775
1 0.6718587662337663 0.6170091463414634 0.004837662337662338 0.002920731707317073
0 0.5388585633116882 0.6185640243902439 0.006694399350649351 0.003591463414634146
0 0.6007376217532467 0.6313018292682927 0.007075892857142857 0.004676829268292683
0 0.702799310064935 0.6325655487804879 0.019640827922077924 0.030375
0 0.5848356331168831 0.633219512195122 0.004492694805194805 0.003024390243902439
2 0.6093415178571429 0.6447088414634147 0.023471996753246755 0.019295731707317073
0 0.522877435064935 0.6470731707317073 0.016128246753246755 0.020365853658536586
0 0.4792704951298701 0.6497713414634146 0.013735795454545454 0.023323170731707317
0 0.4488676948051948 0.650920731707317 0.014618506493506494 0.025621951219512197
0 0.4960572240259741 0.6529375000000001 0.014030032467532467 0.02660670731707317
0 0.5791852678571429 0.667797256097561 0.026065340909090906 0.04413109756097561
0 0.6021235795454545 0.6690015243902439 0.014312094155844156 0.020320121951219513
0 0.703552150974026 0.6729344512195121 0.01911728896103896 0.028795731707317074
1 0.621747159090909 0.6784054878048781 0.0048579545454545455 0.0037621951219512194
2 0.5364620535714285 0.6784512195121952 0.027063717532467533 0.04348780487804878
2 0.43751318993506494 0.6813414634146342 0.030058847402597403 0.045
2 0.4873092532467532 0.6856966463414634 0.028189935064935064 0.04639329268292683
0 0.632609577922078 0.6894253048780488 0.009943181818181818 0.019704268292682927
0 0.4132751623376623 0.6970823170731707 0.019326298701298702 0.03623780487804878
0 0.5204088879870129 0.6995228658536585 0.007132711038961038 0.0051432926829268295
0 0.5874096996753247 0.7134298780487806 0.01775771103896104 0.026859756097560975
1 0.677007913961039 0.7169451219512195 0.0033664772727272727 0.007060975609756098
0 0.5232508116883117 0.7193003048780487 0.015657467532467533 0.027015243902439024
1 0.6602861201298701 0.7265213414634145 0.004013798701298701 0.003652439024390244
1 0.6649898538961039 0.7270076219512195 0.004898538961038961 0.004625
1 0.6547625811688312 0.7271920731707318 0.003924512987012987 0.004384146341463415
1 0.6390249594155843 0.7272500000000001 0.0020758928571428573 0.006329268292682927
0 0.4945941558441559 0.727859756097561 0.015974025974025974 0.02828048780487805
2 0.45644886363636367 0.728266768292683 0.017199675324675326 0.027875
0 0.47800121753246755 0.7286036585365854 0.018502435064935065 0.031597560975609756
1 0.6347625811688312 0.7308490853658537 0.0036972402597402593 0.005600609756097562
2 0.7445931412337662 0.7311814024390244 0.005014204545454546 0.0032164634146341466
0 0.5572128652597403 0.7337789634146342 0.017023133116883117 0.0224359756097561
2 0.7446296672077922 0.735015243902439 0.0050872564935064936 0.003567073170731707
1 0.6313129058441559 0.7360945121951219 0.004508928571428571 0.003896341463414634
2 0.5702262581168831 0.7419009146341463 0.0032771915584415582 0.007582317073170732
2 0.5667522321428571 0.7425899390243903 0.002822646103896104 0.007740853658536585
2 0.6771976461038961 0.744670731707317 0.004557629870129871 0.0027560975609756096
2 0.4200334821428572 0.7479024390243902 0.0024046266233766233 0.007390243902439024
0 0.6885673701298701 0.7478125 0.00497564935064935 0.012698170731707316
2 0.6771367694805195 0.7482179878048781 0.004841720779220779 0.0025335365853658537
2 0.40474330357142857 0.7484039634146341 0.004697646103896103 0.012051829268292683
2 0.41756290584415584 0.7487698170731708 0.0019277597402597403 0.008515243902439025
2 0.41545150162337663 0.7488780487804878 0.002169237012987013 0.008121951219512195
2 0.42234374999999996 0.7492271341463415 0.002966720779220779 0.007600609756097561
2 0.7447189529220779 0.7502179878048781 0.005265827922077922 0.0034847560975609757
2 0.6773325892857143 0.7518460365853658 0.004827516233766233 0.0030823170731707314
2 0.5161109983766233 0.7521829268292682 0.008683035714285714 0.00802439024390244
2 0.5401948051948052 0.7528856707317073 0.0024675324675324677 0.005771341463414634
2 0.5355570211038961 0.753405487804878 0.00252637987012987 0.0068109756097560975
2 0.5378987418831168 0.753422256097561 0.0015280032467532467 0.006234756097560975
2 0.6771205357142857 0.7554664634146341 0.004809253246753247 0.0030060975609756094
0 0.7061241883116883 0.7850746951219513 0.008433441558441558 0.0067347560975609755
0 0.41018364448051947 0.24203353658536586 0.00705560064935065 0.00845731707317073
0 0.6939478490259741 0.2617515243902439 0.0161424512987013 0.019234756097560975
2 0.7312976866883117 0.2945518292682927 0.0027739448051948053 0.008615853658536586
2 0.7340939529220779 0.30191920731707317 0.0018729707792207793 0.006277439024390244
0 0.5911668019480519 0.3034161585365854 0.01512581168831169 0.027564024390243903
