2 0.6646634615384616 0.46875 0.007211538461538462 0.009615384615384616
1 0.6670673076923077 0.5420673076923077 0.01201923076923077 0.007211538461538462
2 0.6430288461538461 0.4230769230769231 0.036057692307692304 0.019230769230769232
1 0.6730769230769231 0.7463942307692307 0.009615384615384616 0.007211538461538462
2 0.6370192307692307 0.5060096153846154 0.038461538461538464 0.036057692307692304
0 0.6274038461538461 0.5769230769230769 0.004807692307692308 0.004807692307692308
0 0.6274038461538461 0.5817307692307693 0.004807692307692308 0.004807692307692308
0 0.6274038461538461 0.5865384615384616 0.004807692307692308 0.004807692307692308
0 0.6274038461538461 0.59375 0.004807692307692308 0.004807692307692308
1 0.6225961538461539 0.8040865384615384 0.009615384615384616 0.007211538461538462
1 0.6057692307692307 0.8064903846153846 0.009615384615384616 0.007211538461538462
0 0.5480769230769231 0.4543269230769231 0.009615384615384616 0.009615384615384616
1 0.5769230769230769 0.8100961538461539 0.009615384615384616 0.009615384615384616
1 0.5649038461538461 0.7644230769230769 0.009615384615384616 0.009615384615384616
1 0.5673076923076923 0.78125 0.009615384615384616 0.009615384615384616
1 0.5600961538461539 0.7572115384615384 0.009615384615384616 0.009615384615384616
1 0.5697115384615384 0.8125 0.009615384615384616 0.009615384615384616
0 0.5144230769230769 0.4338942307692308 0.014423076923076924 0.01201923076923077
0 0.5168269230769231 0.4543269230769231 0.009615384615384616 0.009615384615384616
0 0.5144230769230769 0.46274038461538464 0.009615384615384616 0.007211538461538462
2 0.5480769230769231 0.7151442307692307 0.004807692307692308 0.002403846153846154
1 0.5552884615384616 0.7716346153846154 0.009615384615384616 0.009615384615384616
1 0.5528846153846154 0.7644230769230769 0.009615384615384616 0.009615384615384616
0 0.5096153846153846 0.5 0.009615384615384616 0.009615384615384616
0 0.5072115384615384 0.47596153846153844 0.009615384615384616 0.009615384615384616
0 0.5072115384615384 0.4831730769230769 0.009615384615384616 0.009615384615384616
1 0.5408653846153846 0.7872596153846154 0.009615384615384616 0.007211538461538462
2 0.4735576923076923 0.7079326923076923 0.004807692307692308 0.007211538461538462
2 0.4170673076923077 0.45072115384615385 0.040865384615384616 0.036057692307692304
1 0.45913461538461536 0.8028846153846154 0.009615384615384616 0.009615384615384616
2 0.3942307692307692 0.4423076923076923 0.004807692307692308 0.004807692307692308
2 0.3918269230769231 0.44711538461538464 0.004807692307692308 0.004807692307692308
1 0.4230769230769231 0.8064903846153846 0.009615384615384616 0.007211538461538462
2 0.36899038461538464 0.44711538461538464 0.007211538461538462 0.009615384615384616
2 0.3918269230769231 0.6610576923076923 0.009615384615384616 0.004807692307692308
2 0.3894230769230769 0.6574519230769231 0.009615384615384616 0.007211538461538462
2 0.37740384615384615 0.6646634615384616 0.004807692307692308 0.007211538461538462
1 0.36177884615384615 0.6634615384615384 0.007211538461538462 0.004807692307692308
1 0.34975961538461536 0.6610576923076923 0.007211538461538462 0.004807692307692308
1 0.3401442307692308 0.6634615384615384 0.007211538461538462 0.004807692307692308
1 0.3269230769230769 0.6370192307692307 0.009615384615384616 0.009615384615384616
0 0.3269230769230769 0.6286057692307693 0.009615384615384616 0.007211538461538462
1 0.3245192307692308 0.6442307692307693 0.009615384615384616 0.009615384615384616
1 0.31490384615384615 0.6382211538461539 0.009615384615384616 0.007211538461538462
1 0.3173076923076923 0.6466346153846154 0.009615384615384616 0.009615384615384616
0 0.3125 0.6286057692307693 0.009615384615384616 0.007211538461538462
1 0.3245192307692308 0.8149038461538461 0.009615384615384616 0.009615384615384616
1 0.31490384615384615 0.7884615384615384 0.009615384615384616 0.009615384615384616
0 0.2920673076923077 0.640625 0.01201923076923077 0.01201923076923077
1 0.3016826923076923 0.7728365384615384 0.01201923076923077 0.007211538461538462
1 0.28125 0.7007211538461539 0.009615384615384616 0.007211538461538462
1 0.25961538461538464 0.5889423076923077 0.009615384615384616 0.009615384615384616
2 0.24519230769230768 0.5024038461538461 0.03365384615384615 0.02403846153846154
1 0.24759615384615385 0.5552884615384616 0.009615384615384616 0.009615384615384616
1 0.24278846153846154 0.5336538461538461 0.009615384615384616 0.009615384615384616
1 0.2403846153846154 0.5276442307692307 0.009615384615384616 0.007211538461538462
1 0.24519230769230768 0.5637019230769231 0.009615384615384616 0.007211538461538462
1 0.24519230769230768 0.5697115384615384 0.009615384615384616 0.009615384615384616
1 0.23317307692307693 0.47716346153846156 0.009615384615384616 0.007211538461538462
2 0.25961538461538464 0.7355769230769231 0.004807692307692308 0.004807692307692308
0 0.21634615384615385 0.4987980769230769 0.009615384615384616 0.007211538461538462
2 0.23076923076923078 0.6105769230769231 0.009615384615384616 0.004807692307692308
2 0.23076923076923078 0.6153846153846154 0.009615384615384616 0.004807692307692308
1 0.25 0.7692307692307693 0.009615384615384616 0.009615384615384616
1 0.2403846153846154 0.8100961538461539 0.009615384615384616 0.009615384615384616
1 0.24278846153846154 0.8173076923076923 0.009615384615384616 0.009615384615384616
