1 0.3317307692307692 0.3858173076923077 0.009615384615384616 0.007211538461538462
1 0.34134615384615385 0.38822115384615385 0.009615384615384616 0.007211538461538462
2 0.34134615384615385 0.453125 0.009615384615384616 0.007211538461538462
2 0.34134615384615385 0.45552884615384615 0.009615384615384616 0.007211538461538462
1 0.3798076923076923 0.3713942307692308 0.009615384615384616 0.007211538461538462
1 0.38221153846153844 0.36658653846153844 0.009615384615384616 0.007211538461538462
1 0.38461538461538464 0.34975961538461536 0.009615384615384616 0.007211538461538462
1 0.38461538461538464 0.3449519230769231 0.009615384615384616 0.007211538461538462
1 0.38221153846153844 0.3545673076923077 0.009615384615384616 0.007211538461538462
1 0.3786057692307692 0.38822115384615385 0.01201923076923077 0.007211538461538462
1 0.3870192307692308 0.3401442307692308 0.009615384615384616 0.007211538461538462
1 0.3786057692307692 0.38341346153846156 0.01201923076923077 0.007211538461538462
1 0.3870192307692308 0.33774038461538464 0.009615384615384616 0.007211538461538462
1 0.4230769230769231 0.32211538461538464 0.014423076923076924 0.009615384615384616
1 0.421875 0.3293269230769231 0.01201923076923077 0.009615384615384616
1 0.42427884615384615 0.3161057692307692 0.016826923076923076 0.01201923076923077
1 0.42908653846153844 0.2920673076923077 0.016826923076923076 0.01201923076923077
1 0.4266826923076923 0.29927884615384615 0.016826923076923076 0.01201923076923077
1 0.4266826923076923 0.30649038461538464 0.016826923076923076 0.01201923076923077
2 0.43509615384615385 0.3389423076923077 0.009615384615384616 0.009615384615384616
1 0.46153846153846156 0.3449519230769231 0.009615384615384616 0.007211538461538462
1 0.4735576923076923 0.3473557692307692 0.009615384615384616 0.007211538461538462
1 0.4831730769230769 0.34975961538461536 0.009615384615384616 0.007211538461538462
2 0.49759615384615385 0.30288461538461536 0.009615384615384616 0.009615384615384616
1 0.49759615384615385 0.3425480769230769 0.009615384615384616 0.007211538461538462
1 0.5 0.3269230769230769 0.009615384615384616 0.009615384615384616
1 0.5 0.3329326923076923 0.009615384615384616 0.007211538461538462
2 0.5048076923076923 0.31009615384615385 0.009615384615384616 0.009615384615384616
1 0.5985576923076923 0.3858173076923077 0.009615384615384616 0.007211538461538462
1 0.6129807692307693 0.390625 0.009615384615384616 0.007211538461538462
1 0.6274038461538461 0.36658653846153844 0.009615384615384616 0.007211538461538462
2 0.6706730769230769 0.46875 0.004807692307692308 0.004807692307692308
2 0.6766826923076923 0.4699519230769231 0.007211538461538462 0.007211538461538462
2 0.6850961538461539 0.45913461538461536 0.004807692307692308 0.004807692307692308
2 0.6850961538461539 0.4639423076923077 0.004807692307692308 0.004807692307692308
2 0.6875 0.48677884615384615 0.009615384615384616 0.007211538461538462
2 0.7572115384615384 0.3629807692307692 0.004807692307692308 0.004807692307692308
2 0.7620192307692307 0.45072115384615385 0.009615384615384616 0.007211538461538462
2 0.7716346153846154 0.45552884615384615 0.009615384615384616 0.007211538461538462
2 0.1778846153846154 0.39903846153846156 0.04326923076923077 0.014423076923076924
2 0.21033653846153846 0.3545673076923077 0.05048076923076923 0.036057692307692304
2 0.25721153846153844 0.421875 0.009615384615384616 0.007211538461538462
2 0.2644230769230769 0.41466346153846156 0.009615384615384616 0.007211538461538462
2 0.2860576923076923 0.42427884615384615 0.009615384615384616 0.007211538461538462
2 0.3076923076923077 0.31971153846153844 0.004807692307692308 0.004807692307692308
1 0.31850961538461536 0.38341346153846156 0.01201923076923077 0.007211538461538462
