2 0.6346153846153846 0.7740384615384616 0.004807692307692308 0.004807692307692308
2 0.6274038461538461 0.7752403846153846 0.004807692307692308 0.007211538461538462
2 0.6129807692307693 0.7319711538461539 0.009615384615384616 0.007211538461538462
2 0.43149038461538464 0.42908653846153844 0.040865384615384616 0.03125
2 0.46153846153846156 0.6622596153846154 0.004807692307692308 0.007211538461538462
2 0.4579326923076923 0.6610576923076923 0.007211538461538462 0.009615384615384616
2 0.43028846153846156 0.5841346153846154 0.009615384615384616 0.004807692307692308
2 0.4326923076923077 0.5865384615384616 0.009615384615384616 0.004807692307692308
2 0.37740384615384615 0.6334134615384616 0.02403846153846154 0.026442307692307692
2 0.3293269230769231 0.5661057692307693 0.04807692307692308 0.036057692307692304
2 0.31009615384615385 0.4699519230769231 0.04807692307692308 0.036057692307692304
2 0.31490384615384615 0.5204326923076923 0.052884615384615384 0.036057692307692304
2 0.26802884615384615 0.4987980769230769 0.03125 0.021634615384615384
2 0.31490384615384615 0.78125 0.004807692307692308 0.004807692307692308
2 0.31009615384615385 0.7836538461538461 0.004807692307692308 0.004807692307692308
2 0.27524038461538464 0.6105769230769231 0.007211538461538462 0.004807692307692308
2 0.27283653846153844 0.6081730769230769 0.007211538461538462 0.004807692307692308
2 0.2920673076923077 0.7163461538461539 0.002403846153846154 0.004807692307692308
2 0.24158653846153846 0.4639423076923077 0.007211538461538462 0.004807692307692308
2 0.28725961538461536 0.71875 0.002403846153846154 0.004807692307692308
2 0.23918269230769232 0.45072115384615385 0.01201923076923077 0.007211538461538462
2 0.2403846153846154 0.46153846153846156 0.009615384615384616 0.004807692307692308
2 0.2403846153846154 0.46153846153846156 0.009615384615384616 0.004807692307692308
2 0.24158653846153846 0.46634615384615385 0.007211538461538462 0.004807692307692308
2 0.2980769230769231 0.7860576923076923 0.004807692307692308 0.004807692307692308
2 0.28365384615384615 0.71875 0.004807692307692308 0.004807692307692308
2 0.2536057692307692 0.5588942307692307 0.01201923076923077 0.01201923076923077
2 0.25961538461538464 0.5829326923076923 0.004807692307692308 0.002403846153846154
2 0.25600961538461536 0.5793269230769231 0.007211538461538462 0.004807692307692308
2 0.27884615384615385 0.71875 0.004807692307692308 0.004807692307692308
2 0.7427884615384616 0.6923076923076923 0.009615384615384616 0.004807692307692308
2 0.7355769230769231 0.6959134615384616 0.004807692307692308 0.002403846153846154
