1 0.6658653846153846 0.38100961538461536 0.009615384615384616 0.007211538461538462
1 0.6538461538461539 0.38341346153846156 0.009615384615384616 0.007211538461538462
2 0.6586538461538461 0.4483173076923077 0.009615384615384616 0.007211538461538462
2 0.6586538461538461 0.45072115384615385 0.009615384615384616 0.007211538461538462
1 0.6177884615384616 0.36658653846153844 0.009615384615384616 0.007211538461538462
1 0.6153846153846154 0.36177884615384615 0.009615384615384616 0.007211538461538462
1 0.6105769230769231 0.3473557692307692 0.009615384615384616 0.007211538461538462
1 0.6105769230769231 0.3425480769230769 0.009615384615384616 0.007211538461538462
1 0.6129807692307693 0.35216346153846156 0.009615384615384616 0.007211538461538462
1 0.6189903846153846 0.38341346153846156 0.01201923076923077 0.007211538461538462
1 0.6105769230769231 0.33774038461538464 0.009615384615384616 0.007211538461538462
1 0.6165865384615384 0.38100961538461536 0.01201923076923077 0.007211538461538462
1 0.6081730769230769 0.3329326923076923 0.009615384615384616 0.007211538461538462
1 0.5721153846153846 0.31971153846153844 0.014423076923076924 0.009615384615384616
1 0.5745192307692307 0.3269230769230769 0.014423076923076924 0.009615384615384616
1 0.5709134615384616 0.3112980769230769 0.016826923076923076 0.01201923076923077
1 0.5661057692307693 0.28966346153846156 0.016826923076923076 0.01201923076923077
1 0.5661057692307693 0.296875 0.016826923076923076 0.01201923076923077
1 0.5685096153846154 0.30408653846153844 0.016826923076923076 0.01201923076923077
2 0.5600961538461539 0.33774038461538464 0.009615384615384616 0.01201923076923077
1 0.5336538461538461 0.3425480769230769 0.009615384615384616 0.007211538461538462
1 0.5240384615384616 0.3473557692307692 0.009615384615384616 0.007211538461538462
1 0.5120192307692307 0.3473557692307692 0.009615384615384616 0.007211538461538462
2 0.49759615384615385 0.30408653846153844 0.009615384615384616 0.01201923076923077
1 0.49759615384615385 0.3425480769230769 0.009615384615384616 0.007211538461538462
1 0.49399038461538464 0.3269230769230769 0.01201923076923077 0.009615384615384616
1 0.4951923076923077 0.3329326923076923 0.009615384615384616 0.007211538461538462
2 0.49038461538461536 0.3088942307692308 0.009615384615384616 0.01201923076923077
1 0.39903846153846156 0.38822115384615385 0.009615384615384616 0.007211538461538462
1 0.38221153846153844 0.39302884615384615 0.009615384615384616 0.007211538461538462
1 0.3701923076923077 0.3713942307692308 0.009615384615384616 0.007211538461538462
2 0.3293269230769231 0.47596153846153844 0.004807692307692308 0.004807692307692308
2 0.3245192307692308 0.47596153846153844 0.009615384615384616 0.009615384615384616
2 0.31490384615384615 0.46634615384615385 0.004807692307692308 0.004807692307692308
2 0.3173076923076923 0.47115384615384615 0.004807692307692308 0.004807692307692308
2 0.3125 0.49158653846153844 0.009615384615384616 0.007211538461538462
2 0.2403846153846154 0.37259615384615385 0.004807692307692308 0.004807692307692308
2 0.23798076923076922 0.46033653846153844 0.009615384615384616 0.007211538461538462
2 0.2283653846153846 0.4651442307692308 0.009615384615384616 0.007211538461538462
2 0.8197115384615384 0.38822115384615385 0.04326923076923077 0.016826923076923076
2 0.7848557692307693 0.34615384615384615 0.05048076923076923 0.038461538461538464
2 0.7403846153846154 0.41225961538461536 0.009615384615384616 0.007211538461538462
2 0.7331730769230769 0.4050480769230769 0.009615384615384616 0.007211538461538462
2 0.7115384615384616 0.4170673076923077 0.009615384615384616 0.007211538461538462
2 0.6875 0.3125 0.004807692307692308 0.004807692307692308
1 0.6790865384615384 0.3762019230769231 0.01201923076923077 0.007211538461538462
