2 0.6274038461538461 0.3233173076923077 0.004807692307692308 0.007211538461538462
2 0.6081730769230769 0.328125 0.004807692307692308 0.007211538461538462
2 0.5661057692307693 0.37740384615384615 0.007211538461538462 0.009615384615384616
2 0.6298076923076923 0.3701923076923077 0.004807692307692308 0.004807692307692308
2 0.6418269230769231 0.39663461538461536 0.004807692307692308 0.009615384615384616
2 0.6394230769230769 0.4362980769230769 0.004807692307692308 0.007211538461538462
2 0.6021634615384616 0.44711538461538464 0.007211538461538462 0.014423076923076924
2 0.5901442307692307 0.4519230769230769 0.007211538461538462 0.014423076923076924
2 0.6213942307692307 0.44711538461538464 0.007211538461538462 0.009615384615384616
2 0.5456730769230769 0.4651442307692308 0.004807692307692308 0.007211538461538462
2 0.53125 0.46875 0.004807692307692308 0.009615384615384616
2 0.6105769230769231 0.45913461538461536 0.004807692307692308 0.004807692307692308
2 0.7800480769230769 0.44471153846153844 0.007211538461538462 0.014423076923076924
2 0.7848557692307693 0.44471153846153844 0.007211538461538462 0.014423076923076924
2 0.7644230769230769 0.4879807692307692 0.004807692307692308 0.004807692307692308
2 0.7644230769230769 0.49158653846153844 0.004807692307692308 0.002403846153846154
2 0.7740384615384616 0.4891826923076923 0.004807692307692308 0.002403846153846154
2 0.7644230769230769 0.4951923076923077 0.004807692307692308 0.004807692307692308
2 0.7668269230769231 0.5 0.004807692307692308 0.004807692307692308
2 0.7139423076923077 0.5120192307692307 0.004807692307692308 0.009615384615384616
2 0.7764423076923077 0.5048076923076923 0.004807692307692308 0.004807692307692308
2 0.7764423076923077 0.5072115384615384 0.004807692307692308 0.004807692307692308
2 0.7692307692307693 0.5120192307692307 0.004807692307692308 0.004807692307692308
2 0.7163461538461539 0.5420673076923077 0.004807692307692308 0.002403846153846154
2 0.8040865384615384 0.5408653846153846 0.007211538461538462 0.014423076923076924
2 0.4723557692307692 0.6129807692307693 0.007211538461538462 0.014423076923076924
2 0.6274038461538461 0.6538461538461539 0.004807692307692308 0.004807692307692308
2 0.6225961538461539 0.6550480769230769 0.004807692307692308 0.007211538461538462
2 0.6177884615384616 0.6574519230769231 0.004807692307692308 0.007211538461538462
2 0.6129807692307693 0.6574519230769231 0.004807692307692308 0.007211538461538462
2 0.6153846153846154 0.6574519230769231 0.004807692307692308 0.007211538461538462
2 0.6394230769230769 0.6586538461538461 0.004807692307692308 0.009615384615384616
2 0.6370192307692307 0.6574519230769231 0.004807692307692308 0.007211538461538462
2 0.6610576923076923 0.6983173076923077 0.004807692307692308 0.007211538461538462
2 0.6802884615384616 0.7560096153846154 0.004807692307692308 0.007211538461538462
2 0.65625 0.7632211538461539 0.004807692307692308 0.007211538461538462
2 0.6466346153846154 0.7668269230769231 0.004807692307692308 0.009615384615384616
2 0.5096153846153846 0.8112980769230769 0.004807692307692308 0.007211538461538462
2 0.5300480769230769 0.8353365384615384 0.01201923076923077 0.021634615384615384
2 0.49278846153846156 0.8461538461538461 0.004807692307692308 0.004807692307692308
2 0.6706730769230769 0.8257211538461539 0.004807692307692308 0.002403846153846154
2 0.6634615384615384 0.8269230769230769 0.004807692307692308 0.004807692307692308
2 0.6466346153846154 0.8317307692307693 0.004807692307692308 0.004807692307692308
2 0.65625 0.8293269230769231 0.004807692307692308 0.004807692307692308
2 0.6514423076923077 0.8293269230769231 0.004807692307692308 0.004807692307692308
2 0.6346153846153846 0.8341346153846154 0.004807692307692308 0.004807692307692308
2 0.6418269230769231 0.8353365384615384 0.004807692307692308 0.002403846153846154
2 0.6802884615384616 0.22235576923076922 0.009615384615384616 0.007211538461538462
2 0.6153846153846154 0.23918269230769232 0.004807692307692308 0.007211538461538462
2 0.6622596153846154 0.23557692307692307 0.002403846153846154 0.004807692307692308
2 0.6538461538461539 0.23918269230769232 0.004807692307692308 0.007211538461538462
2 0.5961538461538461 0.24879807692307693 0.004807692307692308 0.007211538461538462
2 0.5084134615384616 0.2764423076923077 0.007211538461538462 0.009615384615384616
2 0.6141826923076923 0.27163461538461536 0.007211538461538462 0.009615384615384616
2 0.6274038461538461 0.27163461538461536 0.004807692307692308 0.009615384615384616
