2 0.6646634615384616 0.35096153846153844 0.007211538461538462 0.009615384615384616
2 0.65625 0.35096153846153844 0.004807692307692308 0.009615384615384616
2 0.6490384615384616 0.35096153846153844 0.004807692307692308 0.009615384615384616
2 0.6418269230769231 0.35096153846153844 0.004807692307692308 0.009615384615384616
2 0.5973557692307693 0.3557692307692308 0.01201923076923077 0.004807692307692308
2 0.5817307692307693 0.4519230769230769 0.004807692307692308 0.004807692307692308
2 0.5721153846153846 0.4519230769230769 0.004807692307692308 0.004807692307692308
2 0.5528846153846154 0.4519230769230769 0.004807692307692308 0.004807692307692308
2 0.48677884615384615 0.4266826923076923 0.007211538461538462 0.002403846153846154
2 0.44471153846153844 0.46274038461538464 0.009615384615384616 0.002403846153846154
2 0.42908653846153844 0.46274038461538464 0.007211538461538462 0.002403846153846154
1 0.421875 0.3942307692307692 0.007211538461538462 0.004807692307692308
1 0.41346153846153844 0.3942307692307692 0.004807692307692308 0.004807692307692308
2 0.41225961538461536 0.46274038461538464 0.007211538461538462 0.002403846153846154
2 0.4050480769230769 0.3329326923076923 0.007211538461538462 0.002403846153846154
1 0.40625 0.39663461538461536 0.004807692307692308 0.004807692307692308
2 0.39783653846153844 0.328125 0.007211538461538462 0.002403846153846154
1 0.39783653846153844 0.3942307692307692 0.007211538461538462 0.004807692307692308
1 0.3762019230769231 0.41586538461538464 0.007211538461538462 0.004807692307692308
1 0.375 0.4206730769230769 0.004807692307692308 0.004807692307692308
2 0.3269230769230769 0.38341346153846156 0.009615384615384616 0.002403846153846154
2 0.3125 0.4014423076923077 0.004807692307692308 0.004807692307692308
2 0.3076923076923077 0.4014423076923077 0.004807692307692308 0.004807692307692308
2 0.2548076923076923 0.4567307692307692 0.004807692307692308 0.004807692307692308
2 0.25 0.45552884615384615 0.004807692307692308 0.007211538461538462
2 0.23557692307692307 0.45913461538461536 0.004807692307692308 0.004807692307692308
2 0.22596153846153846 0.40384615384615385 0.02403846153846154 0.009615384615384616
2 0.20192307692307693 0.38221153846153844 0.02403846153846154 0.009615384615384616
2 0.7620192307692307 0.44591346153846156 0.009615384615384616 0.002403846153846154
2 0.75 0.44711538461538464 0.009615384615384616 0.004807692307692308
2 0.7235576923076923 0.44711538461538464 0.004807692307692308 0.004807692307692308
2 0.7211538461538461 0.39663461538461536 0.004807692307692308 0.009615384615384616
2 0.7163461538461539 0.4483173076923077 0.004807692307692308 0.007211538461538462
