0 0.6621012581168831 0.31110365853658534 0.004803165584415584 0.005134146341463415
0 0.6747260551948052 0.31308231707317075 0.011383928571428571 0.015798780487804878
0 0.6607355925324675 0.32097560975609757 0.013029626623376622 0.015121951219512196
1 0.531351461038961 0.33331859756097565 0.004667207792207792 0.01663719512195122
1 0.5262439123376623 0.33365701219512195 0.005815746753246753 0.01609451219512195
1 0.7202475649350649 0.3342057926829268 0.005430194805194805 0.016582317073170733
2 0.5193060064935064 0.3354664634146341 0.0037094155844155847 0.00995731707317073
2 0.5151065340909091 0.3354984756097561 0.003427353896103896 0.010631097560975609
0 0.5801653814935065 0.35285823170731706 0.010980113636363637 0.015472560975609756
0 0.6965229301948053 0.36121341463414636 0.021292613636363637 0.03279268292682927
1 0.5584953327922078 0.3625548780487805 0.004977678571428571 0.004378048780487804
1 0.5588037743506493 0.36780487804878054 0.0051887175324675325 0.005121951219512195
1 0.5587347808441558 0.3740579268292683 0.005456574675324675 0.004823170731707317
0 0.6490259740259741 0.40081707317073173 0.004626623376623376 0.004073170731707317
2 0.6461150568181818 0.4074832317073171 0.01057426948051948 0.007039634146341464
0 0.6436556412337662 0.4178109756097561 0.009713879870129869 0.013670731707317075
0 0.6902384334415584 0.4438795731707317 0.004665178571428571 0.004222560975609756
0 0.6934019886363636 0.45265701219512194 0.009368912337662337 0.012021341463414634
2 0.6930478896103897 0.4628780487804878 0.01028409090909091 0.007463414634146342
0 0.5492238230519481 0.46345884146341465 0.007944399350649351 0.014112804878048781
1 0.6789600243506494 0.4641783536585366 0.005241477272727273 0.003966463414634146
1 0.6840097402597403 0.46460213414634144 0.004383116883116884 0.004204268292682926
2 0.6882213879870129 0.471625 0.010777191558441559 0.0072743902439024385
0 0.681088676948052 0.47327896341463416 0.003005275974025974 0.006314024390243903
0 0.5517786120129871 0.4786448170731707 0.0029078733766233766 0.007289634146341464
0 0.6817106331168831 0.48177439024390245 0.003031655844155844 0.006231707317073171
0 0.6884993912337662 0.48496036585365854 0.00849228896103896 0.015652439024390244
1 0.6429129464285714 0.48503353658536585 0.004575892857142857 0.004823170731707317
1 0.6428469967532467 0.49134603658536585 0.004849837662337662 0.004643292682926829
0 0.6736566558441559 0.4926737804878049 0.012491883116883117 0.014615853658536584
0 0.5708157467532468 0.49370884146341465 0.002832792207792208 0.007539634146341463
0 0.5675121753246752 0.4936341463414634 0.002719155844155844 0.008
0 0.5603104707792208 0.49389939024390245 0.002926136363636364 0.007310975609756098
0 0.563851461038961 0.49403201219512194 0.002702922077922078 0.007576219512195123
0 0.5782751623376623 0.4943079268292683 0.002329545454545455 0.007518292682926829
0 0.5820140016233766 0.49422256097560974 0.0029078733766233766 0.0073475609756097566
1 0.6136678165584416 0.49784603658536586 0.0049330357142857145 0.004838414634146341
1 0.6035349025974026 0.4982469512195122 0.0049594155844155845 0.004420731707317073
1 0.6404910714285714 0.4983399390243903 0.004602272727272727 0.003996951219512195
0 0.5870038555194805 0.5017545731707317 0.0031473214285714286 0.007167682926829269
1 0.5601369724025974 0.503032012195122 0.0029849837662337666 0.007283536585365854
1 0.567288961038961 0.5029740853658536 0.0022727272727272726 0.006557926829268293
1 0.5641345373376623 0.5032774390243903 0.0028632305194805194 0.007164634146341464
1 0.5708553165584416 0.5031798780487805 0.0025060876623376623 0.007579268292682927
0 0.6767065746753247 0.5032301829268293 0.004387175324675325 0.004021341463414634
1 0.5814559659090909 0.5035152439024391 0.0030093344155844156 0.006420731707317073
1 0.5780894886363636 0.5035411585365853 0.0031757305194805197 0.007692073170731707
1 0.6090706168831169 0.5041707317073171 0.005073051948051948 0.0046829268292682925
1 0.6036596996753247 0.5043338414634146 0.004397321428571429 0.0037896341463414633
1 0.6139285714285715 0.5047682926829269 0.004237012987012987 0.005878048780487805
1 0.6405509334415584 0.5046051829268293 0.004721996753246753 0.004332317073170732
1 0.5861678165584416 0.5088094512195122 0.004721996753246753 0.004814024390243902
1 0.608976258116883 0.5090335365853659 0.00447849025974026 0.004042682926829268
1 0.6138108766233766 0.5090655487804878 0.004407467532467532 0.004106707317073171
1 0.6405397727272727 0.5099481707317074 0.005917207792207792 0.004652439024390244
0 0.6768821022727273 0.5103551829268292 0.005144074675324676 0.004246951219512195
1 0.6035217126623377 0.511390243902439 0.0049330357142857145 0.004487804878048781
0 0.5405905032467533 0.512030487804878 0.0028530844155844155 0.006987804878048781
0 0.5867491883116883 0.5156448170731708 0.002232142857142857 0.007509146341463414
0 0.5451461038961039 0.5171844512195122 0.00262987012987013 0.006929878048780488
0 0.6039407467532467 0.5219679878048781 0.002930194805194805 0.0073506097560975606
1 0.5342004870129871 0.5233048780487805 0.002654220779220779 0.008195121951219513
0 0.6866314935064934 0.5236600609756098 0.003133116883116883 0.0076859756097560974
0 0.6894003652597402 0.5239314024390244 0.002989042207792208 0.00761890243902439
0 0.6675081168831168 0.5277362804878049 0.011558441558441558 0.015228658536585367
0 0.6879129464285714 0.5329435975609756 0.0048843344155844156 0.004301829268292682
0 0.6177150974025973 0.5331463414634147 0.002881493506493506 0.007756097560975611
1 0.5342725243506493 0.5337545731707317 0.0027982954545454543 0.0071432926829268295
0 0.6040827922077923 0.5364131097560976 0.0032142857142857142 0.006362804878048781
1 0.6880438311688312 0.5379725609756097 0.005146103896103896 0.005823170731707318
1 0.6880093344155844 0.5424786585365854 0.004671266233766234 0.0038597560975609756
1 0.5345698051948052 0.5440274390243902 0.0029870129870129872 0.007567073170731707
1 0.6878936688311689 0.5471692073170732 0.004845779220779221 0.004094512195121951
0 0.6801572646103896 0.5535411585365854 0.005200892857142857 0.004033536585365854
1 0.6877790178571429 0.5535655487804878 0.005022321428571429 0.005301829268292683
0 0.6802374188311688 0.5589131097560975 0.004955357142857143 0.0056310975609756096
1 0.6878287337662338 0.5589878048780488 0.004715909090909091 0.004560975609756098
1 0.6320515422077922 0.5595487804878049 0.005174512987012987 0.005073170731707317
1 0.6313626217532468 0.5642865853658536 0.005420048701298702 0.004182926829268293
1 0.6016254058441558 0.569297256097561 0.004793019480519481 0.0038384146341463414
1 0.6017918019480519 0.5745670731707316 0.004314123376623377 0.004621951219512195
1 0.618317775974026 0.5827012195121951 0.002463474025974026 0.006865853658536585
0 0.6053327922077922 0.5933003048780489 0.004496753246753247 0.005503048780487805
0 0.6134101055194806 0.5942743902439025 0.008881899350649352 0.006231707317073171
1 0.6411394074675324 0.5949390243902439 0.0054931006493506495 0.00451219512195122
0 0.6480631087662339 0.595891768292683 0.0043242694805194805 0.004588414634146342
0 0.5433857548701299 0.5977896341463415 0.005196834415584416 0.004725609756097561
1 0.5484070616883118 0.5982698170731707 0.005093344155844156 0.005076219512195121
1 0.611934862012987 0.600452743902439 0.00471387987012987 0.004564024390243903
1 0.6170687905844155 0.6009085365853658 0.004429788961038961 0.004865853658536585
0 0.6031737012987013 0.6014847560975609 0.009107142857142857 0.0060182926829268285
0 0.6231371753246754 0.6022865853658537 0.004391233766233766 0.0125
1 0.6609719967532468 0.6034496951219512 0.004979707792207792 0.0050701219512195115
1 0.54359375 0.6039756097560975 0.005612824675324675 0.004902439024390243
1 0.6170474837662338 0.6060960365853658 0.004793019480519481 0.004265243902439025
1 0.6117603490259741 0.6065640243902439 0.005176542207792208 0.004591463414634146
1 0.546171875 0.6109146341463414 0.009957386363636364 0.007804878048780489
1 0.5790016233766234 0.6108323170731708 0.0033766233766233766 0.007030487804878048
1 0.5890969967532468 0.6110167682926829 0.002869318181818182 0.008009146341463415
1 0.5944977678571428 0.6157530487804879 0.005148133116883117 0.0040670731707317075
1 0.6232934253246754 0.6159893292682926 0.004703733766233766 0.005149390243902439
1 0.6536992694805195 0.61825 0.003015422077922078 0.007841463414634146
1 0.5890533685064935 0.6193429878048781 0.0027820616883116886 0.006978658536585366
1 0.5946976461038961 0.6210182926829269 0.004736201298701299 0.004231707317073171
1 0.6342633928571428 0.6219588414634146 0.005539772727272727 0.01586890243902439
1 0.6286657873376623 0.6219283536585366 0.0024614448051948055 0.006661585365853659
0 0.5988088474025973 0.6237164634146342 0.0028125 0.007189024390243902
0 0.5942562905844155 0.625765243902439 0.005071022727272727 0.0045792682926829266
1 0.5987611607142858 0.6307713414634146 0.0027171266233766236 0.006664634146341463
0 0.5400172483766233 0.6313170731707316 0.01672280844155844 0.022390243902439023
1 0.5946337256493507 0.6320990853658536 0.005014204545454546 0.004442073170731708
0 0.5610399756493506 0.6326341463414634 0.016966314935064935 0.023195121951219512
0 0.5833279220779221 0.6365701219512194 0.017711038961038962 0.02253048780487805
0 0.6125355113636364 0.643782012195122 0.005103490259740259 0.00463719512195122
1 0.6061576704545455 0.6437667682926829 0.005334821428571428 0.0046067073170731705
0 0.6449066558441559 0.6467682926829269 0.019926948051948053 0.025853658536585365
0 0.5428804788961039 0.6530990853658536 0.009056412337662339 0.006807926829268292
0 0.5524391233766234 0.6537545731707317 0.007069805194805196 0.017265243902439026
0 0.5973508522727272 0.6563826219512195 0.009230925324675326 0.015814024390243903
0 0.5839579951298701 0.6569649390243902 0.012883522727272728 0.01636890243902439
0 0.5602262581168831 0.6571082317073171 0.004786931818181818 0.004460365853658537
1 0.6926095779220779 0.6588368902439025 0.005349025974025974 0.0036493902439024392
1 0.5400284090909091 0.6599679878048781 0.00497564935064935 0.004082317073170732
1 0.545619926948052 0.6601402439024391 0.004795048701298701 0.005036585365853659
2 0.5605590503246753 0.662297256097561 0.006264204545454546 0.006301829268292683
2 0.5604586038961039 0.6685503048780487 0.006875000000000001 0.006612804878048781
1 0.6920383522727273 0.6695564024390244 0.004612418831168831 0.003746951219512195
1 0.6084131493506494 0.6701859756097561 0.006193181818181818 0.00500609756097561
0 0.6470271915584416 0.6711585365853658 0.02010957792207792 0.02219512195121951
1 0.5936130275974025 0.6730807926829268 0.004596185064935064 0.004698170731707317
0 0.5840097402597403 0.6734908536585367 0.01176948051948052 0.015274390243902439
0 0.5601674107142858 0.6737362804878049 0.005480925324675325 0.004789634146341463
2 0.5724908685064936 0.6737774390243901 0.004559659090909091 0.00426219512195122
2 0.5675436282467532 0.6740030487804878 0.003999594155844156 0.004103658536585366
1 0.6924939123376623 0.6781874999999999 0.004711850649350649 0.003935975609756098
1 0.594057426948052 0.6785899390243902 0.004673295454545455 0.005350609756097561
2 0.5474147727272727 0.6828917682926829 0.0039204545454545455 0.010295731707317074
0 0.5947362012987013 0.6851006097560975 0.0031899350649350652 0.007396341463414635
0 0.5400689935064935 0.6860731707317074 0.010332792207792207 0.019097560975609756
0 0.6472950487012987 0.6936814024390244 0.017804383116883114 0.020899390243902437
1 0.6927465503246754 0.6949832317073171 0.004811282467532468 0.004600609756097561
0 0.5476045048701298 0.6965396341463415 0.0030823863636363635 0.007713414634146341
0 0.6101937905844156 0.7032865853658538 0.010566152597402597 0.015109756097560977
0 0.5477485795454545 0.7061417682926829 0.0025588474025974024 0.006795731707317073
1 0.6922301136363637 0.706327743902439 0.005401785714285715 0.004728658536585366
0 0.587687702922078 0.7100899390243902 0.004109172077922078 0.0043262195121951215
0 0.5475994318181818 0.7135792682926829 0.002666396103896104 0.0064268292682926826
1 0.6925466720779221 0.7138125 0.005223214285714285 0.005064024390243903
1 0.5879007711038962 0.7149954268292683 0.004535308441558442 0.004381097560975609
1 0.5437185470779221 0.7160289634146341 0.004239042207792208 0.0027896341463414637
0 0.6253845373376623 0.7169192073170731 0.0032041396103896103 0.007009146341463414
0 0.6296063311688311 0.7169664634146342 0.002719155844155844 0.007103658536585366
0 0.6218557224025975 0.716907012195122 0.0026400162337662336 0.006984756097560976
1 0.6841406250000001 0.7190381097560976 0.0026156655844155846 0.006368902439024391
0 0.5878612012987013 0.7200518292682927 0.004050324675324676 0.00473780487804878
1 0.6114133522727273 0.7222576219512196 0.004482548701298702 0.0036615853658536583
1 0.6922970779220778 0.7232682926829269 0.004724025974025974 0.005073170731707317
1 0.5445089285714286 0.7243307926829268 0.0033847402597402595 0.002320121951219512
1 0.5445829951298701 0.7271814024390244 0.003938717532467532 0.0025335365853658537
1 0.6114346590909091 0.7281234756097561 0.0045251623376623374 0.0038079268292682926
2 0.6786221590909091 0.7280426829268293 0.004971590909090909 0.00425609756097561
0 0.6262560876623376 0.7285823170731708 0.004947240259740259 0.0041158536585365856
0 0.6358258928571429 0.7326310975609757 0.005418019480519481 0.004286585365853659
1 0.6922575081168831 0.7343216463414634 0.004644886363636364 0.004009146341463415
1 0.5564153814935064 0.7346112804878049 0.0028469967532467532 0.007027439024390244
1 0.559862012987013 0.7346814024390245 0.002840909090909091 0.006557926829268293
1 0.5442146915584415 0.734905487804878 0.004013798701298701 0.0027378048780487808
1 0.5644013798701298 0.7350304878048781 0.0029910714285714284 0.00725609756097561
1 0.5716903409090909 0.7348704268292683 0.002958603896103896 0.008155487804878049
1 0.5680377435064935 0.7350030487804878 0.00255275974025974 0.007201219512195122
1 0.5516609172077922 0.7351082317073171 0.003078327922077922 0.007411585365853658
1 0.5751846590909091 0.7350701219512196 0.0026420454545454546 0.006725609756097561
1 0.5792775974025973 0.7351326219512195 0.002711038961038961 0.006850609756097561
1 0.6354778814935066 0.7376356707317073 0.005127840909090909 0.004539634146341464
1 0.6920708198051948 0.7450015243902439 0.004677353896103896 0.004027439024390244
1 0.5673883928571429 0.7449725609756098 0.0016599025974025974 0.007018292682926829
1 0.572169237012987 0.7453323170731707 0.0014813311688311689 0.0052987804878048776
1 0.5751146509740259 0.7453917682926829 0.002096185064935065 0.006027439024390244
1 0.5799786931818183 0.745782012195122 0.0016781655844155844 0.005588414634146341
0 0.5882782061688311 0.746047256097561 0.00447849025974026 0.004289634146341464
2 0.5933857548701299 0.7482759146341463 0.0037357954545454547 0.00935670731707317
1 0.6374918831168831 0.7493018292682927 0.004691558441558442 0.015067073170731709
0 0.6315036525974026 0.7502012195121951 0.004078733766233767 0.013817073170731707
0 0.6114732142857143 0.7520060975609756 0.011095779220779221 0.01742682926829268
0 0.6012489853896104 0.7523993902439025 0.010533685064935063 0.018823170731707316
0 0.5710318587662337 0.7534923780487804 0.005294237012987013 0.005155487804878049
0 0.6523701298701299 0.7561783536585366 0.003198051948051948 0.008698170731707318
0 0.6636718749999999 0.7561173780487805 0.0022625811688311687 0.007966463414634146
0 0.6700172483766234 0.7561219512195122 0.0027780032467532466 0.007975609756097561
0 0.6560369318181818 0.7565426829268292 0.0036323051948051947 0.006987804878048781
0 0.6603571428571429 0.7565350609756097 0.0029383116883116883 0.008192073170731708
2 0.5931300730519481 0.7598704268292683 0.00403612012987013 0.010594512195121952
0 0.5700903003246753 0.7610762195121951 0.005034496753246753 0.004469512195121951
0 0.5883461850649351 0.7623673780487805 0.004208603896103896 0.004612804878048781
1 0.6376663961038961 0.14486280487804878 0.004228896103896104 0.004359756097560976
1 0.6460521509740259 0.1456859756097561 0.005172483766233766 0.005396341463414634
0 0.6558319805194806 0.15221951219512195 0.004845779220779221 0.004439024390243903
0 0.6029646915584416 0.15302286585365854 0.017211850649350647 0.029216463414634145
0 0.6957021103896104 0.1528704268292683 0.03426136363636364 0.02586280487804878
0 0.5845170454545454 0.15427591463414633 0.015219155844155844 0.026234756097560975
0 0.6461241883116883 0.15877439024390244 0.005722402597402598 0.00474390243902439
0 0.5556473214285714 0.15927896341463413 0.0037459415584415586 0.008801829268292684
0 0.6572747564935065 0.16161890243902438 0.009354707792207793 0.011042682926829268
1 0.6377384334415584 0.16174999999999998 0.005184659090909091 0.0039878048780487806
2 0.543262987012987 0.16410823170731706 0.007386363636363636 0.04407012195121952
1 0.6377424918831169 0.16606402439024393 0.004381087662337663 0.004079268292682927
1 0.6214265422077921 0.1661234756097561 0.009898538961038962 0.007246951219512195
1 0.6774857954545455 0.16933689024390242 0.010409902597402597 0.0069664634146341465
1 0.6551288555194805 0.1721890243902439 0.0046570616883116886 0.00474390243902439
1 0.6203754058441558 0.1735503048780488 0.004955357142857143 0.004417682926829269
0 0.6259019886363637 0.17374237804878048 0.004644886363636364 0.004801829268292683
0 0.6351440746753246 0.17421493902439023 0.010953733766233766 0.008185975609756098
1 0.6463545048701299 0.17422408536585368 0.004965503246753247 0.004545731707317073
0 0.6788494318181818 0.17562347560975608 0.004614448051948052 0.0042957317073170735
1 0.6729109172077922 0.17858231707317074 0.003695211038961039 0.007774390243902439
0 0.6201795860389611 0.17896951219512194 0.004563717532467532 0.003670731707317073
1 0.6250071022727273 0.1800564024390244 0.0028551136363636365 0.007064024390243903
1 0.6507203733766234 0.18069817073170732 0.002739448051948052 0.007128048780487804
0 0.6785237418831168 0.1806814024390244 0.004368912337662338 0.004045731707317073
1 0.5491406249999999 0.1813323170731707 0.004937094155844156 0.00473780487804878
1 0.6200375405844156 0.18608841463414635 0.004685470779220779 0.00449390243902439
0 0.5495119724025974 0.18666768292682925 0.004056412337662337 0.005652439024390244
2 0.5924908685064936 0.18841310975609757 0.027920048701298703 0.04572865853658537
1 0.6562773944805195 0.1915030487804878 0.004113230519480519 0.005567073170731708
0 0.6506544237012988 0.19143902439024388 0.0030133928571428573 0.008487804878048781
0 0.5494734172077922 0.1916844512195122 0.004385146103896104 0.004100609756097561
0 0.6202150974025974 0.19183689024390244 0.00463474025974026 0.0031859756097560974
0 0.6243486201298701 0.19523170731707318 0.002349837662337662 0.006926829268292683
0 0.6561708603896104 0.19627439024390242 0.005117694805194805 0.004134146341463415
1 0.6200558035714286 0.19860670731707317 0.004721996753246753 0.003920731707317073
1 0.6559719967532468 0.2008140243902439 0.004719967532467533 0.0040670731707317075
1 0.6509354707792208 0.20170884146341464 0.002763798701298701 0.0076859756097560974
1 0.5235146103896104 0.20202286585365853 0.010097402597402596 0.0070945121951219514
1 0.6219155844155845 0.20395579268292682 0.004383116883116884 0.004253048780487804
0 0.5414032061688311 0.20396189024390243 0.017871347402597403 0.024387195121951217
1 0.6796885146103896 0.20518292682926828 0.0026400162337662336 0.007317073170731708
1 0.6557690746753247 0.20648323170731706 0.004719967532467533 0.004429878048780487
1 0.6219825487012988 0.2098216463414634 0.004517045454545455 0.0037896341463414633
1 0.5231229707792208 0.21062195121951222 0.009719967532467531 0.006609756097560975
1 0.6083421266233766 0.21162347560975608 0.0048336038961038965 0.004344512195121952
1 0.6797798295454546 0.21320121951219512 0.002822646103896104 0.007500000000000001
0 0.6510896915584415 0.21612499999999998 0.004289772727272727 0.012737804878048781
0 0.639645900974026 0.2168079268292683 0.00859375 0.007396341463414635
1 0.6561840503246754 0.21696798780487805 0.00473823051948052 0.014423780487804879
0 0.6952120535714286 0.2268795731707317 0.026787743506493506 0.02388109756097561
0 0.618046875 0.23479725609756097 0.016937905844155846 0.026911585365853658
0 0.5533543019480519 0.24264024390243902 0.01255275974025974 0.016378048780487806
0 0.5321002435064935 0.24714024390243902 0.0029180194805194805 0.007085365853658536
2 0.5354413555194806 0.2480625 0.003106737012987013 0.009539634146341463
0 0.6719308035714285 0.2508765243902439 0.002546672077922078 0.008460365853658537
2 0.5444795048701299 0.2521158536585366 0.003325892857142857 0.009109756097560975
1 0.535679788961039 0.25668749999999996 0.0023660714285714288 0.007277439024390244
0 0.5323599837662337 0.25697865853658536 0.0022199675324675325 0.008469512195121952
0 0.5522159090909091 0.26104268292682925 0.008246753246753247 0.01598780487804878
1 0.5355377435064935 0.2642576219512195 0.0032995129870129875 0.007173780487804878
0 0.6656321022727273 0.2643048780487805 0.013082386363636364 0.017634146341463416
1 0.6286810064935064 0.26505792682926826 0.004926948051948052 0.004506097560975609
0 0.6957558847402597 0.2683795731707317 0.010424107142857143 0.013588414634146341
0 0.6289488636363636 0.2698841463414634 0.005462662337662338 0.0044024390243902435
1 0.634080762987013 0.27026067073170734 0.004362824675324675 0.003935975609756098
0 0.6087033279220779 0.2736768292682927 0.004744318181818182 0.004670731707317073
0 0.6138890016233766 0.2739420731707317 0.004563717532467532 0.004591463414634146
0 0.6042451298701298 0.2738064024390244 0.0043506493506493505 0.0043201219512195126
0 0.6238798701298701 0.27407012195121955 0.005064935064935065 0.004847560975609756
0 0.6187672483766233 0.2741981707317073 0.0053916396103896105 0.00449390243902439
1 0.6288007305194805 0.2744969512195122 0.004354707792207793 0.00448170731707317
0 0.6592725243506493 0.27484756097560975 0.006045048701298701 0.004573170731707317
2 0.5368790584415584 0.27554115853658534 0.0035470779220779223 0.00961890243902439
2 0.6439874188311688 0.27709146341463414 0.006318993506493507 0.006012195121951219
0 0.5455438311688312 0.2779405487804878 0.00788961038961039 0.013807926829268293
0 0.6931899350649351 0.2781326219512195 0.004886363636363636 0.0038262195121951223
0 0.5559364853896104 0.2782530487804878 0.003106737012987013 0.005896341463414634
0 0.5730681818181818 0.27847408536585366 0.004902597402597402 0.004509146341463414
0 0.5833045860389611 0.2784176829268293 0.004677353896103896 0.0037865853658536584
1 0.5781148538961038 0.2783948170731707 0.004849837662337662 0.004960365853658537
0 0.5528581574675325 0.27856554878048784 0.0026318993506493507 0.007740853658536585
0 0.562283887987013 0.2786021341463415 0.0032203733766233765 0.007814024390243902
0 0.5686130275974026 0.2790548780487805 0.003297483766233766 0.008109756097560976
0 0.5654971590909091 0.279125 0.003153409090909091 0.00825
0 0.5592654220779221 0.2791326219512195 0.0024594155844155845 0.007655487804878049
0 0.5783035714285715 0.28308841463414636 0.005227272727272728 0.003981707317073171
0 0.5805945616883117 0.2908567073170732 0.004533279220779221 0.004884146341463415
0 0.679812297077922 0.2947301829268293 0.004510957792207792 0.004094512195121951
0 0.6748518668831169 0.2948765243902439 0.003924512987012987 0.00438719512195122
0 0.6918790584415584 0.30359451219512196 0.010787337662337661 0.018164634146341462
