0 0.5953946834415584 0.48933993902439027 0.010188717532467532 0.012826219512195121
0 0.5698224431818182 0.4894801829268292 0.008151379870129871 0.014326219512195123
2 0.6452181412337663 0.48969817073170735 0.011621347402597404 0.020859756097560977
0 0.6740290178571429 0.49047256097560976 0.00958400974025974 0.015091463414634146
0 0.6176491477272728 0.49180182926829263 0.01898336038961039 0.014091463414634147
2 0.49624594155844154 0.4923795731707317 0.02536525974025974 0.03110060975609756
0 0.5315868506493506 0.4964237804878049 0.010413961038961039 0.02028658536585366
0 0.5683157467532467 0.5098414634146341 0.005543831168831169 0.015414634146341465
2 0.5564742288961039 0.5122469512195122 0.011487418831168831 0.02449390243902439
1 0.5210592532467533 0.5128460365853659 0.003969155844155844 0.02264329268292683
1 0.5000882711038961 0.513405487804878 0.004640827922077922 0.01522560975609756
1 0.5258887987012987 0.5135564024390243 0.0034821428571428573 0.024064024390243903
1 0.5952120535714286 0.5137301829268293 0.004547483766233766 0.024411585365853656
1 0.5306300730519481 0.5140487804878049 0.003224431818181818 0.02321951219512195
1 0.5404981737012987 0.5144161585365854 0.0038859577922077918 0.0245640243902439
1 0.5351572646103896 0.5145213414634147 0.003350243506493507 0.02233536585365854
0 0.5987144886363637 0.5151539634146342 0.005870535714285714 0.018722560975609755
1 0.6625223214285714 0.5150975609756098 0.0044277597402597405 0.023487804878048784
0 0.5457619724025974 0.5150442073170732 0.007514204545454545 0.019722560975609756
1 0.6534933035714285 0.515202743902439 0.005038555194805195 0.021259146341463416
0 0.576557426948052 0.5154466463414634 0.011881087662337662 0.024795731707317074
1 0.6486698457792208 0.5154131097560976 0.004320211038961038 0.021679878048780486
1 0.6577922077922078 0.5155320121951219 0.004707792207792208 0.022527439024390243
1 0.5656442775974025 0.515655487804878 0.0038534902597402595 0.024603658536585367
1 0.49596489448051945 0.5162378048780488 0.004105113636363637 0.013573170731707319
1 0.5907244318181818 0.5162820121951219 0.0040949675324675324 0.024027439024390244
1 0.6394379058441558 0.516672256097561 0.004119318181818182 0.021759146341463417
1 0.6448650568181818 0.5174268292682928 0.004015827922077922 0.024487804878048778
0 0.7124584009740259 0.5177789634146341 0.004868100649350649 0.014826219512195123
0 0.7168861607142857 0.5183582317073171 0.004389204545454545 0.016594512195121952
0 0.7216994724025974 0.5190594512195122 0.004275568181818182 0.015557926829268293
2 0.5088758116883116 0.5191966463414633 0.007199675324675324 0.02375914634146342
0 0.7692502029220779 0.5208963414634146 0.010091314935064934 0.02167073170731707
0 0.5348133116883117 0.5460396341463415 0.010373376623376623 0.020128048780487802
2 0.6625385551948052 0.560109756097561 0.006895292207792207 0.018390243902439023
2 0.5251623376623377 0.5605838414634146 0.010146103896103896 0.029094512195121953
2 0.585497159090909 0.5607987804878048 0.01393262987012987 0.023426829268292683
1 0.6746672077922078 0.5623993902439025 0.00599025974025974 0.02479878048780488
1 0.6555428165584415 0.5630335365853658 0.005484983766233766 0.022408536585365853
2 0.592182426948052 0.6110442073170731 0.010663555194805194 0.021478658536585368
2 0.524255275974026 0.6150579268292683 0.009549512987012988 0.024628048780487806
1 0.5829778814935065 0.617047256097561 0.004023944805194805 0.02555792682926829
2 0.5836617288961039 0.667827743902439 0.010667613636363637 0.025289634146341465
2 0.5237591314935065 0.6690426829268292 0.009368912337662337 0.02223170731707317
0 0.5725111607142858 0.7007789634146341 0.011093750000000001 0.01863109756097561
0 0.7838971185064936 0.7107515243902439 0.007729301948051949 0.011137195121951219
2 0.5929545454545454 0.7194664634146342 0.011801948051948051 0.020640243902439025
1 0.5828469967532468 0.7242682926829268 0.004979707792207792 0.02353658536585366
2 0.5244450081168831 0.7247469512195123 0.008711444805194805 0.023884146341463415
1 0.676075487012987 0.7257515243902439 0.005154220779220779 0.029551829268292685
0 0.7845637175324676 0.7259939024390245 0.005815746753246753 0.011743902439024392
1 0.7563443587662337 0.7268658536585365 0.003760146103896104 0.019585365853658537
0 0.7910683847402598 0.7271996951219513 0.006649756493506494 0.00988719512195122
0 0.6009699675324676 0.733717987804878 0.016469155844155845 0.011338414634146341
