1 0.5030549918831169 0.3316707317073171 0.00570413961038961 0.0041951219512195125
1 0.679502840909091 0.3324862804878049 0.002674512987012987 0.008265243902439025
2 0.49042816558441554 0.3325060975609756 0.00804788961038961 0.0058658536585365845
1 0.6768526785714286 0.33279268292682923 0.002650162337662338 0.008878048780487806
0 0.7754433847402598 0.3414603658536585 0.005432224025974026 0.003652439024390244
1 0.7008076298701299 0.3432057926829268 0.005511363636363636 0.004094512195121951
0 0.6998954951298701 0.3467393292682927 0.004092938311688312 0.0032347560975609754
2 0.4418719561688312 0.3474603658536586 0.013614042207792209 0.033945121951219515
0 0.5713494318181819 0.34977591463414637 0.005117694805194805 0.003820121951219512
0 0.6509912743506494 0.3496280487804878 0.0024695616883116884 0.004134146341463415
1 0.7007051542207792 0.3503567073170732 0.005712256493506493 0.004371951219512195
0 0.6244196428571428 0.3504435975609756 0.0037094155844155847 0.003326219512195122
0 0.6111353490259741 0.3504862804878049 0.0035206980519480523 0.0034115853658536585
0 0.6537571022727273 0.35040396341463415 0.0019135551948051947 0.005685975609756097
0 0.6576349431818181 0.3505396341463415 0.0023640422077922077 0.005957317073170732
0 0.6013372564935064 0.3506173780487805 0.004216720779220779 0.0036737804878048783
1 0.8119653003246753 0.3508765243902439 0.005424107142857143 0.003582317073170732
0 0.6396479301948051 0.35106249999999994 0.004539366883116883 0.002734756097560976
0 0.8284496753246753 0.35096493902439024 0.003896103896103896 0.0031493902439024392
0 0.8208614042207792 0.35150000000000003 0.00414163961038961 0.0036097560975609758
0 0.589393262987013 0.35136128048780485 0.002244318181818182 0.005161585365853659
0 0.5847077922077922 0.352452743902439 0.003831168831168831 0.0036859756097560974
0 0.6509527191558442 0.3535518292682927 0.004015827922077922 0.0034451219512195122
1 0.8120190746753247 0.35442682926829266 0.005531655844155844 0.0033658536585365853
1 0.639604301948052 0.35439176829268293 0.0060754870129870134 0.0032957317073170735
0 0.8322828733766233 0.35465548780487804 0.003851461038961039 0.0032134146341463413
1 0.7733908279220779 0.3549862804878049 0.002544642857142857 0.008753048780487806
0 0.8195160308441558 0.3570533536585366 0.009567775974025973 0.006179878048780488
0 0.6773843344155844 0.3575609756097561 0.004119318181818182 0.0035365853658536586
1 0.6730326704545454 0.35778201219512196 0.005562094155844156 0.0033689024390243906
0 0.8119318181818181 0.3578612804878049 0.005762987012987012 0.00413719512195122
0 0.8317999188311688 0.3583734756097561 0.0036972402597402593 0.003942073170731707
0 0.6881797889610389 0.3597469512195122 0.0025771103896103896 0.006079268292682927
1 0.6145637175324675 0.36095121951219516 0.005913149350649351 0.0036097560975609758
0 0.5419632711038961 0.3616905487804878 0.0027577110389610388 0.00813719512195122
0 0.831984577922078 0.36326981707317074 0.004066558441558441 0.0033689024390243906
0 0.424388189935065 0.36346036585365854 0.00502637987012987 0.0037500000000000003
1 0.6764234983766234 0.36349085365853656 0.0026034902597402597 0.008689024390243903
0 0.8117542613636364 0.3641265243902439 0.0025669642857142857 0.00813109756097561
1 0.8140594561688311 0.36409146341463416 0.002307224025974026 0.008060975609756098
0 0.8071672077922077 0.3641189024390244 0.002727272727272727 0.008115853658536586
0 0.8095079139610389 0.36405792682926824 0.0025385551948051946 0.00799390243902439
0 0.773101663961039 0.3643109756097561 0.0027780032467532466 0.008499999999999999
0 0.7708948863636363 0.36439329268292686 0.0024228896103896105 0.008054878048780488
0 0.6147118506493506 0.36456554878048786 0.004991883116883117 0.0035213414634146342
0 0.44320515422077916 0.3647759146341463 0.003699269480519481 0.002722560975609756
1 0.7850760957792208 0.36601371951219513 0.0027820616883116886 0.008246951219512196
0 0.7884933035714285 0.3667484756097561 0.0027171266233766236 0.00788719512195122
0 0.8321519886363636 0.3666905487804878 0.0039955357142857145 0.003503048780487805
2 0.524489650974026 0.3668810975609756 0.031122159090909093 0.033152439024390246
1 0.7923812905844156 0.36856097560975615 0.005217126623376624 0.0035853658536585367
0 0.7974908685064934 0.368702743902439 0.0048843344155844156 0.00386890243902439
0 0.8024523133116883 0.36879115853658534 0.005066964285714286 0.004045731707317073
0 0.7146256087662338 0.3697774390243902 0.0027090097402597403 0.010896341463414635
1 0.6498924512987013 0.36973018292682924 0.0027069805194805193 0.008972560975609755
1 0.6394247159090909 0.3702362804878049 0.0024695616883116884 0.007545731707317073
1 0.6141741071428571 0.37189481707317074 0.0026988636363636364 0.008423780487804879
0 0.6168262987012987 0.37232317073170734 0.0023214285714285715 0.0074512195121951225
0 0.6038666801948052 0.37320884146341465 0.003999594155844156 0.014100609756097561
0 0.7459283685064935 0.3736524390243902 0.005249594155844156 0.004621951219512195
0 0.5658482142857143 0.37351829268292686 0.005073051948051948 0.00374390243902439
1 0.6118597808441558 0.3739405487804878 0.0025344967532467534 0.008856707317073172
0 0.7268161525974026 0.3759039634146341 0.0019277597402597403 0.007295731707317073
0 0.7459831574675324 0.37686432926829266 0.004953327922077922 0.0031189024390243904
1 0.4982853084415585 0.3776814024390244 0.002658279220779221 0.008411585365853659
0 0.6744510957792208 0.37775152439024395 0.0019054383116883118 0.005503048780487805
0 0.5983005275974026 0.3780045731707317 0.0022017045454545453 0.006009146341463415
0 0.5947392451298701 0.37809603658536584 0.0023843344155844155 0.006192073170731707
0 0.6005945616883117 0.3781966463414634 0.002325487012987013 0.005783536585365854
0 0.5643729707792208 0.37872713414634146 0.002122564935064935 0.005625
0 0.5573894074675325 0.3788170731707317 0.0023599837662337665 0.005195121951219512
0 0.562192573051948 0.3790990853658536 0.001820211038961039 0.0057591463414634145
0 0.5599898538961039 0.37924695121951224 0.0022849025974025976 0.006054878048780488
0 0.5675040584415584 0.3792362804878049 0.002297077922077922 0.006033536585365854
0 0.7458664772727273 0.3803948170731707 0.005125811688311689 0.004082317073170732
1 0.7296530032467532 0.3814893292682927 0.002325487012987013 0.008710365853658537
0 0.6080681818181818 0.3822774390243902 0.00387987012987013 0.003579268292682927
0 0.6319510957792208 0.3832057926829268 0.003350243506493507 0.002996951219512195
0 0.7275294237012987 0.3849862804878049 0.0021367694805194803 0.005948170731707317
1 0.7251948051948053 0.38518597560975615 0.002743506493506493 0.00878658536585366
0 0.7458370535714286 0.38621951219512196 0.005472808441558442 0.004146341463414634
0 0.5768658685064936 0.3866890243902439 0.0019460227272727272 0.005085365853658537
0 0.5743191964285714 0.3868810975609756 0.0021286525974025974 0.005469512195121952
0 0.516617288961039 0.3869954268292683 0.0036079545454545457 0.0032591463414634145
0 0.5706270292207792 0.387047256097561 0.004890422077922078 0.0033628048780487804
0 0.621653814935065 0.3876417682926829 0.004265422077922078 0.0033323170731707316
0 0.43565239448051946 0.38801219512195123 0.0027982954545454543 0.007731707317073171
0 0.8164387175324676 0.3880335365853659 0.0034131493506493506 0.0041158536585365856
0 0.5438747970779221 0.38815701219512194 0.0041456980519480515 0.0031432926829268295
1 0.741304788961039 0.38883689024390244 0.0024959415584415584 0.008771341463414633
0 0.7457812500000001 0.3908856707317073 0.005361201298701299 0.0037225609756097564
0 0.8165249594155845 0.3935762195121951 0.003991477272727273 0.003615853658536585
0 0.7458664772727273 0.39423018292682926 0.005125811688311689 0.003704268292682927
0 0.824926948051948 0.39460670731707315 0.0029383116883116883 0.008115853658536586
1 0.8203672889610389 0.3959862804878049 0.002747564935064935 0.007826219512195122
0 0.8167765827922078 0.3975518292682927 0.00408887987012987 0.0042499999999999994
0 0.8330073051948053 0.40071189024390247 0.0024594155844155845 0.005692073170731708
0 0.8309577922077922 0.4009984756097561 0.002012987012987013 0.006265243902439025
0 0.8165787337662338 0.4019405487804878 0.00450487012987013 0.0038810975609756097
1 0.8203804788961039 0.40408841463414635 0.0023681006493506494 0.008176829268292683
0 0.816502637987013 0.40546341463414637 0.003946834415584416 0.0042195121951219515
0 0.43850547889610386 0.4054557926829268 0.004851866883116883 0.0029847560975609752
1 0.8168090503246753 0.4088429878048781 0.004559659090909091 0.0036615853658536583
0 0.8323447646103896 0.41087347560975607 0.002351866883116883 0.005283536585365853
0 0.8300892857142856 0.411094512195122 0.0018993506493506492 0.005725609756097562
0 0.43854504870129873 0.4110609756097561 0.0045251623376623374 0.003829268292682927
0 0.8168090503246753 0.4124298780487805 0.004559659090909091 0.003518292682926829
1 0.8208674918831169 0.412859756097561 0.0025304383116883118 0.008036585365853659
0 0.5715320616883117 0.41488871951219514 0.0022362012987012987 0.005996951219512195
0 0.5667461444805195 0.41524542682926835 0.0019987824675324673 0.004881097560975611
0 0.5608614042207792 0.41590701219512194 0.0019987824675324673 0.004984756097560976
0 0.563166599025974 0.41607621951219514 0.0017390422077922078 0.0053231707317073175
0 0.5554393262987013 0.4161280487804878 0.0025182629870129872 0.005426829268292683
0 0.48281858766233765 0.41616768292682926 0.0029748376623376623 0.007945121951219512
0 0.5840168425324676 0.4163292682926829 0.0020434253246753246 0.0052195121951219515
0 0.48065543831168833 0.41637957317073165 0.0023011363636363637 0.007759146341463415
0 0.5430773133116883 0.41727134146341466 0.008638392857142857 0.005884146341463415
0 0.577614650974026 0.4209496951219512 0.0026318993506493507 0.005923780487804878
1 0.743189935064935 0.42118140243902435 0.005454545454545454 0.0033384146341463414
0 0.5616112012987012 0.42122408536585365 0.0018750000000000001 0.004643292682926829
0 0.5944916801948052 0.42161737804878047 0.0022950487012987015 0.004820121951219512
0 0.5853013392857143 0.42171951219512194 0.0021773538961038963 0.004414634146341464
0 0.6111211444805195 0.4219710365853659 0.003492288961038961 0.0030884146341463416
0 0.8194906655844155 0.4274908536585366 0.00505275974025974 0.0037621951219512194
0 0.8165878652597403 0.4308993902439024 0.0028997564935064933 0.0032621951219512194
0 0.8259019886363637 0.43282317073170734 0.004482548701298702 0.004060975609756098
1 0.43756594967532464 0.4339039634146341 0.005813717532467532 0.00439329268292683
1 0.4485633116883117 0.44244512195121954 0.005487012987012986 0.003792682926829268
0 0.8177252435064936 0.44551371951219515 0.005174512987012987 0.0038323170731707316
1 0.8224624594155844 0.4455792682926829 0.0028794642857142855 0.008841463414634146
0 0.4484182224025974 0.44716920731707316 0.005602678571428571 0.004094512195121951
0 0.4424624594155844 0.4472743902439024 0.006272321428571428 0.003695121951219512
0 0.6113545048701299 0.4485518292682927 0.002335633116883117 0.00625
0 0.5766061282467532 0.44895121951219513 0.0022382305194805193 0.006439024390243903
0 0.6029464285714285 0.4489954268292683 0.002970779220779221 0.00713719512195122
0 0.817877435064935 0.4490259146341464 0.005073051948051948 0.003539634146341463
0 0.5505164366883117 0.4490594512195122 0.0024127435064935066 0.007265243902439024
0 0.5927384334415584 0.44933231707317073 0.0028469967532467532 0.007201219512195122
1 0.8216974431818181 0.45303810975609754 0.005407873376623376 0.0036371951219512193
0 0.42771205357142855 0.4537271341463414 0.0027455357142857142 0.008064024390243903
0 0.7088179788961039 0.45578048780487807 0.018285308441558443 0.023146341463414634
0 0.6372717126623376 0.45595121951219514 0.01642654220779221 0.02226829268292683
0 0.8201045048701299 0.4598064024390244 0.002627840909090909 0.0061981707317073165
1 0.7021905438311689 0.4688048780487805 0.0030012175324675323 0.008341463414634147
0 0.4920556006493506 0.47048018292682925 0.003591720779220779 0.005594512195121952
0 0.7922311282467532 0.4704131097560975 0.005322646103896104 0.004240853658536586
0 0.8244805194805195 0.47053048780487805 0.002451298701298701 0.006304878048780487
0 0.7518120941558442 0.47174847560975613 0.002406655844155844 0.006301829268292683
0 0.7495099431818182 0.47163414634146344 0.0022666396103896104 0.006073170731707317
0 0.7786394074675325 0.47278506097560974 0.002489853896103896 0.007765243902439024
1 0.776341314935065 0.4728780487804878 0.002763798701298701 0.009170731707317073
1 0.4824096996753247 0.473092987804878 0.004186282467532467 0.003503048780487805
0 0.4863311688311688 0.47390853658536586 0.0022889610389610388 0.006353658536585365
0 0.7745129870129871 0.47477743902439024 0.002353896103896104 0.005652439024390244
1 0.716958198051948 0.47471646341463414 0.004939123376623377 0.0024817073170731708
1 0.7575933441558441 0.4752835365853659 0.0021996753246753247 0.007884146341463415
0 0.7551663961038961 0.47541158536585365 0.0030275974025974024 0.008140243902439025
0 0.4702069805194805 0.47551219512195125 0.005349025974025974 0.0034634146341463415
1 0.4755387581168831 0.47571798780487806 0.004648944805194805 0.0032652439024390247
1 0.702518262987013 0.4763917682926829 0.0024391233766233767 0.008271341463414635
1 0.7102891639610389 0.4790975609756098 0.004993912337662338 0.0033170731707317077
0 0.7985531655844156 0.4791905487804878 0.002544642857142857 0.007771341463414633
1 0.7959435876623376 0.47950457317073175 0.002195616883116883 0.00839939024390244
0 0.7910633116883117 0.48139634146341465 0.0025811688311688312 0.006085365853658537
1 0.47625405844155844 0.4815167682926829 0.002021103896103896 0.006935975609756098
0 0.49931107954545456 0.4817789634146341 0.004303977272727273 0.0056310975609756096
0 0.47877840909090913 0.4817576219512195 0.0021996753246753247 0.008637195121951219
0 0.4716446834415584 0.4820442073170732 0.0021367694805194803 0.009210365853658536
0 0.7138108766233766 0.48212499999999997 0.0014853896103896105 0.005103658536585365
0 0.7160998376623376 0.4821692073170732 0.00200487012987013 0.005192073170731708
1 0.4831950081168831 0.4821189024390244 0.002104301948051948 0.006310975609756097
0 0.46933238636363633 0.4821417682926829 0.0031939935064935064 0.007576219512195123
1 0.7025689935064936 0.4821356707317073 0.005381493506493506 0.0032957317073170735
0 0.4886404220779221 0.4823094512195122 0.002443181818181818 0.006692073170731707
1 0.48098315746753245 0.48245121951219516 0.0017390422077922078 0.006975609756097561
1 0.4855062905844155 0.48235365853658535 0.0022625811688311687 0.006780487804878049
2 0.7182041396103896 0.4828551829268293 0.0021550324675324675 0.005954268292682927
1 0.7099198457792208 0.48274390243902443 0.005066964285714286 0.0032926829268292686
1 0.7270667613636363 0.48313414634146346 0.0028348214285714287 0.008341463414634147
1 0.7554342532467533 0.4840655487804878 0.002751623376623377 0.007765243902439024
1 0.8311962256493507 0.4858948170731707 0.0033015422077922077 0.008984756097560975
0 0.4592999188311688 0.4869496951219512 0.002609577922077922 0.008045731707317073
1 0.7015462662337661 0.48816615853658535 0.002524350649350649 0.008039634146341464
0 0.8389407467532468 0.4895762195121951 0.002556818181818182 0.0053719512195121956
0 0.49562702922077917 0.4903262195121951 0.0022118506493506492 0.0074817073170731704
1 0.4886627435064935 0.4903871951219512 0.0020819805194805196 0.006384146341463415
0 0.49089691558441556 0.4903887195121951 0.001680194805194805 0.006996951219512195
1 0.4697798295454545 0.49044207317073174 0.0016538149350649352 0.007713414634146341
1 0.47195211038961044 0.49069969512195116 0.001939935064935065 0.007009146341463414
1 0.49327211850649344 0.490640243902439 0.002372159090909091 0.0068902439024390244
1 0.46535815746753245 0.49089939024390244 0.0021448863636363636 0.006189024390243903
0 0.7611810064935065 0.4911798780487805 0.005722402597402598 0.003701219512195122
1 0.4623336038961039 0.4913948170731708 0.0017775974025974026 0.007789634146341463
1 0.722573051948052 0.49202591463414636 0.005211038961038961 0.004173780487804878
1 0.7271022727272727 0.4932820121951219 0.002905844155844156 0.009125
0 0.7011069399350649 0.49361737804878053 0.003674918831168831 0.0030884146341463416
0 0.7620119724025974 0.4951524390243902 0.005355113636363636 0.003719512195121951
1 0.7221134334415584 0.4997530487804878 0.005509334415584415 0.0037743902439024393
1 0.42697138798701295 0.5009466463414635 0.002481737012987013 0.007990853658536586
0 0.7004058441558442 0.5021554878048781 0.004301948051948052 0.003701219512195122
0 0.8393810876623378 0.5031829268292684 0.01601866883116883 0.02221951219512195
1 0.7224005681818182 0.5036646341463414 0.005271915584415585 0.0024512195121951215
1 0.7558979301948052 0.5042042682926829 0.006114042207792208 0.003530487804878049
0 0.7219987824675325 0.506890243902439 0.004468344155844156 0.0034146341463414634
1 0.42700385551948056 0.5084466463414634 0.0021408279220779224 0.006527439024390244
1 0.6997849025974026 0.5100823170731708 0.0022483766233766236 0.007969512195121951
1 0.7160480925324675 0.5104131097560975 0.00190137987012987 0.006192073170731707
0 0.7090198863636364 0.5102271341463415 0.002861201298701299 0.008259146341463415
1 0.7142664366883117 0.510280487804878 0.0019906655844155845 0.007756097560975611
0 0.7115290178571428 0.5103506097560976 0.0026034902597402597 0.007896341463414634
1 0.7037246347402597 0.5105823170731707 0.004446022727272727 0.003481707317073171
1 0.7200020292207793 0.5114481707317073 0.0016923701298701297 0.0070426829268292685
0 0.4382771915584415 0.5126829268292683 0.0035836038961038963 0.004024390243902439
1 0.4330925324675325 0.5135442073170732 0.0053896103896103895 0.003917682926829268
0 0.7279728084415584 0.5138871951219512 0.00505275974025974 0.00399390243902439
0 0.4331331168831169 0.5169253048780488 0.005064935064935065 0.0033628048780487804
0 0.7280326704545454 0.5174253048780487 0.005172483766233766 0.003753048780487805
1 0.7048488230519481 0.5179740853658537 0.003041801948051948 0.008509146341463415
0 0.4368394886363636 0.5180381097560975 0.0023315746753246754 0.007417682926829268
1 0.7002445211038961 0.517922256097561 0.0019500811688311687 0.007795731707317073
1 0.4391578733766234 0.5181951219512195 0.0025040584415584417 0.007731707317073171
1 0.7025669642857143 0.5182454268292683 0.002536525974025974 0.008442073170731708
1 0.4334638798701299 0.5200350609756097 0.004103084415584416 0.0022652439024390242
0 0.6907071834415585 0.5204375 0.005602678571428571 0.005509146341463414
0 0.7278145292207793 0.5237362804878049 0.005142045454545455 0.004179878048780488
0 0.43996854707792205 0.524265243902439 0.003719561688311688 0.0034085365853658537
0 0.6935886769480519 0.5243932926829268 0.005278003246753247 0.007932926829268293
1 0.43000710227272726 0.5252012195121951 0.0024655032467532467 0.007719512195121951
1 0.4325385551948052 0.5254176829268292 0.002252435064935065 0.008152439024390244
1 0.4345799512987013 0.5255670731707317 0.0022767857142857143 0.00723170731707317
1 0.4368618100649351 0.5256890243902439 0.0023762175324675327 0.006256097560975609
0 0.8388078327922078 0.5268033536585366 0.016495535714285716 0.02311890243902439
0 0.7278196022727274 0.5269878048780487 0.005558035714285714 0.0033658536585365853
1 0.42779728084415586 0.5272286585365854 0.002104301948051948 0.008115853658536586
1 0.43975243506493505 0.527344512195122 0.003287337662337662 0.002859756097560976
1 0.425284090909091 0.527467987804878 0.002353896103896104 0.007984756097560976
1 0.6881178977272727 0.5275655487804878 0.005700081168831169 0.0039115853658536585
0 0.7275821834415584 0.5304862804878049 0.005083198051948052 0.003655487804878049
0 0.7564458198051948 0.5304070121951219 0.016544237012987014 0.02605792682926829
1 0.6882122564935066 0.5310655487804878 0.005888798701298701 0.003594512195121951
1 0.4429352678571428 0.5319908536585366 0.0023478084415584416 0.00849390243902439
0 0.7035572240259741 0.533859756097561 0.017098214285714286 0.02320731707317073
0 0.7277506087662338 0.5340548780487805 0.005420048701298702 0.003475609756097561
0 0.4258969155844156 0.5346829268292683 0.005608766233766234 0.004121951219512195
1 0.6881686282467533 0.5350716463414634 0.005801542207792208 0.004289634146341464
1 0.4534375 0.5358033536585366 0.0022483766233766236 0.008192073170731708
1 0.4305996347402597 0.535829268292683 0.0028388798701298704 0.008853658536585365
0 0.8005438311688311 0.5372057926829269 0.0024675324675324677 0.007948170731707317
1 0.4258116883116883 0.5386143292682927 0.00625 0.003448170731707317
1 0.4429545454545455 0.5405060975609756 0.002386363636363636 0.007841463414634146
1 0.8372778003246752 0.5406844512195121 0.006130275974025975 0.004539634146341464
0 0.7196499594155844 0.5409070121951219 0.01559862012987013 0.023887195121951216
1 0.4257051542207792 0.5418841463414634 0.006036931818181818 0.0032804878048780487
0 0.7290919237012987 0.5425564024390244 0.0032325487012987014 0.008283536585365854
1 0.43049411525974024 0.5438628048780487 0.002627840909090909 0.007847560975609756
0 0.4257650162337662 0.545452743902439 0.004939123376623377 0.0037103658536585364
0 0.838427353896104 0.5461387195121952 0.004370941558441558 0.0038628048780487804
0 0.4353936688311688 0.5473658536585365 0.005121753246753246 0.0038780487804878053
1 0.4413920454545454 0.5480746951219512 0.002508116883116883 0.0077347560975609755
1 0.4392877435064935 0.5482332317073171 0.0023579545454545455 0.008051829268292683
0 0.4258116883116883 0.5488399390243902 0.005032467532467532 0.0031676829268292685
0 0.6956858766233767 0.5489146341463415 0.009878246753246753 0.006975609756097561
0 0.7280844155844156 0.550170731707317 0.005275974025974026 0.004
1 0.435372362012987 0.5508765243902439 0.005484983766233766 0.003582317073170732
1 0.430625 0.5515853658536586 0.002077922077922078 0.008048780487804878
0 0.45010856331168836 0.5534634146341463 0.0037073863636363637 0.0038780487804878053
0 0.7281808035714286 0.5538048780487805 0.00546875 0.003951219512195122
0 0.7062155032467532 0.555515243902439 0.002528409090909091 0.007981707317073171
0 0.7584151785714285 0.5556905487804878 0.0172362012987013 0.025405487804878047
0 0.6958238636363636 0.5557149390243902 0.002849025974025974 0.007771341463414633
2 0.7008573457792208 0.5568780487804877 0.007234172077922077 0.005829268292682927
0 0.7280549918831168 0.5567515243902439 0.005217126623376624 0.003746951219512195
0 0.6934222808441558 0.5568612804878049 0.002510146103896104 0.007625000000000001
1 0.8250892857142857 0.5590975609756097 0.004074675324675325 0.004170731707317073
0 0.728198051948052 0.5603887195121952 0.005097402597402598 0.003704268292682927
0 0.4580083198051948 0.5605487804878049 0.004490665584415584 0.0034146341463414634
0 0.794205560064935 0.5624740853658536 0.014953327922077922 0.02555792682926829
1 0.4580225243506494 0.5639451219512195 0.005330762987012987 0.0035
1 0.7111921672077922 0.5640533536585366 0.0031473214285714286 0.008594512195121952
0 0.7281432629870129 0.5654923780487805 0.005393668831168831 0.0035457317073170733
0 0.7282944399350649 0.5690518292682927 0.0052901785714285715 0.003957317073170732
0 0.7281808035714286 0.5727987804878049 0.00546875 0.004134146341463415
0 0.7282051542207791 0.5765564024390244 0.005111607142857143 0.004332317073170732
2 0.4396732954545455 0.5770884146341463 0.030726461038961036 0.03649390243902439
0 0.7282426948051949 0.581234756097561 0.0051866883116883115 0.003932926829268293
0 0.7281047077922078 0.5847332317073171 0.005722402597402598 0.0036128048780487802
0 0.7282031250000001 0.5880518292682927 0.005513392857142857 0.003542682926829268
0 0.7282721185064935 0.5918658536585366 0.005245535714285715 0.0038536585365853662
2 0.4267522321428571 0.5960579268292683 0.0056960227272727275 0.0030914634146341465
0 0.728400974025974 0.5972362804878049 0.005097402597402598 0.004228658536585365
0 0.4267431006493506 0.5993780487804878 0.004866071428571429 0.003634146341463415
2 0.43195413961038964 0.5994512195121952 0.005547889610389611 0.003780487804878049
1 0.7589904626623376 0.6003673780487805 0.005805600649350649 0.00439329268292683
1 0.7532508116883117 0.6005259146341463 0.005689935064935064 0.004100609756097561
0 0.728400974025974 0.6005975609756098 0.005097402597402598 0.003634146341463415
0 0.7282650162337662 0.6038399390243903 0.005231331168831169 0.004021341463414634
0 0.7282254464285715 0.6073262195121951 0.005558035714285714 0.004286585365853659
1 0.5906747159090908 0.6086844512195122 0.0060247564935064935 0.004564024390243903
0 0.45182528409090905 0.609202743902439 0.015663555194805195 0.02145426829268293
1 0.5908573457792208 0.611983231707317 0.005578327922077922 0.003844512195121951
0 0.7284212662337662 0.6131067073170732 0.005543831168831169 0.00426219512195122
0 0.7591872970779221 0.6154085365853659 0.018374594155844155 0.028378048780487806
0 0.7285196834415585 0.6166981707317073 0.005334821428571428 0.004128048780487804
0 0.633143262987013 0.6198384146341464 0.005328733766233767 0.003701219512195122
1 0.6584385146103896 0.620452743902439 0.0060004058441558445 0.0037103658536585364
1 0.6482071834415584 0.6204390243902439 0.005829951298701299 0.003682926829268293
1 0.6535562094155843 0.6204161585365854 0.005164366883116883 0.004246951219512195
0 0.6295718344155845 0.6219161585365853 0.002244318181818182 0.00785670731707317
1 0.627179383116883 0.6221326219512195 0.002329545454545455 0.008289634146341464
0 0.6330225243506493 0.6231631097560976 0.0050872564935064936 0.003643292682926829
0 0.6420028409090909 0.6234954268292683 0.002755681818181818 0.00735670731707317
1 0.6587398538961039 0.6240213414634146 0.005385551948051948 0.003530487804878049
0 0.7284831574675324 0.6243033536585365 0.0052617694805194805 0.004094512195121951
1 0.648510551948052 0.6243521341463415 0.005625 0.003582317073170732
2 0.42880986201298704 0.6242850609756098 0.008187905844155845 0.0058871951219512195
0 0.43617999188311685 0.6247987804878049 0.005071022727272727 0.0038658536585365853
1 0.6533299512987013 0.6248109756097562 0.005523538961038961 0.0038902439024390244
1 0.6241974431818182 0.6271021341463414 0.002453327922077922 0.009082317073170731
0 0.7285491071428571 0.6278704268292683 0.005393668831168831 0.004521341463414634
1 0.6329028003246754 0.627797256097561 0.004847808441558442 0.0037652439024390243
1 0.6174736201298701 0.6284192073170732 0.005239448051948052 0.007448170731707317
0 0.43621854707792207 0.628609756097561 0.005148133116883117 0.0035609756097560977
0 0.4521895292207792 0.630407012195122 0.015580357142857142 0.019960365853658537
1 0.6287540584415584 0.6304786585365854 0.002637987012987013 0.00851829268292683
1 0.6290239448051947 0.630873475609756 0.0027719155844155843 0.008698170731707318
0 0.6265280032467533 0.6309512195121951 0.002244318181818182 0.00824390243902439
1 0.6328267045454545 0.6310625000000001 0.005507305194805195 0.003588414634146341
1 0.6471164772727273 0.6311996951219512 0.002431006493506494 0.00813109756097561
2 0.6427252435064935 0.6314557926829268 0.0025771103896103896 0.008033536585365854
1 0.6628581574675325 0.6320243902439024 0.0022585227272727275 0.008560975609756096
1 0.6445809659090909 0.6318810975609757 0.0026359577922077924 0.007054878048780488
2 0.6403510551948052 0.6321112804878048 0.0031047077922077924 0.00934451219512195
1 0.6649807224025974 0.6319603658536586 0.002851055194805195 0.008432926829268293
0 0.6853662743506493 0.6323018292682926 0.001820211038961039 0.004847560975609756
1 0.6230184659090909 0.6329862804878049 0.004559659090909091 0.0031676829268292685
0 0.7284953327922078 0.6334161585365854 0.0056919642857142854 0.004027439024390244
0 0.6372930194805194 0.6341128048780488 0.004293831168831169 0.013347560975609756
0 0.42706270292207793 0.6346661585365854 0.007534496753246754 0.005917682926829268
1 0.6190361201298702 0.635077743902439 0.0034943181818181818 0.008570121951219513
1 0.65130174512987 0.6359771341463415 0.005525568181818182 0.0042713414634146345
0 0.7285399756493506 0.6371219512195123 0.00578125 0.004121951219512195
0 0.6597250405844156 0.6384131097560976 0.0028916396103896105 0.007923780487804878
0 0.6449259334415585 0.638952743902439 0.007384334415584416 0.005344512195121952
1 0.6514082792207792 0.6393155487804878 0.005332792207792208 0.00363109756097561
0 0.655216112012987 0.6408262195121951 0.0023965097402597405 0.007871951219512195
2 0.6448833198051949 0.6446753048780487 0.007299107142857143 0.003984756097560976
0 0.7584577922077922 0.6450853658536586 0.018133116883116883 0.029195121951219514
0 0.7286018668831169 0.6452698170731708 0.005499188311688312 0.003954268292682927
1 0.44781960227272727 0.6458170731707318 0.003187905844155844 0.008097560975609756
0 0.6258959009740259 0.6457195121951219 0.0030093344155844156 0.006682926829268293
0 0.6565624999999999 0.6480594512195123 0.002654220779220779 0.008314024390243903
0 0.6510420048701299 0.6485914634146341 0.0025710227272727273 0.008158536585365854
0 0.6536373782467533 0.6486631097560975 0.0024857954545454545 0.009521341463414634
0 0.7286383928571428 0.6487317073170732 0.00557224025974026 0.004170731707317073
0 0.7149147727272727 0.6496067073170732 0.003693181818181818 0.0040914634146341465
1 0.6822879464285715 0.6499984756097561 0.0025629058441558445 0.008533536585365853
1 0.6729809253246752 0.6503414634146341 0.005458603896103896 0.003731707317073171
0 0.6680357142857143 0.6518689024390244 0.0024675324675324677 0.008615853658536586
0 0.5716974431818181 0.6524359756097561 0.009872159090909091 0.007310975609756098
0 0.6239082792207792 0.653295731707317 0.005121753246753246 0.004152439024390243
0 0.7150568181818182 0.6532149390243903 0.0035714285714285718 0.0039908536585365854
1 0.4475933441558441 0.6542408536585366 0.002329545454545455 0.009091463414634146
0 0.6167015016233767 0.6565045731707317 0.005318587662337663 0.004472560975609756
1 0.5600578327922078 0.6571310975609755 0.0028267045454545454 0.00877439024390244
0 0.6375426136363637 0.6573216463414634 0.005198863636363637 0.003667682926829268
1 0.7879545454545455 0.6578185975609756 0.002451298701298701 0.008929878048780487
1 0.5621631493506494 0.6576585365853658 0.002573051948051948 0.008
0 0.5648823051948052 0.6579314024390244 0.0035470779220779223 0.010984756097560977
0 0.8006016639610389 0.6581051829268293 0.0021773538961038963 0.006454268292682927
0 0.6843536931818182 0.658969512195122 0.005882711038961039 0.006963414634146342
0 0.6719693587662338 0.6588155487804878 0.0050588474025974025 0.003606707317073171
0 0.5719206574675325 0.6607804878048781 0.009912743506493507 0.006926829268292683
0 0.6375426136363637 0.6616798780487805 0.005198863636363637 0.004457317073170731
0 0.7299046266233766 0.6619557926829269 0.0024228896103896105 0.008057926829268293
0 0.7496205357142858 0.6627103658536585 0.0032995129870129875 0.004689024390243902
0 0.6716741071428571 0.6634344512195122 0.004874188311688311 0.004307926829268293
0 0.5914833603896104 0.6637057926829268 0.01494724025974026 0.022533536585365853
1 0.5792329545454545 0.6652164634146341 0.005462662337662338 0.004213414634146342
0 0.692375202922078 0.6653216463414634 0.00528612012987013 0.0038140243902439024
1 0.6422179383116883 0.666625 0.003591720779220779 0.00276219512195122
0 0.6335217126623376 0.6670091463414634 0.005273944805194805 0.004140243902439025
0 0.6714468344155844 0.6669939024390243 0.005231331168831169 0.004109756097560976
0 0.6420413961038961 0.6696204268292683 0.0036444805194805197 0.0032652439024390247
0 0.7301623376623376 0.6700426829268292 0.002126623376623377 0.0059390243902439025
0 0.6335095373376624 0.6705381097560975 0.005249594155844156 0.0038810975609756097
0 0.6715838068181819 0.6708658536585366 0.005099431818181818 0.0033170731707317077
1 0.8275679788961039 0.6714557926829269 0.005379464285714286 0.0032774390243902438
0 0.6939346590909091 0.6715807926829268 0.002723214285714286 0.007795731707317073
0 0.6421915584415584 0.6734344512195122 0.003538961038961039 0.003576219512195122
0 0.6751836444805195 0.674015243902439 0.004993912337662338 0.003518292682926829
0 0.6333989448051948 0.6743368902439024 0.005434253246753247 0.004161585365853659
0 0.7952221996753247 0.675092987804878 0.01698660714285714 0.028844512195121953
0 0.827775974025974 0.6749832317073171 0.0053896103896103895 0.004234756097560976
1 0.5372402597402597 0.6768978658536585 0.005487012987012986 0.004405487804878048
0 0.6421905438311689 0.6773155487804877 0.0031310876623376624 0.0034115853658536585
1 0.5061444805194806 0.6773506097560976 0.0041720779220779216 0.003481707317073171
0 0.6333938717532467 0.6780670731707317 0.005424107142857143 0.003695121951219512
0 0.5878520698051948 0.6780838414634146 0.00484375 0.003728658536585366
0 0.6751532061688312 0.6784740853658536 0.0053388798701298696 0.0038993902439024386
0 0.5372402597402597 0.6804085365853658 0.005487012987012986 0.0035
0 0.642338676948052 0.6806128048780488 0.003427353896103896 0.0026890243902439027
0 0.6669703733766233 0.680935975609756 0.0035836038961038963 0.002725609756097561
0 0.5056757305194804 0.681079268292683 0.0052637987012987015 0.0036219512195121953
0 0.7584354707792208 0.6813902439024391 0.01971185064935065 0.031073170731707317
0 0.5905489042207792 0.6812621951219512 0.004961444805194805 0.004597560975609756
0 0.6334486607142857 0.6816036585365853 0.005533685064935065 0.003451219512195122
0 0.6752830762987013 0.6822423780487805 0.005192775974025974 0.00411890243902439
0 0.6028003246753246 0.6824375 0.004707792207792208 0.004509146341463414
0 0.642518262987013 0.6835243902439024 0.0037865259740259742 0.003024390243902439
0 0.6672635957792208 0.6842835365853658 0.00335836038961039 0.003323170731707317
0 0.6335349025974026 0.6856707317073171 0.005300324675324676 0.003658536585365854
0 0.7300426136363637 0.6856661585365854 0.0018871753246753249 0.007307926829268292
0 0.6751004464285715 0.6860030487804879 0.005233360389610389 0.004323170731707317
0 0.6408005275974026 0.6868307926829268 0.004815340909090909 0.002929878048780488
0 0.4863484172077922 0.6886143292682927 0.01612215909090909 0.022960365853658536
0 0.6334851866883117 0.6890137195121951 0.005200892857142857 0.0036371951219512193
0 0.6266781655844156 0.6893963414634146 0.002544642857142857 0.006231707317073171
0 0.6752232142857143 0.689373475609756 0.005073051948051948 0.003746951219512195
0 0.6409182224025974 0.690734756097561 0.005050730519480519 0.004030487804878049
0 0.4262378246753247 0.6915259146341464 0.004667207792207792 0.0031737804878048783
0 0.4311272321428571 0.6926082317073171 0.0042999188311688315 0.005338414634146342
0 0.6753865665584415 0.6930289634146342 0.004993912337662338 0.0031310975609756095
0 0.6335044642857143 0.6932789634146341 0.005239448051948052 0.00363109756097561
0 0.6417015016233766 0.6943109756097562 0.00377637987012987 0.002646341463414634
1 0.6674786931818182 0.6951524390243902 0.004600243506493507 0.0031097560975609753
0 0.6752830762987013 0.696358231707317 0.005192775974025974 0.003692073170731707
0 0.6847159090909092 0.6973597560975611 0.0045779220779220775 0.0038658536585365853
0 0.4233908279220779 0.6973231707317072 0.002625811688311688 0.008060975609756098
0 0.6709608360389611 0.6985914634146342 0.0022301136363636364 0.0069390243902439025
0 0.5875020292207792 0.6994878048780488 0.007390422077922078 0.004463414634146342
0 0.6752140827922077 0.6999039634146341 0.004648944805194805 0.0028567073170731707
1 0.6413626217532468 0.7005426829268293 0.005127840909090909 0.004134146341463415
0 0.6340097402597403 0.7027240853658536 0.009496753246753246 0.006057926829268293
0 0.5874624594155844 0.7040198170731707 0.007717126623376623 0.005600609756097562
0 0.6719044237012987 0.7043810975609756 0.004928977272727272 0.0038841463414634146
0 0.5958340097402597 0.7045731707317073 0.002950487012987013 0.009146341463414634
0 0.4359070616883117 0.705390243902439 0.0029017857142857144 0.008341463414634147
0 0.42328936688311686 0.7058628048780488 0.0024228896103896105 0.008067073170731708
0 0.6424695616883117 0.7062454268292684 0.002471590909090909 0.00761280487804878
1 0.6613656655844156 0.7074512195121951 0.005361201298701299 0.0033170731707317077
1 0.650992288961039 0.7073643292682927 0.0053124999999999995 0.003753048780487805
0 0.8270241477272727 0.707467987804878 0.005509334415584415 0.003960365853658537
1 0.6462256493506493 0.7073231707317074 0.004301948051948052 0.003670731707317073
0 0.6666903409090909 0.7074146341463415 0.00505275974025974 0.0038536585365853662
1 0.6560196834415584 0.7075426829268292 0.004409496753246754 0.0035
0 0.6716964285714285 0.7080365853658537 0.005324675324675324 0.0038780487804878053
0 0.612752637987013 0.70975 0.005943587662337662 0.0036463414634146343
0 0.6016294642857143 0.7106646341463415 0.005206980519480519 0.0036463414634146343
0 0.43384638798701297 0.7109344512195122 0.004868100649350649 0.003576219512195122
0 0.597205762987013 0.7133399390243903 0.0056939935064935065 0.00411890243902439
1 0.4339519074675324 0.7153307926829268 0.005890827922077922 0.0038323170731707316
1 0.5146235795454546 0.7172225609756097 0.0024614448051948055 0.008225609756097561
1 0.5238575487012987 0.7173353658536585 0.002666396103896104 0.00845121951219512
1 0.5263636363636364 0.7173856707317073 0.0024025974025974027 0.007942073170731707
1 0.510895900974026 0.7179024390243902 0.0027171266233766236 0.008365853658536586
1 0.6238372564935065 0.7179009146341464 0.005385551948051948 0.0034847560975609757
1 0.6186191152597402 0.7181692073170731 0.005501217532467532 0.0034115853658536585
0 0.6652830762987013 0.7182515243902439 0.004267451298701299 0.004185975609756098
0 0.6327840909090909 0.7195990853658536 0.01150974025974026 0.021515243902439023
0 0.7760186688311688 0.7219496951219512 0.004147727272727273 0.003655487804878049
0 0.6170079139610389 0.7241448170731708 0.0022788149350649353 0.007435975609756098
1 0.6146316964285715 0.7240701219512194 0.0023965097402597405 0.007896341463414634
0 0.7133816964285714 0.7249466463414633 0.002250405844155844 0.007820121951219512
0 0.7164904626623376 0.7251524390243902 0.00278612012987013 0.008231707317073171
0 0.8273336038961039 0.725516768292683 0.013027597402597403 0.019326219512195122
0 0.7105154220779221 0.7255929878048781 0.0026055194805194807 0.00789329268292683
0 0.7541619318181818 0.7262012195121952 0.0022362012987012987 0.006060975609756097
0 0.7224096996753246 0.7268048780487805 0.0024492694805194806 0.006048780487804878
0 0.7188849431818182 0.7266951219512195 0.0018932629870129871 0.005829268292682927
0 0.7207792207792207 0.7268536585365853 0.002029220779220779 0.006146341463414634
0 0.7245616883116883 0.7268536585365853 0.0022889610389610388 0.006146341463414634
0 0.5245424107142858 0.7270457317073171 0.00403612012987013 0.010798780487804879
0 0.5138108766233767 0.7277012195121951 0.003676948051948052 0.009670731707317073
0 0.7660683847402597 0.7279451219512195 0.004133522727272728 0.004060975609756098
0 0.705794439935065 0.7284664634146341 0.0041213474025974025 0.0038841463414634146
1 0.7283208198051948 0.7305548780487804 0.0025020292207792207 0.008670731707317074
0 0.8150162337662338 0.7306829268292683 0.0034090909090909094 0.0034390243902439025
1 0.793773336038961 0.7307850609756097 0.0055661525974025974 0.004253048780487804
0 0.6989955357142857 0.7331524390243902 0.005539772727272727 0.004109756097560976
1 0.8169987824675324 0.7358490853658537 0.005750811688311689 0.0040152439024390245
0 0.6991446834415584 0.7366996951219512 0.004214691558441558 0.0032774390243902438
0 0.6905549918831169 0.7368628048780488 0.004080762987012987 0.003603658536585366
1 0.813208198051948 0.7397469512195122 0.0026339285714285714 0.008762195121951219
0 0.6986657873376624 0.7407423780487805 0.00528612012987013 0.002826219512195122
0 0.8204464285714286 0.7417652439024389 0.0049350649350649355 0.003652439024390244
0 0.6940310470779221 0.7420670731707317 0.002510146103896104 0.00852439024390244
0 0.8333056006493506 0.7423460365853658 0.002650162337662338 0.00786280487804878
0 0.8162489853896103 0.7427820121951219 0.0034395292207792206 0.0026371951219512197
0 0.6860602678571429 0.7436768292682927 0.005237418831168831 0.0038170731707317072
1 0.729783887987013 0.7438109756097561 0.004616477272727273 0.003475609756097561
0 0.6507913961038961 0.7441158536585365 0.005316558441558442 0.004085365853658537
0 0.6564488636363637 0.744045731707317 0.005673701298701299 0.003945121951219512
0 0.639797077922078 0.744157012195122 0.005243506493506494 0.0041676829268292685
0 0.6451674107142857 0.7442134146341464 0.005838068181818182 0.004280487804878048
0 0.6331767451298701 0.7444481707317073 0.005395698051948052 0.004140243902439025
0 0.6982873376623376 0.7443673780487805 0.0041233766233766235 0.0033689024390243906
0 0.7803125000000001 0.744780487804878 0.00299512987012987 0.006634146341463415
0 0.6757112418831169 0.7448262195121952 0.005237418831168831 0.003676829268292683
0 0.6807832792207792 0.7449649390243903 0.00523538961038961 0.003954268292682927
0 0.8240411931818182 0.745140243902439 0.0023843344155844155 0.007963414634146342
1 0.8263007305194806 0.7454298780487806 0.0020332792207792207 0.008542682926829269
1 0.8145038555194806 0.745920731707317 0.006036931818181818 0.003426829268292683
1 0.662992086038961 0.7463719512195122 0.005367288961038961 0.003719512195121951
0 0.6036759334415585 0.746594512195122 0.0028064123376623376 0.006603658536585366
0 0.433221387987013 0.7466676829268293 0.0028064123376623376 0.007969512195121951
1 0.7298467938311688 0.7473993902439023 0.005148133116883117 0.003945121951219512
0 0.8186221590909091 0.7477850609756098 0.0025040584415584417 0.007155487804878048
0 0.430932426948052 0.7480716463414635 0.002286931818181818 0.005899390243902439
0 0.7429961444805195 0.7484009146341464 0.003849431818181818 0.0035091463414634147
0 0.8211596996753248 0.7487423780487805 0.0023031655844155843 0.007850609756097561
0 0.8145941558441558 0.7493384146341463 0.005405844155844156 0.003554878048780488
0 0.6636566558441559 0.7496341463414635 0.004667207792207792 0.0035365853658536586
1 0.8331919642857143 0.7500533536585366 0.002828733766233766 0.008033536585365854
0 0.6996398133116882 0.7505731707317074 0.005204951298701298 0.0041951219512195125
2 0.46687195616883115 0.752486280487805 0.020594561688311686 0.031192073170731707
1 0.8235633116883117 0.7530167682926829 0.00224025974025974 0.006643292682926829
0 0.6185470779220779 0.7529192073170731 0.018344155844155847 0.026570121951219515
1 0.8308096590909091 0.753219512195122 0.002122564935064935 0.007658536585365854
1 0.8288007305194806 0.7533414634146341 0.0025689935064935063 0.007902439024390244
1 0.82640625 0.7545609756097561 0.002244318181818182 0.007902439024390244
0 0.5413717532467532 0.7547850609756098 0.00400974025974026 0.003472560975609756
1 0.7440635146103896 0.7551615853658536 0.0023315746753246754 0.00849390243902439
0 0.5691010551948052 0.7555213414634147 0.0050852272727272725 0.004335365853658537
0 0.5870302353896104 0.7561097560975609 0.01578125 0.024414634146341464
1 0.6994997970779221 0.7573795731707317 0.005736607142857143 0.0037835365853658535
1 0.8331523944805194 0.7582149390243903 0.002749594155844156 0.007283536585365854
0 0.696075487012987 0.7590442073170731 0.0021347402597402597 0.005283536585365853
1 0.6672077922077922 0.7594344512195123 0.004058441558441558 0.004234756097560976
1 0.7285450487012987 0.7595274390243902 0.0021387987012987013 0.007469512195121951
0 0.5764397321428572 0.7600320121951221 0.00596387987012987 0.004210365853658537
0 0.8189772727272727 0.7604085365853658 0.014577922077922079 0.01654878048780488
1 0.5468171672077923 0.7604115853658537 0.0027252435064935064 0.008628048780487806
1 0.4776917613636364 0.7617881097560976 0.005708198051948052 0.004064024390243903
1 0.431153612012987 0.762501524390244 0.002323457792207792 0.007929878048780488
1 0.8303916396103896 0.762359756097561 0.0025040584415584417 0.007646341463414634
0 0.5762520292207792 0.7636814024390244 0.005588474025974025 0.003582317073170732
1 0.44899350649350644 0.7643810975609756 0.0022889610389610388 0.008030487804878049
0 0.5608989448051949 0.7645198170731707 0.004914772727272727 0.003429878048780488
0 0.555822849025974 0.7644725609756097 0.0049086850649350654 0.0033353658536585365
1 0.4467867288961039 0.7645533536585366 0.0027455357142857142 0.008375
1 0.45134232954545456 0.7646112804878049 0.0021164772727272725 0.00788109756097561
1 0.4442948457792208 0.7648368902439024 0.0026318993506493507 0.00833231707317073
1 0.7427485795454545 0.7656722560975611 0.005383522727272727 0.0039054878048780488
0 0.4762205762987013 0.7659314024390245 0.005200892857142857 0.0038140243902439024
0 0.4349239042207792 0.7668475609756098 0.00377637987012987 0.0038170731707317072
1 0.595372362012987 0.7694771341463416 0.005679788961038961 0.004198170731707317
0 0.8399969561688312 0.770283536585366 0.015627029220779222 0.016176829268292683
0 0.7814508928571429 0.7712225609756098 0.004054383116883117 0.004640243902439024
2 0.6987702922077922 0.7714862804878049 0.00549512987012987 0.003948170731707317
0 0.8065148133116883 0.7715198170731707 0.009945211038961038 0.01438109756097561
0 0.7429646915584416 0.7718353658536585 0.005004058441558441 0.004646341463414634
0 0.5792299107142858 0.771609756097561 0.007079951298701299 0.012121951219512194
0 0.7113281250000001 0.7716432926829268 0.0022017045454545453 0.007920731707317073
1 0.7065351055194805 0.7717408536585366 0.0023559253246753244 0.008115853658536586
0 0.7369926948051948 0.7719435975609756 0.00523538961038961 0.004253048780487804
1 0.7090249594155844 0.7719192073170732 0.0024655032467532467 0.008472560975609757
0 0.721060267857143 0.7722484756097561 0.0029971590909090907 0.007911585365853659
1 0.7166599025974025 0.7722713414634147 0.002719155844155844 0.007957317073170732
1 0.7140898944805194 0.7720518292682926 0.0024492694805194806 0.008737804878048781
0 0.7046154626623377 0.7725960365853658 0.002169237012987013 0.005557926829268292
0 0.6246651785714286 0.7731524390243902 0.003794642857142857 0.0036219512195121953
0 0.7893151379870129 0.7739939024390243 0.005172483766233766 0.003475609756097561
0 0.5674665178571429 0.7746493902439024 0.002221996753246753 0.007835365853658537
0 0.4694237012987013 0.7750198170731708 0.002159090909090909 0.006137195121951219
0 0.574783887987013 0.7752408536585366 0.0026521915584415585 0.007798780487804877
0 0.5713798701298701 0.7753567073170732 0.002743506493506493 0.008030487804878049
0 0.7164742288961039 0.7776951219512196 0.003971185064935065 0.002951219512195122
1 0.7397077922077923 0.7778612804878049 0.002548701298701299 0.008161585365853659
1 0.7373478084415584 0.7778064024390243 0.002293019480519481 0.008051829268292683
0 0.743538961038961 0.778766768292683 0.0037175324675324676 0.0032652439024390247
1 0.8320992288961039 0.7814131097560976 0.0026724837662337663 0.009167682926829268
1 0.8350629058441558 0.7813582317073171 0.0029180194805194805 0.009057926829268294
0 0.6253814935064935 0.7818490853658537 0.002386363636363636 0.006381097560975609
0 0.7435217126623376 0.7821478658536586 0.00408887987012987 0.0033201219512195125
0 0.8016578733766234 0.7822835365853659 0.005101461038961039 0.003591463414634146
0 0.8083329951298701 0.7821646341463414 0.0054646915584415584 0.0039634146341463415
0 0.7182305194805195 0.7832484756097561 0.009512987012987013 0.006740853658536585
1 0.5784628652597402 0.783282012195122 0.0027049512987012986 0.008027439024390244
2 0.5716416396103896 0.7835228658536585 0.002049512987012987 0.008509146341463415
1 0.573942775974026 0.7836981707317073 0.0021874999999999998 0.007640243902439024
1 0.5693922483766234 0.7835929878048781 0.0024208603896103895 0.00864939024390244
2 0.5760795454545454 0.783890243902439 0.0024025974025974027 0.00802439024390244
2 0.5674147727272727 0.7841326219512195 0.0017126623376623375 0.008509146341463415
0 0.7434354707792208 0.7849893292682927 0.00432224025974026 0.0029054878048780488
1 0.7362124594155843 0.7853567073170731 0.0024573863636363634 0.00851829268292683
0 0.8017339691558442 0.7856692073170731 0.005253652597402597 0.003655487804878049
0 0.808409090909091 0.7865838414634146 0.0056168831168831165 0.004265243902439025
0 0.743528814935065 0.7878048780487805 0.004103084415584416 0.003048780487804878
0 0.7164143668831169 0.7883719512195122 0.005068993506493507 0.003573170731707317
0 0.8017532467532468 0.7891006097560975 0.005292207792207792 0.0038109756097560975
1 0.739674310064935 0.7903170731707316 0.002481737012987013 0.008682926829268293
0 0.8081686282467533 0.790391768292683 0.0055418019480519476 0.003954268292682927
0 0.8015929383116883 0.7926692073170731 0.005377435064935065 0.004240853658536586
1 0.5745231331168831 0.792532012195122 0.002536525974025974 0.007625000000000001
1 0.5708624188311688 0.792736280487805 0.002926136363636364 0.008033536585365854
0 0.5674644886363637 0.7928079268292683 0.00140625 0.007567073170731707
0 0.7212591314935064 0.7931265243902439 0.002583198051948052 0.0063750000000000005
0 0.5812834821428572 0.7935228658536586 0.0026643668831168835 0.008996951219512196
0 0.808106737012987 0.793829268292683 0.005418019480519481 0.0035121951219512196
0 0.5790320616883117 0.7938064024390243 0.002625811688311688 0.008954268292682928
1 0.7421732954545455 0.7942774390243903 0.002203733766233766 0.007457317073170732
0 0.8364437905844155 0.7951463414634146 0.017855113636363634 0.0244390243902439
0 0.8084456168831169 0.7971829268292684 0.005284090909090909 0.0035121951219512196
0 0.815422077922078 0.7978231707317074 0.003814935064935065 0.0029634146341463415
1 0.7438950892857142 0.7998048780487805 0.004835633116883117 0.0038780487804878053
0 0.7507660308441558 0.800403963414634 0.003155438311688312 0.008734756097560975
0 0.8154048295454546 0.8006371951219513 0.004186282467532467 0.0031036585365853656
0 0.8192562905844156 0.80075 0.002554788961038961 0.008207317073170732
1 0.82375 0.8006189024390244 0.002613636363636364 0.009164634146341463
0 0.7399746347402597 0.8007896341463415 0.002270698051948052 0.005847560975609756
1 0.821580762987013 0.8009085365853659 0.002333603896103896 0.009134146341463414
0 0.7578713474025974 0.8011128048780488 0.002349837662337662 0.007713414634146341
1 0.7647930194805195 0.801219512195122 0.0028003246753246754 0.009146341463414634
0 0.7554301948051948 0.8010609756097561 0.0023376623376623377 0.007609756097560976
1 0.7624188311688311 0.801390243902439 0.002516233766233766 0.008878048780487806
1 0.7601653814935064 0.8015365853658536 0.0024736201298701296 0.008560975609756096
0 0.8084293831168832 0.8020289634146343 0.009715909090909091 0.006496951219512195
1 0.5812844967532468 0.8022591463414633 0.002666396103896104 0.007567073170731707
1 0.5788545048701298 0.8024253048780488 0.0026765422077922076 0.007899390243902439
0 0.7167217938311689 0.8036310975609756 0.005278003246753247 0.004213414634146342
0 0.7919105113636363 0.8036539634146341 0.0054931006493506495 0.004259146341463415
1 0.7993526785714286 0.8036737804878049 0.005767045454545455 0.0036890243902439022
0 0.7839853896103897 0.8038567073170731 0.005064935064935065 0.004054878048780488
1 0.7438281250000001 0.8038719512195122 0.005919237012987013 0.004085365853658537
