2 0.32572115384615385 0.36899038461538464 0.007211538461538462 0.002403846153846154
2 0.33052884615384615 0.390625 0.007211538461538462 0.002403846153846154
2 0.37740384615384615 0.43149038461538464 0.009615384615384616 0.007211538461538462
2 0.37259615384615385 0.36778846153846156 0.004807692307692308 0.004807692307692308
2 0.39903846153846156 0.3581730769230769 0.009615384615384616 0.004807692307692308
2 0.4387019230769231 0.3605769230769231 0.007211538461538462 0.004807692307692308
2 0.4495192307692308 0.40024038461538464 0.014423076923076924 0.007211538461538462
2 0.4519230769230769 0.4098557692307692 0.014423076923076924 0.007211538461538462
2 0.4495192307692308 0.3786057692307692 0.009615384615384616 0.007211538461538462
2 0.4651442307692308 0.4543269230769231 0.007211538461538462 0.004807692307692308
2 0.46875 0.47115384615384615 0.009615384615384616 0.004807692307692308
2 0.45913461538461536 0.3894230769230769 0.004807692307692308 0.004807692307692308
2 0.4495192307692308 0.21995192307692307 0.014423076923076924 0.007211538461538462
2 0.4495192307692308 0.21514423076923078 0.014423076923076924 0.007211538461538462
2 0.49038461538461536 0.23557692307692307 0.004807692307692308 0.004807692307692308
2 0.4963942307692308 0.23557692307692307 0.002403846153846154 0.004807692307692308
2 0.49399038461538464 0.2283653846153846 0.002403846153846154 0.004807692307692308
2 0.49759615384615385 0.23557692307692307 0.004807692307692308 0.004807692307692308
2 0.5048076923076923 0.23317307692307693 0.004807692307692308 0.004807692307692308
2 0.5168269230769231 0.28846153846153844 0.009615384615384616 0.004807692307692308
2 0.5096153846153846 0.22596153846153846 0.004807692307692308 0.004807692307692308
2 0.5120192307692307 0.22596153846153846 0.004807692307692308 0.004807692307692308
2 0.5168269230769231 0.23076923076923078 0.004807692307692308 0.004807692307692308
2 0.5444711538461539 0.2860576923076923 0.002403846153846154 0.004807692307692308
2 0.5456730769230769 0.19831730769230768 0.014423076923076924 0.007211538461538462
2 0.6129807692307693 0.5300480769230769 0.014423076923076924 0.007211538461538462
2 0.6538461538461539 0.37740384615384615 0.004807692307692308 0.004807692307692308
2 0.6574519230769231 0.38100961538461536 0.007211538461538462 0.002403846153846154
2 0.6598557692307693 0.3858173076923077 0.007211538461538462 0.002403846153846154
2 0.6598557692307693 0.390625 0.007211538461538462 0.002403846153846154
2 0.6598557692307693 0.38822115384615385 0.007211538461538462 0.002403846153846154
2 0.6610576923076923 0.36538461538461536 0.009615384615384616 0.004807692307692308
2 0.6598557692307693 0.36899038461538464 0.007211538461538462 0.002403846153846154
2 0.703125 0.3425480769230769 0.007211538461538462 0.002403846153846154
2 0.7608173076923077 0.3233173076923077 0.007211538461538462 0.002403846153846154
2 0.765625 0.34975961538461536 0.007211538461538462 0.002403846153846154
2 0.7692307692307693 0.3605769230769231 0.009615384615384616 0.004807692307692308
2 0.8112980769230769 0.4963942307692308 0.007211538461538462 0.002403846153846154
2 0.8353365384615384 0.47716346153846156 0.021634615384615384 0.01201923076923077
2 0.8461538461538461 0.5144230769230769 0.004807692307692308 0.004807692307692308
2 0.828125 0.33653846153846156 0.002403846153846154 0.004807692307692308
2 0.8293269230769231 0.34375 0.004807692307692308 0.004807692307692308
2 0.8341346153846154 0.3605769230769231 0.004807692307692308 0.004807692307692308
2 0.8317307692307693 0.3485576923076923 0.004807692307692308 0.004807692307692308
2 0.8341346153846154 0.3557692307692308 0.004807692307692308 0.004807692307692308
2 0.8365384615384616 0.37259615384615385 0.004807692307692308 0.004807692307692308
2 0.8377403846153846 0.36538461538461536 0.002403846153846154 0.004807692307692308
2 0.2247596153846154 0.3173076923076923 0.007211538461538462 0.009615384615384616
2 0.24158653846153846 0.38100961538461536 0.007211538461538462 0.002403846153846154
2 0.2403846153846154 0.3329326923076923 0.004807692307692308 0.002403846153846154
2 0.24158653846153846 0.3425480769230769 0.007211538461538462 0.002403846153846154
2 0.2512019230769231 0.40024038461538464 0.007211538461538462 0.002403846153846154
2 0.2764423076923077 0.4891826923076923 0.009615384615384616 0.007211538461538462
2 0.27163461538461536 0.38100961538461536 0.009615384615384616 0.007211538461538462
2 0.27403846153846156 0.3701923076923077 0.009615384615384616 0.004807692307692308
