2 0.625 0.31850961538461536 0.009615384615384616 0.01201923076923077
2 0.6189903846153846 0.31971153846153844 0.007211538461538462 0.009615384615384616
2 0.6117788461538461 0.32211538461538464 0.007211538461538462 0.009615384615384616
2 0.6045673076923077 0.3245192307692308 0.007211538461538462 0.009615384615384616
2 0.5637019230769231 0.33774038461538464 0.01201923076923077 0.007211538461538462
2 0.5673076923076923 0.43509615384615385 0.004807692307692308 0.004807692307692308
2 0.5600961538461539 0.43509615384615385 0.004807692307692308 0.004807692307692308
2 0.5408653846153846 0.4423076923076923 0.004807692307692308 0.004807692307692308
2 0.4699519230769231 0.4326923076923077 0.007211538461538462 0.004807692307692308
2 0.4375 0.47596153846153844 0.009615384615384616 0.004807692307692308
2 0.421875 0.47836538461538464 0.007211538461538462 0.004807692307692308
1 0.40024038461538464 0.41466346153846156 0.007211538461538462 0.007211538461538462
1 0.3918269230769231 0.4182692307692308 0.004807692307692308 0.004807692307692308
2 0.4050480769230769 0.4831730769230769 0.007211538461538462 0.004807692307692308
2 0.36899038461538464 0.3605769230769231 0.007211538461538462 0.004807692307692308
1 0.38461538461538464 0.4206730769230769 0.004807692307692308 0.004807692307692308
2 0.36177884615384615 0.3557692307692308 0.007211538461538462 0.004807692307692308
1 0.3762019230769231 0.421875 0.007211538461538462 0.007211538461538462
1 0.359375 0.44591346153846156 0.007211538461538462 0.007211538461538462
1 0.3605769230769231 0.4519230769230769 0.004807692307692308 0.004807692307692308
2 0.30528846153846156 0.4254807692307692 0.009615384615384616 0.004807692307692308
2 0.2932692307692308 0.44471153846153844 0.004807692307692308 0.004807692307692308
2 0.28846153846153844 0.44711538461538464 0.004807692307692308 0.004807692307692308
2 0.25240384615384615 0.5120192307692307 0.004807692307692308 0.004807692307692308
2 0.24639423076923078 0.5132211538461539 0.007211538461538462 0.007211538461538462
2 0.23317307692307693 0.5192307692307693 0.004807692307692308 0.004807692307692308
2 0.21033653846153846 0.46875 0.026442307692307692 0.014423076923076924
2 0.18389423076923078 0.4519230769230769 0.026442307692307692 0.014423076923076924
2 0.7427884615384616 0.3894230769230769 0.009615384615384616 0.004807692307692308
2 0.7331730769230769 0.39302884615384615 0.009615384615384616 0.007211538461538462
2 0.7067307692307693 0.39663461538461536 0.004807692307692308 0.004807692307692308
2 0.6911057692307693 0.35096153846153844 0.007211538461538462 0.009615384615384616
2 0.6983173076923077 0.40024038461538464 0.007211538461538462 0.007211538461538462
