2 0.6298076923076923 0.6814903846153846 0.009615384615384616 0.01201923076923077
2 0.6213942307692307 0.6802884615384616 0.007211538461538462 0.009615384615384616
2 0.6141826923076923 0.6778846153846154 0.007211538461538462 0.009615384615384616
2 0.6069711538461539 0.6754807692307693 0.007211538461538462 0.009615384615384616
2 0.5661057692307693 0.6622596153846154 0.01201923076923077 0.007211538461538462
2 0.5697115384615384 0.5649038461538461 0.004807692307692308 0.004807692307692308
2 0.5600961538461539 0.5649038461538461 0.004807692307692308 0.004807692307692308
2 0.5408653846153846 0.5600961538461539 0.004807692307692308 0.004807692307692308
2 0.4723557692307692 0.5697115384615384 0.007211538461538462 0.004807692307692308
2 0.43990384615384615 0.5264423076923077 0.009615384615384616 0.004807692307692308
2 0.421875 0.5240384615384616 0.007211538461538462 0.004807692307692308
1 0.4026442307692308 0.5877403846153846 0.007211538461538462 0.007211538461538462
1 0.3942307692307692 0.5865384615384616 0.004807692307692308 0.004807692307692308
2 0.4050480769230769 0.5192307692307693 0.007211538461538462 0.004807692307692308
2 0.3713942307692308 0.6442307692307693 0.007211538461538462 0.004807692307692308
1 0.3870192307692308 0.5817307692307693 0.004807692307692308 0.004807692307692308
2 0.3641826923076923 0.6490384615384616 0.007211538461538462 0.004807692307692308
1 0.3786057692307692 0.5829326923076923 0.007211538461538462 0.007211538461538462
1 0.359375 0.5588942307692307 0.007211538461538462 0.007211538461538462
1 0.3605769230769231 0.5528846153846154 0.004807692307692308 0.004807692307692308
2 0.3076923076923077 0.5793269230769231 0.009615384615384616 0.004807692307692308
2 0.2956730769230769 0.5600961538461539 0.004807692307692308 0.004807692307692308
2 0.29086538461538464 0.5576923076923077 0.004807692307692308 0.004807692307692308
2 0.25240384615384615 0.49278846153846156 0.004807692307692308 0.004807692307692308
2 0.24639423076923078 0.49158653846153844 0.007211538461538462 0.007211538461538462
2 0.23317307692307693 0.4855769230769231 0.004807692307692308 0.004807692307692308
2 0.21033653846153846 0.5384615384615384 0.026442307692307692 0.014423076923076924
2 0.18389423076923078 0.5552884615384616 0.026442307692307692 0.014423076923076924
2 0.7451923076923077 0.6081730769230769 0.009615384615384616 0.004807692307692308
2 0.7355769230769231 0.6045673076923077 0.009615384615384616 0.007211538461538462
2 0.7091346153846154 0.6009615384615384 0.004807692307692308 0.004807692307692308
2 0.6935096153846154 0.6466346153846154 0.007211538461538462 0.009615384615384616
2 0.7007211538461539 0.5973557692307693 0.007211538461538462 0.007211538461538462
