2 0.3137019230769231 0.6129807692307693 0.007211538461538462 0.004807692307692308
2 0.31850961538461536 0.59375 0.007211538461538462 0.004807692307692308
2 0.3701923076923077 0.5564903846153846 0.009615384615384616 0.007211538461538462
2 0.3605769230769231 0.6177884615384616 0.004807692307692308 0.004807692307692308
2 0.3870192307692308 0.6322115384615384 0.009615384615384616 0.004807692307692308
2 0.42427884615384615 0.6334134615384616 0.007211538461538462 0.007211538461538462
2 0.43990384615384615 0.5949519230769231 0.014423076923076924 0.007211538461538462
2 0.4423076923076923 0.5853365384615384 0.014423076923076924 0.007211538461538462
2 0.4375 0.6165865384615384 0.009615384615384616 0.007211538461538462
2 0.46033653846153844 0.5420673076923077 0.007211538461538462 0.007211538461538462
2 0.46634615384615385 0.5264423076923077 0.009615384615384616 0.004807692307692308
2 0.4495192307692308 0.6057692307692307 0.004807692307692308 0.004807692307692308
2 0.4206730769230769 0.7752403846153846 0.014423076923076924 0.007211538461538462
2 0.4206730769230769 0.7800480769230769 0.014423076923076924 0.007211538461538462
2 0.4639423076923077 0.7644230769230769 0.004807692307692308 0.004807692307692308
2 0.4675480769230769 0.7620192307692307 0.002403846153846154 0.004807692307692308
2 0.4651442307692308 0.7716346153846154 0.002403846153846154 0.004807692307692308
2 0.47115384615384615 0.7644230769230769 0.004807692307692308 0.004807692307692308
2 0.47836538461538464 0.7668269230769231 0.004807692307692308 0.004807692307692308
2 0.4951923076923077 0.7139423076923077 0.009615384615384616 0.004807692307692308
2 0.4807692307692308 0.7740384615384616 0.004807692307692308 0.004807692307692308
2 0.4831730769230769 0.7764423076923077 0.004807692307692308 0.004807692307692308
2 0.49038461538461536 0.7692307692307693 0.004807692307692308 0.004807692307692308
2 0.5228365384615384 0.71875 0.002403846153846154 0.004807692307692308
2 0.5144230769230769 0.8064903846153846 0.014423076923076924 0.007211538461538462
2 0.6153846153846154 0.48197115384615385 0.014423076923076924 0.007211538461538462
2 0.6418269230769231 0.6394230769230769 0.004807692307692308 0.004807692307692308
2 0.6454326923076923 0.6370192307692307 0.007211538461538462 0.004807692307692308
2 0.6454326923076923 0.6298076923076923 0.007211538461538462 0.004807692307692308
2 0.6478365384615384 0.625 0.007211538461538462 0.004807692307692308
2 0.6478365384615384 0.6274038461538461 0.007211538461538462 0.004807692307692308
2 0.6466346153846154 0.6514423076923077 0.009615384615384616 0.004807692307692308
2 0.6454326923076923 0.6490384615384616 0.007211538461538462 0.004807692307692308
2 0.6838942307692307 0.6778846153846154 0.007211538461538462 0.004807692307692308
2 0.7391826923076923 0.7019230769230769 0.007211538461538462 0.004807692307692308
2 0.7487980769230769 0.6778846153846154 0.007211538461538462 0.004807692307692308
2 0.7524038461538461 0.6682692307692307 0.009615384615384616 0.004807692307692308
2 0.8088942307692307 0.5360576923076923 0.007211538461538462 0.004807692307692308
2 0.8305288461538461 0.5576923076923077 0.021634615384615384 0.014423076923076924
2 0.8461538461538461 0.5240384615384616 0.004807692307692308 0.004807692307692308
2 0.8088942307692307 0.6995192307692307 0.002403846153846154 0.004807692307692308
2 0.8125 0.6923076923076923 0.004807692307692308 0.004807692307692308
2 0.8173076923076923 0.6730769230769231 0.004807692307692308 0.004807692307692308
2 0.8149038461538461 0.6850961538461539 0.004807692307692308 0.004807692307692308
2 0.8149038461538461 0.6802884615384616 0.004807692307692308 0.004807692307692308
2 0.8197115384615384 0.6610576923076923 0.004807692307692308 0.004807692307692308
2 0.8233173076923077 0.6706730769230769 0.002403846153846154 0.004807692307692308
2 0.20793269230769232 0.6538461538461539 0.007211538461538462 0.009615384615384616
2 0.23197115384615385 0.5913461538461539 0.007211538461538462 0.004807692307692308
2 0.22355769230769232 0.6382211538461539 0.004807692307692308 0.002403846153846154
2 0.2247596153846154 0.6298076923076923 0.007211538461538462 0.004807692307692308
2 0.24158653846153846 0.5745192307692307 0.007211538461538462 0.004807692307692308
2 0.2764423076923077 0.4891826923076923 0.009615384615384616 0.007211538461538462
2 0.2620192307692308 0.5949519230769231 0.009615384615384616 0.007211538461538462
2 0.25961538461538464 0.6057692307692307 0.009615384615384616 0.004807692307692308
