2 0.5168269230769231 0.35697115384615385 0.019230769230769232 0.01201923076923077
2 0.5072115384615384 0.5036057692307693 0.03365384615384615 0.026442307692307692
2 0.49038461538461536 0.44471153846153844 0.02403846153846154 0.014423076923076924
2 0.4807692307692308 0.49038461538461536 0.02403846153846154 0.009615384615384616
2 0.4495192307692308 0.33533653846153844 0.019230769230769232 0.007211538461538462
2 0.4423076923076923 0.4723557692307692 0.028846153846153848 0.01201923076923077
2 0.44471153846153844 0.41225961538461536 0.02403846153846154 0.016826923076923076
2 0.3954326923076923 0.4014423076923077 0.021634615384615384 0.009615384615384616
2 0.3870192307692308 0.4699519230769231 0.02403846153846154 0.01201923076923077
2 0.33653846153846156 0.4074519230769231 0.02403846153846154 0.01201923076923077
2 0.3329326923076923 0.46875 0.021634615384615384 0.009615384615384616
2 0.2860576923076923 0.39783653846153844 0.019230769230769232 0.01201923076923077
2 0.2764423076923077 0.4651442307692308 0.02403846153846154 0.01201923076923077
