2 0.6658653846153846 0.47596153846153844 0.004807692307692308 0.009615384615384616
1 0.6646634615384616 0.5504807692307693 0.01201923076923077 0.004807692307692308
2 0.6466346153846154 0.42908653846153844 0.03365384615384615 0.016826923076923076
1 0.6586538461538461 0.7548076923076923 0.009615384615384616 0.004807692307692308
2 0.6358173076923077 0.5120192307692307 0.036057692307692304 0.03365384615384615
0 0.6225961538461539 0.5841346153846154 0.004807692307692308 0.004807692307692308
0 0.6225961538461539 0.5889423076923077 0.004807692307692308 0.004807692307692308
0 0.6225961538461539 0.59375 0.004807692307692308 0.004807692307692308
0 0.6225961538461539 0.5985576923076923 0.004807692307692308 0.004807692307692308
1 0.6081730769230769 0.8100961538461539 0.009615384615384616 0.004807692307692308
1 0.5889423076923077 0.8125 0.009615384615384616 0.004807692307692308
0 0.5504807692307693 0.45552884615384615 0.009615384615384616 0.007211538461538462
1 0.5600961538461539 0.8137019230769231 0.009615384615384616 0.007211538461538462
1 0.5504807692307693 0.765625 0.009615384615384616 0.007211538461538462
1 0.5528846153846154 0.7824519230769231 0.009615384615384616 0.007211538461538462
1 0.5480769230769231 0.7584134615384616 0.009615384615384616 0.007211538461538462
1 0.5528846153846154 0.8161057692307693 0.009615384615384616 0.007211538461538462
0 0.5168269230769231 0.4338942307692308 0.014423076923076924 0.01201923076923077
0 0.5192307692307693 0.45552884615384615 0.009615384615384616 0.007211538461538462
0 0.5144230769230769 0.4639423076923077 0.009615384615384616 0.004807692307692308
2 0.5360576923076923 0.7175480769230769 0.004807692307692308 0.002403846153846154
1 0.5408653846153846 0.7752403846153846 0.009615384615384616 0.007211538461538462
1 0.5384615384615384 0.7680288461538461 0.009615384615384616 0.007211538461538462
0 0.5096153846153846 0.4987980769230769 0.009615384615384616 0.007211538461538462
0 0.5072115384615384 0.47716346153846156 0.009615384615384616 0.007211538461538462
0 0.5096153846153846 0.484375 0.009615384615384616 0.007211538461538462
1 0.5264423076923077 0.7884615384615384 0.009615384615384616 0.004807692307692308
2 0.46153846153846156 0.7055288461538461 0.004807692307692308 0.007211538461538462
2 0.4182692307692308 0.44711538461538464 0.038461538461538464 0.03365384615384615
1 0.4423076923076923 0.7992788461538461 0.009615384615384616 0.007211538461538462
2 0.39903846153846156 0.43509615384615385 0.004807692307692308 0.004807692307692308
2 0.3942307692307692 0.43990384615384615 0.004807692307692308 0.004807692307692308
1 0.40865384615384615 0.8028846153846154 0.009615384615384616 0.004807692307692308
2 0.3701923076923077 0.43990384615384615 0.004807692307692308 0.009615384615384616
2 0.38221153846153844 0.6550480769230769 0.009615384615384616 0.002403846153846154
2 0.38221153846153844 0.6514423076923077 0.009615384615384616 0.004807692307692308
2 0.3701923076923077 0.6574519230769231 0.004807692307692308 0.007211538461538462
1 0.35216346153846156 0.65625 0.007211538461538462 0.004807692307692308
1 0.3425480769230769 0.6538461538461539 0.007211538461538462 0.004807692307692308
1 0.3329326923076923 0.6538461538461539 0.007211538461538462 0.004807692307692308
1 0.32211538461538464 0.6286057692307693 0.009615384615384616 0.007211538461538462
0 0.31971153846153844 0.6201923076923077 0.009615384615384616 0.004807692307692308
1 0.3173076923076923 0.6358173076923077 0.009615384615384616 0.007211538461538462
1 0.31009615384615385 0.6274038461538461 0.009615384615384616 0.004807692307692308
1 0.31009615384615385 0.6382211538461539 0.009615384615384616 0.007211538461538462
0 0.3076923076923077 0.6177884615384616 0.009615384615384616 0.004807692307692308
1 0.31009615384615385 0.8064903846153846 0.009615384615384616 0.007211538461538462
1 0.3004807692307692 0.7776442307692307 0.009615384615384616 0.007211538461538462
0 0.2860576923076923 0.6298076923076923 0.009615384615384616 0.009615384615384616
1 0.28725961538461536 0.7620192307692307 0.01201923076923077 0.004807692307692308
1 0.27163461538461536 0.6899038461538461 0.009615384615384616 0.004807692307692308
1 0.25721153846153844 0.5757211538461539 0.009615384615384616 0.007211538461538462
2 0.24519230769230768 0.4891826923076923 0.03365384615384615 0.021634615384615384
1 0.24519230769230768 0.5420673076923077 0.009615384615384616 0.007211538461538462
1 0.2403846153846154 0.5204326923076923 0.009615384615384616 0.007211538461538462
1 0.2403846153846154 0.5144230769230769 0.009615384615384616 0.004807692307692308
1 0.24278846153846154 0.5504807692307693 0.009615384615384616 0.004807692307692308
1 0.24278846153846154 0.5564903846153846 0.009615384615384616 0.007211538461538462
1 0.23317307692307693 0.4639423076923077 0.009615384615384616 0.004807692307692308
2 0.24759615384615385 0.7211538461538461 0.004807692307692308 0.004807692307692308
0 0.21634615384615385 0.4855769230769231 0.009615384615384616 0.004807692307692308
2 0.22355769230769232 0.5973557692307693 0.009615384615384616 0.002403846153846154
2 0.22355769230769232 0.5997596153846154 0.009615384615384616 0.002403846153846154
1 0.23798076923076922 0.7560096153846154 0.009615384615384616 0.007211538461538462
1 0.22596153846153846 0.796875 0.009615384615384616 0.007211538461538462
1 0.22596153846153846 0.8040865384615384 0.009615384615384616 0.007211538461538462
