0 0.42768262987012984 0.3079435975609756 0.007962662337662338 0.003692073170731707
0 0.38299918831168833 0.30891158536585367 0.00666396103896104 0.0037987804878048784
0 0.35727982954545456 0.3098826219512195 0.006361607142857143 0.004521341463414634
1 0.7986749188311688 0.31108231707317074 0.005629058441558441 0.0050914634146341465
0 0.6961830357142857 0.31871036585365853 0.007625811688311688 0.005713414634146341
1 0.35694703733766237 0.319140243902439 0.006507711038961039 0.00474390243902439
0 0.6257426948051947 0.3205762195121951 0.003108766233766234 0.010664634146341462
2 0.7593506493506493 0.3207591463414634 0.01667207792207792 0.05554268292682927
1 0.35705052759740263 0.32421951219512196 0.0067146915584415596 0.003926829268292683
0 0.6953216314935065 0.3269161585365854 0.0038737824675324677 0.009320121951219512
0 0.674158887987013 0.32968597560975604 0.00781452922077922 0.0038841463414634146
1 0.5982386363636364 0.33284451219512196 0.006136363636363636 0.0034939024390243903
1 0.3935653409090909 0.3330518292682927 0.006286525974025974 0.004518292682926829
1 0.6185998376623376 0.33409451219512193 0.005462662337662338 0.004164634146341464
0 0.673966112012987 0.33404115853658534 0.007023133116883117 0.004667682926829268
1 0.598424310064935 0.33674542682926834 0.0077252435064935066 0.0033689024390243906
0 0.5935825892857143 0.33712042682926835 0.0021002435064935063 0.00960670731707317
0 0.6956138392857143 0.33757774390243905 0.0032406655844155847 0.011740853658536585
1 0.5880489042207793 0.3376783536585366 0.0076724837662337664 0.004625
0 0.39310064935064937 0.33806554878048783 0.006168831168831168 0.0035701219512195123
1 0.38541801948051946 0.3385335365853659 0.0058198051948051945 0.0032865853658536584
1 0.6188342126623376 0.3388262195121951 0.006743100649350649 0.003871951219512195
1 0.6738747970779221 0.3391387195121951 0.006434659090909091 0.0032774390243902438
0 0.41796773538961035 0.3392317073170732 0.0027374188311688314 0.009560975609756097
1 0.5983380681818182 0.3410990853658537 0.005523538961038961 0.003539634146341463
1 0.6187073863636363 0.3430030487804878 0.007301136363636363 0.0030792682926829265
0 0.5987368100649351 0.34481249999999997 0.005915178571428571 0.0030396341463414635
1 0.5934415584415584 0.3471128048780488 0.00262987012987013 0.008859756097560975
0 0.45564630681818186 0.34820274390243905 0.007477678571428572 0.004332317073170732
0 0.598617086038961 0.34852286585365855 0.006081574675324675 0.003753048780487805
0 0.5394744318181819 0.3501295731707317 0.002650162337662338 0.009405487804878048
1 0.5881006493506493 0.3515426829268293 0.0065584415584415585 0.0030853658536585363
1 0.5987581168831169 0.35351829268292684 0.005551948051948052 0.003378048780487805
0 0.6169328327922078 0.35879878048780484 0.006187094155844156 0.0029634146341463415
0 0.562205762987013 0.3618628048780488 0.002658279220779221 0.009701219512195122
1 0.6181584821428571 0.36278506097560975 0.0057974837662337665 0.0030091463414634143
1 0.43183847402597403 0.36354725609756094 0.0024756493506493506 0.010631097560975609
0 0.5683979301948052 0.36520579268292686 0.0024614448051948055 0.010289634146341464
1 0.5711901379870129 0.36589329268292686 0.001958198051948052 0.008615853658536586
1 0.6181757305194805 0.36727286585365854 0.007049512987012988 0.004057926829268293
1 0.35771611201298703 0.3698216463414635 0.005610795454545454 0.0030579268292682924
1 0.5634648944805195 0.37224237804878046 0.005582386363636364 0.004850609756097561
1 0.3581686282467533 0.3743734756097561 0.00570413961038961 0.003625
0 0.7730945616883117 0.37616615853658536 0.003169642857142857 0.012698170731707316
0 0.7646875000000001 0.37639786585365853 0.00299512987012987 0.011332317073170731
2 0.7611830357142857 0.376532012195122 0.0028855519480519482 0.011600609756097561
0 0.7688078327922078 0.3766707317073171 0.003524756493506494 0.011268292682926829
0 0.7769500811688311 0.37667530487804873 0.003169642857142857 0.010667682926829269
1 0.35795048701298704 0.37858384146341467 0.006079545454545455 0.00411890243902439
0 0.6111465097402597 0.3792134146341463 0.0035430194805194807 0.01147560975609756
1 0.8430762987012987 0.3799344512195122 0.003116883116883117 0.009259146341463414
0 0.846697443181818 0.3798125 0.002648133116883117 0.009015243902439024
1 0.8405407873376625 0.3803734756097561 0.002510146103896104 0.008917682926829268
0 0.8313139204545454 0.3803765243902439 0.0027252435064935064 0.008314024390243903
1 0.8227374188311688 0.3803582317073171 0.0022118506493506492 0.008887195121951219
1 0.819830560064935 0.3805579268292683 0.0024857954545454545 0.008676829268292684
1 0.8344866071428572 0.3807728658536585 0.002982954545454545 0.008496951219512196
0 0.576296672077922 0.3810121951219512 0.002431006493506494 0.008365853658536586
1 0.3830935470779221 0.38209756097560976 0.006446834415584415 0.004439024390243903
1 0.35790381493506496 0.38213871951219514 0.005986201298701299 0.0039115853658536585
1 0.8132751623376624 0.3831143292682927 0.001956168831168831 0.010131097560975608
1 0.39369013798701297 0.384015243902439 0.005318587662337663 0.004615853658536585
1 0.3582355925324675 0.3864603658536585 0.006243912337662337 0.004018292682926829
1 0.760143060064935 0.38749237804878045 0.002023133116883117 0.009740853658536585
1 0.4926501623376624 0.3892378048780488 0.0059983766233766235 0.004695121951219512
1 0.39457589285714284 0.389797256097561 0.0062784090909090914 0.003984756097560976
1 0.35824675324675326 0.39058993902439026 0.006266233766233766 0.0037408536585365852
0 0.5764001623376623 0.3921051829268293 0.003043831168831169 0.010429878048780488
1 0.464346590909091 0.39246341463414636 0.005803571428571429 0.004439024390243903
1 0.564393262987013 0.3924451219512195 0.006221590909090909 0.0044024390243902435
1 0.7679535308441559 0.39378201219512193 0.005874594155844156 0.0034176829268292687
1 0.3946580762987013 0.39398475609756095 0.006442775974025974 0.0032134146341463413
1 0.5394054383116883 0.3942423780487805 0.002512175324675325 0.011045731707317073
1 0.8189782873376624 0.39436280487804876 0.0024046266233766233 0.010067073170731708
1 0.3575801542207792 0.3945365853658536 0.0061505681818181815 0.003707317073170732
1 0.834729099025974 0.3945746951219512 0.0026562499999999998 0.00866158536585366
1 0.8490787337662338 0.3946112804878049 0.002946428571428571 0.009954268292682927
1 0.8374624594155845 0.3949192073170732 0.0024411525974025973 0.008740853658536586
1 0.8315239448051948 0.3950015243902439 0.002333603896103896 0.009515243902439024
1 0.8404099025974026 0.394907012195122 0.002654220779220779 0.008716463414634147
1 0.8160105519480519 0.39486737804878047 0.002556818181818182 0.010466463414634145
0 0.8282426948051947 0.39513871951219515 0.0026704545454545453 0.009789634146341463
1 0.4926501623376624 0.3954634146341463 0.0059983766233766235 0.004951219512195121
1 0.5021428571428571 0.39671341463414633 0.00672077922077922 0.005621951219512196
1 0.7763372564935065 0.39680182926829266 0.002349837662337662 0.008847560975609755
1 0.778838271103896 0.3974451219512195 0.002481737012987013 0.008914634146341463
0 0.7682153003246753 0.3980365853658536 0.006803977272727273 0.0052195121951219515
1 0.35793425324675326 0.39866006097560974 0.00523538961038961 0.004027439024390244
1 0.38338879870129866 0.39871798780487805 0.0054139610389610385 0.0035335365853658538
1 0.7511982548701299 0.4012088414634146 0.0060491071428571425 0.0036371951219512193
1 0.39464590097402596 0.4018460365853659 0.005606737012987013 0.0049115853658536586
1 0.3580438311688312 0.40289329268292684 0.006266233766233766 0.003957317073170732
0 0.5734060470779221 0.40529420731707316 0.0027374188311688314 0.009978658536585364
1 0.42011566558441554 0.40567073170731704 0.006221590909090909 0.004634146341463414
0 0.7514681412337663 0.4062042682926829 0.006183035714285714 0.003871951219512195
0 0.6760724431818181 0.4060746951219512 0.002307224025974026 0.009100609756097562
1 0.3584537337662338 0.40664176829268295 0.005868506493506494 0.00413719512195122
1 0.3841974431818182 0.4074801829268293 0.007031249999999999 0.004594512195121951
1 0.3931554383116883 0.40762652439024394 0.0062784090909090914 0.004277439024390243
1 0.6713798701298701 0.4084817073170732 0.005909090909090909 0.004158536585365854
1 0.7513687094155844 0.40979725609756096 0.005984172077922078 0.0037408536585365852
1 0.5998478084415585 0.40985365853658534 0.006107954545454546 0.005073170731707317
1 0.6504362824675325 0.4112439024390244 0.006229707792207792 0.0041951219512195125
1 0.6711211444805194 0.4115518292682927 0.0057974837662337665 0.003591463414634146
0 0.6432244318181818 0.4117926829268293 0.005604707792207792 0.0046829268292682925
0 0.6613058035714285 0.41275152439024393 0.0024005681818181817 0.009039634146341463
1 0.6584659090909091 0.41290701219512194 0.0024025974025974027 0.00813109756097561
1 0.3510064935064935 0.41308689024390244 0.0023376623376623377 0.008490853658536586
1 0.7516304788961039 0.41365701219512196 0.0056960227272727275 0.0041432926829268295
1 0.34808441558441555 0.41376981707317073 0.0025811688311688312 0.008637195121951219
1 0.5997778003246753 0.4144420731707317 0.005967938311688311 0.003274390243902439
1 0.8460298295454545 0.41563871951219516 0.006183035714285714 0.0038384146341463414
0 0.650528612012987 0.41615853658536583 0.005602678571428571 0.003658536585365854
1 0.6430103490259741 0.4164283536585366 0.005582386363636364 0.004198170731707317
0 0.6678419237012987 0.4164283536585366 0.005732548701298701 0.004198170731707317
1 0.8460298295454545 0.41918140243902435 0.006183035714285714 0.003606707317073171
0 0.650648336038961 0.4206661585365854 0.006653814935064935 0.003527439024390244
0 0.6680204951298702 0.42095426829268295 0.006089691558441559 0.0034939024390243903
1 0.42347301136363635 0.42120274390243906 0.006442775974025974 0.004600609756097561
1 0.4301684253246753 0.421265243902439 0.006440746753246753 0.004725609756097561
0 0.6440584415584416 0.4216128048780488 0.00564935064935065 0.004201219512195121
0 0.661484375 0.4225457317073171 0.0027577110389610388 0.008506097560975609
1 0.639140625 0.422859756097561 0.002307224025974026 0.010353658536585366
1 0.658713474025974 0.4228003048780488 0.0024918831168831168 0.00840548780487805
1 0.8460734577922078 0.4230960365853659 0.006270292207792207 0.0035091463414634147
1 0.6684232954545454 0.42498628048780485 0.006895292207792207 0.00363109756097561
0 0.6509202516233766 0.42525152439024394 0.006385957792207792 0.005381097560975609
0 0.6442380275974026 0.4260198170731707 0.006008522727272727 0.00386890243902439
1 0.8462104301948052 0.4273932926829268 0.006138392857142857 0.004176829268292682
1 0.42352881493506495 0.4285548780487805 0.0065543831168831165 0.004060975609756098
1 0.43011363636363636 0.4286051829268293 0.006331168831168831 0.004771341463414634
1 0.8464985795454546 0.4313140243902439 0.0067146915584415596 0.003481707317073171
0 0.5773589691558442 0.4329664634146342 0.0029322240259740256 0.010445121951219511
0 0.3849391233766234 0.4366875 0.006891233766233767 0.004472560975609756
1 0.3928632305194805 0.43678201219512197 0.007723214285714286 0.004051829268292683
1 0.3921956168831169 0.44242987804878053 0.006387987012987013 0.0037621951219512194
1 0.3844592126623377 0.4429649390243902 0.005525568181818182 0.004222560975609756
1 0.5721803977272727 0.4435503048780488 0.005967938311688311 0.00539329268292683
0 0.3587997159090909 0.4438140243902439 0.006560470779220779 0.0040914634146341465
1 0.5998630275974026 0.44664939024390243 0.005326704545454545 0.004884146341463415
1 0.3913260957792208 0.4470137195121951 0.007084009740259739 0.00439329268292683
1 0.38424107142857145 0.44747713414634144 0.006306818181818182 0.004100609756097561
1 0.6007721185064935 0.4518460365853659 0.005521509740259741 0.004301829268292682
1 0.8564772727272728 0.4551265243902439 0.002727272727272727 0.008423780487804879
1 0.8591294642857142 0.4553536585365853 0.002349837662337662 0.00948780487804878
1 0.8625273944805194 0.4553155487804878 0.0030580357142857145 0.010021341463414633
1 0.35911830357142854 0.4572164634146342 0.006385957792207792 0.0034573170731707317
1 0.38448153409090907 0.4586524390243903 0.002323457792207792 0.010597560975609755
1 0.7554372970779221 0.45956097560975606 0.006004464285714286 0.0032682926829268296
1 0.3591091720779221 0.4605564024390244 0.005961850649350649 0.002820121951219512
1 0.3590472808441558 0.46429878048780493 0.005838068181818182 0.004207317073170732
1 0.43115158279220783 0.4640442073170732 0.0055661525974025974 0.0036981707317073173
1 0.4236779626623377 0.4658094512195122 0.005229301948051948 0.0035701219512195123
1 0.8583654626623376 0.466782012195122 0.0020393668831168834 0.008564024390243903
1 0.8447909902597402 0.4690503048780488 0.002487824675324675 0.008832317073170731
1 0.39201603084415587 0.46980182926829267 0.005217126623376624 0.004237804878048781
1 0.3857112418831169 0.47031707317073174 0.0060004058441558445 0.0046585365853658535
0 0.43125304383116886 0.4705746951219512 0.006580762987012987 0.0051737804878048774
0 0.42035409902597404 0.4725121951219512 0.005886769480519481 0.004170731707317073
1 0.6229261363636364 0.47503506097560977 0.006404220779220779 0.004948170731707317
1 0.3597646103896104 0.47738567073170735 0.006461038961038961 0.0029420731707317073
1 0.38470779220779217 0.48128810975609754 0.002775974025974026 0.008917682926829268
1 0.6149025974025973 0.48353810975609757 0.0025324675324675324 0.00914939024390244
0 0.6200060876623377 0.48376676829268295 0.0025933441558441558 0.008996951219512196
0 0.6175497159090909 0.48387499999999994 0.0021448863636363636 0.009213414634146341
0 0.6095373376623378 0.4839359756097561 0.00275974025974026 0.009335365853658536
1 0.6122138798701299 0.48396798780487804 0.002431006493506494 0.010009146341463415
1 0.3845484983766234 0.4905975609756098 0.002051542207792208 0.007414634146341464
1 0.5393912337662338 0.4934375 0.006136363636363636 0.004557926829268292
0 0.6252810470779221 0.4939253048780488 0.002591314935064935 0.010411585365853657
0 0.6221164772727272 0.4948216463414635 0.002755681818181818 0.00915548780487805
1 0.6190422077922078 0.4950381097560975 0.0026948051948051947 0.010198170731707317
1 0.6085257711038962 0.495875 0.003983360389610389 0.009432926829268292
1 0.4275689935064935 0.4971448170731707 0.00002435064935064935 0.0009969512195121951
1 0.6140574269480519 0.4973399390243903 0.005712256493506493 0.0038262195121951223
1 0.540565137987013 0.49832621951219513 0.006860795454545455 0.005189024390243903
1 0.43037134740259736 0.4992225609756098 0.005629058441558441 0.004542682926829268
1 0.615692978896104 0.5028003048780487 0.006548295454545455 0.004381097560975609
0 0.6087327516233766 0.5040823170731707 0.006020698051948052 0.004506097560975609
0 0.6201278409090909 0.5068689024390244 0.0028368506493506493 0.009469512195121951
0 0.6232711038961039 0.5067606707317073 0.002224025974025974 0.00864329268292683
1 0.6156716720779222 0.5082454268292683 0.0060998376623376625 0.004905487804878049
0 0.6093638392857144 0.5085167682926829 0.006877029220779221 0.00361890243902439
0 0.6084496753246753 0.5124039634146341 0.006266233766233766 0.003466463414634146
0 0.6254119318181819 0.5161676829268292 0.002041396103896104 0.007945121951219512
0 0.5767339691558442 0.5170365853658537 0.00614650974025974 0.0041951219512195125
1 0.6184151785714286 0.5173643292682927 0.0034699675324675328 0.010948170731707316
0 0.5697727272727273 0.5174283536585366 0.0068344155844155844 0.004368902439024391
1 0.5991264204545454 0.5174496951219512 0.003041801948051948 0.00989939024390244
0 0.6220342938311689 0.5176966463414634 0.002591314935064935 0.009783536585365855
0 0.615460633116883 0.5186417682926829 0.002431006493506494 0.009844512195121951
0 0.6126806006493506 0.5197408536585366 0.0021469155844155846 0.010213414634146342
1 0.6093760146103896 0.5197682926829268 0.003248782467532468 0.009048780487804877
1 0.5766801948051948 0.5222362804878049 0.005633116883116883 0.004228658536585365
1 0.5705458603896104 0.5224405487804878 0.005539772727272727 0.004027439024390244
1 0.5706473214285714 0.526685975609756 0.006148538961038961 0.003371951219512195
0 0.6196073457792208 0.5288887195121952 0.005854301948051949 0.0035091463414634147
1 0.5997991071428571 0.5293551829268293 0.002763798701298701 0.009320121951219512
0 0.6121012581168831 0.5295472560975609 0.006264204545454546 0.004826219512195122
0 0.6071530032467533 0.5298658536585366 0.002861201298701299 0.010341463414634147
1 0.577150974025974 0.5307896341463415 0.005762987012987012 0.004871951219512195
1 0.570812702922078 0.5313841463414635 0.006073457792207792 0.004231707317073171
0 0.5171499594155844 0.5313277439024391 0.0026440746753246753 0.00960670731707317
0 0.5137844967532467 0.5314862804878049 0.002406655844155844 0.009314024390243902
0 0.6130245535714286 0.5338003048780487 0.006487418831168831 0.004185975609756098
0 0.6199918831168831 0.533829268292683 0.005405844155844156 0.003634146341463415
1 0.48860186688311685 0.5341036585365854 0.005612824675324675 0.004182926829268293
0 0.703523741883117 0.5377057926829268 0.005667613636363636 0.004070121951219512
1 0.48890625 0.5383673780487805 0.006221590909090909 0.003564024390243902
1 0.5154961444805194 0.5386935975609756 0.005424107142857143 0.002996951219512195
0 0.5229443993506494 0.5410411585365854 0.005710227272727273 0.0028140243902439028
1 0.5155722402597402 0.542219512195122 0.005576298701298702 0.0033414634146341467
0 0.5377932224025974 0.5424161585365853 0.006592938311688312 0.004344512195121952
1 0.703414163961039 0.5424039634146341 0.00666599025974026 0.004929878048780489
0 0.5303145292207792 0.5426875 0.006245941558441558 0.004277439024390243
0 0.7113869724025974 0.5430442073170731 0.006377840909090909 0.004381097560975609
1 0.5224604301948051 0.5447896341463415 0.005553977272727273 0.004213414634146342
0 0.5671996753246753 0.5451173780487805 0.0061525974025974026 0.004259146341463415
1 0.5607579139610389 0.5453185975609756 0.005444399350649351 0.004051829268292683
0 0.553184862012987 0.545467987804878 0.006937905844155844 0.0037408536585365852
0 0.5156270292207793 0.5465899390243902 0.006091720779220779 0.0035457317073170733
1 0.4852536525974026 0.5466631097560976 0.0025689935064935063 0.008570121951219513
0 0.7037489853896104 0.5471890243902439 0.006523944805194805 0.003524390243902439
1 0.46254464285714286 0.5478475609756098 0.0026055194805194807 0.009109756097560975
1 0.7111130275974026 0.5482896341463415 0.006235795454545455 0.004506097560975609
1 0.3714549512987013 0.5483384146341463 0.0058969155844155845 0.0033841463414634146
1 0.5224056412337662 0.5487926829268293 0.006661931818181818 0.003073170731707317
0 0.5089813311688313 0.549280487804878 0.006193181818181818 0.0034390243902439025
1 0.4403561282467532 0.5498704268292683 0.006118100649350649 0.005228658536585365
1 0.5606351461038961 0.5501341463414634 0.005604707792207792 0.004536585365853659
1 0.5534232954545455 0.5501173780487805 0.005791396103896103 0.0045030487804878045
1 0.5674259334415584 0.5505487804878049 0.00619926948051948 0.0035365853658536586
1 0.5159182224025974 0.5510594512195122 0.005862418831168831 0.003948170731707317
1 0.3716254058441558 0.5519496951219512 0.005831980519480519 0.0032896341463414633
0 0.6812581168831169 0.5521006097560975 0.006185064935064935 0.004201219512195121
1 0.5225507305194805 0.5525990853658537 0.006140422077922078 0.0033689024390243906
0 0.5091730925324676 0.5531189024390244 0.006170860389610389 0.0037987804878048784
0 0.4817725243506494 0.5541920731707317 0.006158685064935065 0.00350609756097561
0 0.5158959009740259 0.5546234756097561 0.00622362012987013 0.0031493902439024392
0 0.6313940746753247 0.5549314024390244 0.003859577922077922 0.00986280487804878
1 0.5671083603896104 0.5554283536585366 0.005969967532467533 0.003539634146341463
1 0.4881341314935065 0.5554832317073171 0.005894886363636363 0.004259146341463415
1 0.522445211038961 0.5558064024390245 0.006335227272727273 0.003076219512195122
0 0.5538240665584415 0.5558948170731708 0.006592938311688312 0.004472560975609756
1 0.5604931006493507 0.555922256097561 0.006132305194805195 0.003917682926829268
0 0.6830549918831168 0.5563551829268293 0.006937905844155844 0.004173780487804878
1 0.6885135957792208 0.5574512195121951 0.0028388798701298704 0.009414634146341463
1 0.5093810876623377 0.5576310975609756 0.005775162337662338 0.004286585365853659
1 0.5159090909090909 0.5583262195121951 0.005844155844155844 0.0032378048780487803
1 0.4932964691558442 0.5585396341463414 0.0028267045454545454 0.008542682926829269
0 0.48151481331168833 0.5586905487804879 0.0060491071428571425 0.003966463414634146
1 0.5672463474025974 0.5599512195121952 0.006245941558441558 0.0034390243902439025
1 0.4882721185064935 0.5600030487804878 0.005765016233766234 0.003542682926829268
1 0.5606696428571428 0.5601524390243903 0.005673701298701299 0.0032317073170731706
1 0.6835683847402597 0.560592987804878 0.005123782467532468 0.003503048780487805
1 0.3714985795454545 0.5608673780487805 0.005984172077922078 0.003442073170731707
1 0.5089387175324676 0.5613932926829268 0.005296266233766234 0.003274390243902439
1 0.5160765016233766 0.5620807926829269 0.0065848214285714295 0.0040396341463414635
1 0.4885004058441558 0.5634176829268293 0.006221590909090909 0.0030548780487804875
0 0.4814823457792208 0.5636295731707317 0.007201704545454546 0.003478658536585366
1 0.4411150568181818 0.5636310975609756 0.006824269480519481 0.003481707317073171
1 0.5671164772727273 0.5641463414634147 0.005580357142857143 0.002682926829268293
1 0.5605854301948052 0.5644908536585366 0.006316964285714285 0.003371951219512195
1 0.5542461444805195 0.5644801829268292 0.005813717532467532 0.003960365853658537
1 0.37188717532467536 0.5646737804878049 0.0063555194805194806 0.004347560975609756
1 0.5092725243506494 0.564983231707317 0.006775568181818182 0.0025274390243902435
1 0.6302333603896104 0.5652835365853659 0.0019439935064935064 0.009225609756097562
0 0.6329636769480519 0.5655746951219512 0.0025344967532467534 0.009807926829268293
1 0.6271519886363637 0.5656326219512195 0.003086444805194805 0.008704268292682928
1 0.5159090909090909 0.5665975609756098 0.005844155844155844 0.003926829268292683
0 0.4817116477272727 0.5671768292682926 0.006442775974025974 0.0032560975609756096
0 0.48839184253246753 0.5673826219512196 0.006004464285714286 0.0030579268292682924
1 0.4411515827922078 0.5675594512195122 0.006897321428571429 0.0034115853658536585
0 0.5534070616883117 0.5686112804878048 0.006570616883116884 0.0036859756097560974
1 0.5609527191558441 0.5690198170731707 0.00583400974025974 0.0038932926829268293
1 0.5227901785714285 0.5691875 0.005401785714285715 0.004228658536585365
0 0.5091730925324676 0.5690655487804879 0.006170860389610389 0.004594512195121951
1 0.5685825892857143 0.5701875 0.005671672077922078 0.0037896341463414633
1 0.5159912743506493 0.5705625 0.006414366883116883 0.003929878048780488
0 0.481525974025974 0.5715335365853659 0.006071428571428571 0.004042682926829268
1 0.48833806818181824 0.5715335365853659 0.0058969155844155845 0.004042682926829268
0 0.4408390827922078 0.5714375 0.006678165584415583 0.0038506097560975614
1 0.5606808035714286 0.572920731707317 0.0056960227272727275 0.004378048780487804
1 0.5227820616883117 0.5731737804878049 0.005791396103896103 0.0030548780487804875
1 0.5539661120129871 0.5732545731707317 0.006065340909090909 0.0038262195121951223
0 0.5160257711038961 0.5747362804878049 0.005671672077922078 0.0031310975609756095
1 0.5227353896103896 0.5761631097560975 0.005292207792207792 0.0035457317073170733
1 0.48838879870129875 0.5763643292682926 0.0055925324675324675 0.003948170731707317
1 0.4406808035714286 0.5771036585365854 0.006361607142857143 0.0035975609756097563
0 0.48153003246753245 0.5772347560975609 0.006485389610389611 0.004469512195121951
0 0.5540584415584415 0.577375 0.00625 0.004140243902439025
1 0.48834517045454545 0.579952743902439 0.005505275974025974 0.0031981707317073173
1 0.5607650162337662 0.5819954268292683 0.006270292207792207 0.003625
0 0.4814498782467532 0.5819786585365854 0.005919237012987013 0.003591463414634146
1 0.8588585633116883 0.5819923780487805 0.002619724025974026 0.009716463414634146
0 0.5540614853896104 0.582202743902439 0.006661931818181818 0.0040396341463414635
1 0.6376998782467532 0.5821204268292683 0.0022666396103896104 0.010582317073170732
1 0.42672382305194806 0.5823475609756097 0.006450892857142857 0.0049390243902439025
1 0.8622717126623376 0.5825015243902439 0.002952516233766234 0.00890548780487805
0 0.8652851055194806 0.5827484756097561 0.0024857954545454545 0.009399390243902439
0 0.6352262581168832 0.583094512195122 0.0030012175324675323 0.010091463414634147
1 0.4417644074675324 0.5840274390243902 0.0024411525974025973 0.008908536585365853
1 0.48762784090909095 0.5853978658536585 0.0052881493506493505 0.0037225609756097564
1 0.5541000405844156 0.5857469512195121 0.005927353896103897 0.0025914634146341465
0 0.48092126623376624 0.5859161585365854 0.006485389610389611 0.004149390243902439
1 0.5608989448051949 0.5860914634146341 0.006132305194805195 0.0032804878048780487
1 0.49484070616883113 0.586375 0.0022625811688311687 0.008725609756097562
1 0.492054586038961 0.5865 0.002372159090909091 0.008365853658536586
1 0.4875872564935065 0.5887362804878049 0.005612824675324675 0.003692073170731707
0 0.51640625 0.589079268292683 0.00643262987012987 0.003768292682926829
0 0.5091345373376623 0.5889603658536585 0.00609375 0.004140243902439025
0 0.5539092938311688 0.5899634146341464 0.005951704545454545 0.004317073170731708
0 0.5607609577922078 0.5898094512195122 0.005856331168831169 0.004009146341463415
0 0.4810267857142857 0.5901143292682927 0.006290584415584416 0.003399390243902439
1 0.5231523944805194 0.5900121951219512 0.005314529220779221 0.0031951219512195124
1 0.42105925324675325 0.5902911585365853 0.006079545454545455 0.004972560975609755
1 0.41413656655844155 0.5918856707317073 0.006844561688311688 0.005112804878048781
1 0.574393262987013 0.5930746951219512 0.0018709415584415585 0.005661585365853658
1 0.5161008522727273 0.5933871951219511 0.0058218344155844155 0.0032378048780487803
1 0.5230032467532468 0.5935518292682926 0.005422077922077922 0.004176829268292682
0 0.5094926948051949 0.5936204268292683 0.0059983766233766235 0.004314024390243903
1 0.48149046266233764 0.5940731707317073 0.0055945616883116885 0.0027804878048780486
1 0.43898437500000004 0.5941600609756098 0.0021570616883116885 0.009051829268292684
1 0.5540543831168832 0.594125 0.005836038961038961 0.0034939024390243903
1 0.4415848214285715 0.5943414634146341 0.0020819805194805196 0.009414634146341463
1 0.4309344561688312 0.5945060975609756 0.0026968344155844154 0.009134146341463414
0 0.43364549512987016 0.594329268292683 0.0024370941558441556 0.009999999999999998
1 0.43665178571428576 0.594672256097561 0.002362012987012987 0.008856707317073172
0 0.4283157467532467 0.5947317073170731 0.0027353896103896103 0.01019512195121951
0 0.42552049512987017 0.5952301829268293 0.0024208603896103895 0.009972560975609756
1 0.494742288961039 0.595170731707317 0.002065746753246753 0.008634146341463415
0 0.48972808441558446 0.5955137195121951 0.002589285714285714 0.009320121951219512
1 0.49729301948051946 0.5954527439024391 0.0018912337662337663 0.007978658536585366
1 0.49229707792207794 0.5957408536585366 0.0020454545454545456 0.007945121951219512
1 0.486452922077922 0.5966844512195122 0.0029383116883116883 0.009222560975609756
1 0.5288352272727272 0.5966844512195122 0.0020698051948051946 0.008003048780487805
1 0.5314732142857143 0.5968048780487805 0.0020698051948051946 0.008853658536585365
1 0.5391101866883117 0.5967134146341464 0.0023275162337662338 0.009280487804878048
1 0.5340269886363637 0.5969466463414634 0.002307224025974026 0.008527439024390243
1 0.5490188717532468 0.5972088414634147 0.0022585227272727275 0.009051829268292684
0 0.5645332792207792 0.5977942073170732 0.00325487012987013 0.010222560975609757
0 0.4815371347402597 0.5980655487804878 0.00609375 0.004057926829268293
1 0.48148336038961037 0.6024603658536585 0.005986201298701299 0.003701219512195122
0 0.593523741883117 0.6043155487804878 0.0032000811688311687 0.011070121951219513
1 0.8518486201298701 0.6049146341463414 0.005645292207792208 0.0031219512195121953
1 0.4812144886363637 0.6057865853658536 0.005854301948051949 0.002426829268292683
1 0.7828033685064936 0.6059984756097561 0.0027008928571428574 0.008948170731707318
1 0.5371032873376623 0.606422256097561 0.002372159090909091 0.009185975609756097
1 0.7731513798701299 0.6063963414634146 0.002877435064935065 0.00852439024390244
1 0.5286647727272727 0.6063414634146341 0.0021347402597402597 0.00902439024390244
1 0.7504748376623377 0.6065960365853659 0.002167207792207792 0.008923780487804877
1 0.7433350243506494 0.6069237804878049 0.0024979707792207794 0.008969512195121952
1 0.5342846996753247 0.6069573170731707 0.0024168019480519482 0.009646341463414634
1 0.5424107142857143 0.606967987804878 0.002435064935064935 0.009057926829268294
1 0.5315635146103896 0.6070975609756097 0.0026562499999999998 0.009317073170731707
1 0.5549644886363636 0.6069618902439025 0.0019744318181818183 0.008435975609756098
1 0.7229910714285714 0.6069954268292683 0.0023944805194805194 0.00911280487804878
1 0.539747362012987 0.6072286585365854 0.0019784902597402595 0.009579268292682927
1 0.5525121753246753 0.6072942073170732 0.002345779220779221 0.009710365853658537
1 0.720119724025974 0.6072286585365854 0.0019277597402597403 0.008969512195121952
1 0.7074249188311689 0.6074405487804878 0.002106331168831169 0.009393292682926829
1 0.7048417207792208 0.6076631097560976 0.002215909090909091 0.009228658536585365
1 0.6677911931818182 0.6081082317073171 0.0019784902597402595 0.008289634146341464
1 0.6760004058441559 0.608342987804878 0.0021631493506493508 0.008759146341463415
1 0.6705377435064934 0.6084375 0.002195616883116883 0.008948170731707318
1 0.6733553165584416 0.6084847560975609 0.002554788961038961 0.009042682926829268
1 0.6495850243506494 0.6092698170731707 0.0024979707792207794 0.008783536585365853
1 0.5591101866883117 0.6096006097560975 0.005801542207792208 0.003957317073170732
1 0.6523934659090909 0.6095868902439024 0.0024330357142857144 0.009417682926829268
1 0.48158076298701297 0.6097042682926829 0.005369318181818182 0.004774390243902439
1 0.6336343344155845 0.6102423780487805 0.002658279220779221 0.009509146341463414
1 0.6309263392857143 0.610125 0.0025182629870129872 0.008664634146341464
1 0.6175669642857142 0.6113689024390244 0.0029910714285714284 0.009323170731707317
1 0.5234009740259741 0.6139131097560976 0.005811688311688312 0.0034359756097560976
1 0.5435450487012987 0.6168948170731707 0.002674512987012987 0.008179878048780488
1 0.538051948051948 0.6170914634146342 0.00224025974025974 0.008573170731707318
1 0.5306036931818182 0.6169435975609756 0.002765827922077922 0.008277439024390244
1 0.540606737012987 0.6169984756097562 0.0024797077922077923 0.008996951219512196
1 0.535625 0.6170091463414634 0.0018506493506493505 0.008408536585365852
1 0.5332548701298702 0.617140243902439 0.0019805194805194806 0.008670731707317074
1 0.5237236201298701 0.6176722560975609 0.006051136363636364 0.0036371951219512193
1 0.4439671266233766 0.6183231707317073 0.00684659090909091 0.004329268292682926
1 0.4384212662337662 0.6244329268292682 0.0022483766233766236 0.008621951219512196
1 0.525270900974026 0.6243643292682927 0.0058989448051948055 0.003606707317073171
1 0.44626623376623376 0.6247728658536585 0.0021103896103896107 0.008692073170731708
1 0.4305752840909091 0.6249771341463415 0.0019784902597402595 0.009100609756097562
1 0.42568486201298705 0.6248231707317073 0.0023437500000000003 0.008792682926829267
1 0.44078733766233763 0.6248231707317073 0.0017045454545454547 0.008792682926829267
1 0.42226055194805195 0.6249756097560976 0.0032061688311688314 0.008487804878048781
1 0.4328530844155844 0.6249756097560976 0.0020698051948051946 0.008487804878048781
0 0.4356371753246754 0.6250442073170732 0.002362012987012987 0.008624999999999999
1 0.4436069399350649 0.6253155487804878 0.0024736201298701296 0.009167682926829268
1 0.4282984983766234 0.6251615853658538 0.0018892045454545455 0.00825
1 0.5253581574675324 0.6281875 0.006073457792207792 0.003935975609756098
1 0.5581036931818182 0.6279405487804878 0.005411931818181818 0.004051829268292683
0 0.551864853896104 0.6281996951219512 0.0059212662337662335 0.004570121951219512
1 0.4616812094155844 0.6282225609756098 0.002096185064935065 0.008884146341463416
0 0.456575689935065 0.6286996951219513 0.0024370941558441556 0.009838414634146343
1 0.459213676948052 0.6289176829268293 0.0024370941558441556 0.009054878048780487
0 0.4534669237012987 0.6290396341463415 0.0031189123376623375 0.01051829268292683
1 0.43041497564935066 0.6320442073170732 0.005310470779220779 0.0037225609756097564
1 0.42407163149350646 0.632672256097561 0.006422483766233766 0.004368902439024391
0 0.4375304383116883 0.6326539634146342 0.0065543831168831165 0.0037225609756097564
0 0.5083279220779221 0.6373932926829269 0.002857142857142857 0.009542682926829268
0 0.5489255275974027 0.646326219512195 0.0028835227272727276 0.009725609756097561
1 0.5087023133116884 0.6472393292682928 0.0027942370129870127 0.00911280487804878
1 0.5191801948051948 0.6547362804878049 0.005487012987012986 0.003984756097560976
0 0.5086931818181818 0.6564237804878049 0.002775974025974026 0.008579268292682928
1 0.5590614853896103 0.6575137195121952 0.002051542207792208 0.01014939024390244
1 0.5507619724025974 0.6578643292682927 0.002903814935064935 0.00963109756097561
1 0.5564133522727273 0.6579253048780488 0.0024370941558441556 0.008533536585365853
0 0.5539285714285714 0.6583810975609755 0.0019318181818181817 0.011274390243902439
1 0.5175162337662338 0.6623414634146342 0.006217532467532468 0.004560975609756098
1 0.5111759334415584 0.6629222560975611 0.006118100649350649 0.0032835365853658535
0 0.4867633928571429 0.6661783536585366 0.002747564935064935 0.009185975609756097
1 0.513570413961039 0.6665350609756098 0.006036931818181818 0.0038018292682926833
1 0.5429312094155845 0.6670899390243902 0.0026643668831168835 0.009789634146341463
1 0.5461059253246753 0.6679435975609757 0.002520292207792208 0.009057926829268294
1 0.5187987012987013 0.669125 0.001883116883116883 0.008371951219512196
0 0.5070068993506494 0.6694024390243902 0.00630275974025974 0.0046585365853658535
0 0.5141081574675325 0.6708963414634146 0.005894886363636363 0.003378048780487805
1 0.49704545454545457 0.6718582317073172 0.005454545454545454 0.002862804878048781
1 0.4839590097402597 0.6734283536585365 0.006067370129870129 0.004173780487804878
0 0.5240422077922078 0.6742179878048781 0.00262987012987013 0.009411585365853658
0 0.5301390016233767 0.6743384146341463 0.003053977272727273 0.010871951219512194
1 0.5269642857142858 0.6744923780487805 0.002792207792207792 0.009350609756097562
0 0.49218952922077924 0.6745213414634146 0.0022362012987012987 0.01001829268292683
0 0.5088433441558441 0.6747393292682927 0.00510551948051948 0.003746951219512195
1 0.4886586850649351 0.6750106707317073 0.0024797077922077923 0.008557926829268293
1 0.4969023944805195 0.6751966463414634 0.006385957792207792 0.004051829268292683
0 0.5029494724025974 0.6751966463414634 0.0054931006493506495 0.004051829268292683
1 0.5180844155844155 0.6758079268292683 0.00573051948051948 0.002835365853658537
1 0.47757305194805194 0.6765670731707316 0.005876623376623377 0.004353658536585365
1 0.3644571834415585 0.6764618902439025 0.005700081168831169 0.0035335365853658538
1 0.5130560064935066 0.6774969512195123 0.002167207792207792 0.007432926829268292
0 0.4840097402597402 0.6778033536585366 0.005762987012987012 0.00438719512195122
0 0.5035176542207792 0.6791310975609757 0.005817775974025974 0.00399390243902439
1 0.5181970373376624 0.6793445121951219 0.005549918831168832 0.0038109756097560975
1 0.49694399350649354 0.6796798780487805 0.005657467532467532 0.003871951219512195
1 0.47734780844155844 0.680733231707317 0.005831980519480519 0.003539634146341463
1 0.47779931006493503 0.6852713414634146 0.0059232954545454545 0.002859756097560976
1 0.47132913961038964 0.6860868902439023 0.005969967532467533 0.0038810975609756097
1 0.47788859577922077 0.6887637195121952 0.0056960227272727275 0.003746951219512195
1 0.47119419642857147 0.6912362804878049 0.006105925324675325 0.0032042682926829266
1 0.47793526785714285 0.6932210365853658 0.006195211038961039 0.004125
1 0.4712286931818182 0.6945243902439024 0.006174918831168831 0.003682926829268293
1 0.5608735795454546 0.6953125 0.0028348214285714287 0.009527439024390244
1 0.4779809253246753 0.6978109756097561 0.006692370129870129 0.003548780487804878
0 0.8568932629870131 0.6983384146341464 0.005588474025974025 0.00399390243902439
0 0.47077820616883115 0.6989817073170731 0.006491477272727272 0.004060975609756098
1 0.4782173295454546 0.7022850609756097 0.0063534902597402595 0.003960365853658537
1 0.8568922483766235 0.7023246951219512 0.005180600649350649 0.003429878048780488
1 0.8633167613636364 0.7025350609756098 0.005854301948051949 0.0032408536585365856
1 0.838682021103896 0.7030899390243903 0.002851055194805195 0.009228658536585365
1 0.5650710227272727 0.7040746951219512 0.005953733766233766 0.0038810975609756097
1 0.7940188717532468 0.7045289634146341 0.0024046266233766233 0.008448170731707318
1 0.4722433035714286 0.7049207317073171 0.0021164772727272725 0.007402439024390244
1 0.8631239853896104 0.7065518292682926 0.006280438311688312 0.004567073170731707
1 0.47835227272727276 0.706657012195122 0.006217532467532468 0.0041676829268292685
1 0.8565827922077922 0.7069100609756097 0.005779220779220779 0.003454268292682927
1 0.6423640422077922 0.7075975609756098 0.002666396103896104 0.008487804878048781
1 0.5650202922077923 0.708344512195122 0.005852272727272728 0.0038841463414634146
1 0.46533583603896106 0.7088048780487806 0.0025060876623376623 0.009073170731707318
1 0.5916426542207792 0.7093628048780488 0.0022788149350649353 0.008969512195121952
1 0.5946043019480519 0.7092560975609756 0.002520292207792208 0.009365853658536585
0 0.47843141233766234 0.7110594512195122 0.006375811688311688 0.0032164634146341466
1 0.5646448863636364 0.7124466463414634 0.006318993506493507 0.003551829268292683
0 0.551916599025974 0.7134329268292683 0.0027780032467532466 0.009792682926829268
1 0.542408685064935 0.7137881097560975 0.005677759740259741 0.003795731707317073
0 0.4727506087662338 0.7139878048780488 0.0019135551948051947 0.008463414634146342
0 0.5489133522727273 0.7143323170731708 0.0032650162337662337 0.009762195121951221
1 0.5652130681818182 0.7176753048780488 0.005831980519480519 0.004253048780487804
1 0.5423275162337663 0.7178734756097561 0.0055154220779220775 0.0040396341463414635
1 0.5717765827922078 0.7181493902439025 0.005971996753246753 0.003981707317073171
1 0.4777982954545455 0.7190746951219512 0.0055154220779220775 0.004003048780487805
1 0.5567623782467532 0.7202378048780488 0.005976055194805195 0.0032804878048780487
0 0.5505133928571428 0.7204359756097561 0.006059253246753247 0.004286585365853659
1 0.4702242288961039 0.7208536585365853 0.005789366883116883 0.0039024390243902443
1 0.5423366477272727 0.7232423780487806 0.006345373376623376 0.0031920731707317076
0 0.4781148538961039 0.7238033536585365 0.006148538961038961 0.004314024390243903
1 0.5500060876623376 0.7253307926829269 0.006262175324675325 0.0043201219512195126
1 0.856487418831169 0.7261951219512195 0.005588474025974025 0.0036097560975609758
0 0.7049015827922078 0.7261661585365853 0.006394074675324676 0.004161585365853659
1 0.849963474025974 0.726217987804878 0.005527597402597402 0.003655487804878049
1 0.542307224025974 0.7267332317073171 0.005880681818181818 0.003466463414634146
0 0.843070211038961 0.7277576219512195 0.0067573051948051945 0.0042957317073170735
1 0.47881493506493505 0.7290731707317074 0.006331168831168831 0.004487804878048781
1 0.5566710633116884 0.7299664634146341 0.00619926948051948 0.0038353658536585365
1 0.5497727272727273 0.7303628048780488 0.0062012987012987015 0.004018292682926829
1 0.7049746347402597 0.730359756097561 0.006134334415584416 0.003402439024390244
1 0.5425294237012988 0.731734756097561 0.006730925324675325 0.0037134146341463413
1 0.564310064935065 0.732344512195122 0.006461038961038961 0.004932926829268293
0 0.5694663149350649 0.7337896341463415 0.0029748376623376623 0.010262195121951218
0 0.5495596590909091 0.7344649390243903 0.006181006493506494 0.003076219512195122
0 0.5570058847402598 0.7345564024390243 0.006463068181818182 0.00386890243902439
0 0.542408685064935 0.7357149390243902 0.005677759740259741 0.003746951219512195
1 0.5639650974025974 0.7373307926829269 0.0061769480519480524 0.003929878048780488
1 0.4720170454545454 0.7388429878048781 0.006128246753246753 0.0039054878048780488
0 0.5500974025974026 0.7396935975609756 0.006038961038961039 0.00438719512195122
1 0.5425527597402597 0.740623475609756 0.007183441558441558 0.005027439024390243
0 0.5570667613636363 0.7407926829268293 0.006178977272727273 0.004146341463414634
0 0.5641375811688312 0.7420579268292682 0.005710227272727273 0.004237804878048781
1 0.47217431006493504 0.7435853658536585 0.006036931818181818 0.003634146341463415
0 0.5428642451298702 0.7457942073170731 0.00658887987012987 0.00439329268292683
0 0.4787794237012987 0.7481615853658536 0.005854301948051949 0.0042499999999999994
1 0.47211850649350645 0.7487698170731708 0.006331168831168831 0.0036371951219512193
1 0.5906503652597402 0.7497499999999999 0.005976055194805195 0.003768292682926829
1 0.5600842126623377 0.7502378048780488 0.006532061688311688 0.00474390243902439
1 0.47215300324675324 0.752751524390244 0.006400162337662337 0.0036737804878048783
1 0.4784537337662338 0.7526692073170732 0.006420454545454545 0.00411890243902439
1 0.465354099025974 0.7529710365853658 0.005789366883116883 0.003503048780487805
1 0.5906290584415584 0.7543551829268292 0.006339285714285714 0.0038323170731707316
1 0.4653094561688312 0.7566692073170732 0.005700081168831169 0.004801829268292683
1 0.47220880681818184 0.7567820121951219 0.006105925324675325 0.0031981707317073173
1 0.4789052353896104 0.7570060975609756 0.0065117694805194816 0.00425609756097561
1 0.5909841720779221 0.7582286585365853 0.006237824675324675 0.003652439024390244
1 0.4789052353896104 0.7617850609756098 0.0065117694805194816 0.004667682926829268
1 0.47188210227272726 0.7618536585365854 0.006264204545454546 0.004804878048780488
1 0.5908928571428571 0.7658521341463415 0.006461038961038961 0.004265243902439025
1 0.6828601866883117 0.7671051829268293 0.006142451298701298 0.004332317073170732
1 0.6702039366883117 0.7674298780487805 0.005586444805194805 0.0037621951219512194
1 0.6763778409090909 0.7674740853658537 0.006164772727272727 0.0038506097560975614
1 0.6642978896103896 0.7676295731707317 0.005949675324675325 0.003551829268292683
1 0.5911059253246753 0.7698628048780488 0.006481331168831169 0.0037500000000000003
1 0.676075487012987 0.771984756097561 0.00596590909090909 0.004335365853658537
1 0.6698782467532467 0.7720792682926829 0.005746753246753247 0.003914634146341463
1 0.6829971590909091 0.7719435975609756 0.006822240259740259 0.003643292682926829
1 0.6638818993506493 0.772138719512195 0.005929383116883117 0.004033536585365854
0 0.719958400974026 0.7756189024390244 0.007692775974025973 0.004286585365853659
0 0.8637276785714285 0.7808521341463415 0.002617694805194805 0.010484756097560976
0 0.7255093344155844 0.7808033536585366 0.006213474025974026 0.004289634146341464
1 0.867002840909091 0.7809832317073171 0.002674512987012987 0.009527439024390244
0 0.4735409902597403 0.7818826219512195 0.0026826298701298702 0.008887195121951219
1 0.46839995941558443 0.781797256097561 0.002546672077922078 0.008716463414634147
1 0.46533482142857147 0.7820853658536585 0.0025040584415584417 0.008682926829268293
1 0.4709577922077922 0.7822195121951219 0.0019805194805194806 0.008341463414634147
0 0.7311383928571429 0.7853429878048781 0.002455357142857143 0.010320121951219513
1 0.3729880275974026 0.7870503048780488 0.006528003246753247 0.003978658536585366
1 0.7103561282467533 0.7873719512195122 0.002286931818181818 0.0095
1 0.38141842532467535 0.7915396341463414 0.002690746753246753 0.009298780487804878
1 0.478341112012987 0.7920838414634146 0.0021367694805194803 0.009777439024390244
1 0.46539062500000006 0.7922149390243903 0.0026156655844155846 0.008210365853658537
1 0.47542309253246756 0.7923536585365853 0.0027942370129870127 0.009097560975609756
0 0.8598051948051948 0.7935320121951219 0.0028896103896103894 0.00840548780487805
0 0.729986810064935 0.7942362804878048 0.007457386363636364 0.0043262195121951215
1 0.496778612012987 0.7970350609756098 0.006138392857142857 0.0038262195121951223
1 0.38900060876623377 0.8004131097560976 0.0024330357142857144 0.008753048780487806
2 0.7097311282467532 0.800655487804878 0.005907061688311688 0.004359756097560976
1 0.39443790584415583 0.8006219512195122 0.002755681818181818 0.008560975609756096
1 0.39736810064935063 0.8005823170731707 0.002528409090909091 0.009091463414634146
1 0.3916994724025974 0.8008658536585366 0.002148944805194805 0.009048780487804877
1 0.7141649756493507 0.801467987804878 0.003005275974025974 0.007814024390243902
1 0.48765117694805193 0.8016707317073171 0.002088068181818182 0.008829268292682928
1 0.4900081168831169 0.8021783536585366 0.0023376623376623377 0.008624999999999999
1 0.4927353896103896 0.802077743902439 0.002516233766233766 0.009033536585365853
1 0.4775202922077922 0.802297256097561 0.002930194805194805 0.008862804878048781
1 0.46747666396103893 0.8027042682926829 0.002729301948051948 0.009067073170731707
1 0.4644663149350649 0.8029253048780487 0.0023904220779220778 0.00889939024390244
0 0.7041081574675324 0.8030884146341464 0.0031838474025974025 0.010445121951219511
1 0.7187926136363636 0.8032256097560976 0.005767045454545455 0.00401219512195122
1 0.8600375405844156 0.8033628048780488 0.0029484577922077922 0.010384146341463415
1 0.4025953733766234 0.8045823170731707 0.005271915584415585 0.004286585365853659
1 0.7457274756493507 0.805733231707317 0.005253652597402597 0.002929878048780488
0 0.845648336038961 0.8058780487804879 0.006231737012987014 0.005048780487804877
0 0.7100974025974026 0.8058262195121951 0.005827922077922078 0.004335365853658537
0 0.7185815746753247 0.8079283536585367 0.006156655844155844 0.0036615853658536583
1 0.6586698457792208 0.809202743902439 0.0015929383116883116 0.00864939024390244
1 0.7458837256493507 0.8093368902439024 0.005971996753246753 0.003429878048780488
1 0.6610836038961039 0.809625 0.001956168831168831 0.00827439024390244
1 0.6639174107142857 0.8098810975609756 0.0027536525974025975 0.00878658536585366
1 0.8464508928571429 0.8102499999999999 0.00580762987012987 0.004036585365853659
0 0.3913169642857143 0.8110365853658537 0.002601461038961039 0.009268292682926829
1 0.49462865259740263 0.8127850609756098 0.002244318181818182 0.009106707317073172
1 0.46592126623376623 0.8128871951219512 0.006517857142857142 0.0032134146341463413
1 0.5000162337662337 0.8129207317073172 0.0020616883116883118 0.00876829268292683
1 0.5084709821428571 0.8129923780487804 0.0023315746753246754 0.010131097560975608
1 0.6105093344155844 0.8131234756097562 0.002268668831168831 0.009783536585365855
1 0.4915188717532467 0.8130564024390243 0.0025182629870129872 0.009039634146341463
1 0.5051674107142857 0.8131280487804878 0.0022179383116883115 0.010402439024390243
1 0.5029697646103897 0.8131234756097562 0.002286931818181818 0.008564024390243903
1 0.4803368506493506 0.8131935975609756 0.0024756493506493506 0.009314024390243902
1 0.4858258928571429 0.8131935975609756 0.0024959415584415584 0.009314024390243902
1 0.6135278003246754 0.8132362804878048 0.0018120941558441557 0.008789634146341463
1 0.48883522727272727 0.8134115853658536 0.002426948051948052 0.00853048780487805
1 0.47732751623376624 0.8133963414634147 0.002544642857142857 0.009109756097560975
1 0.607265625 0.8136753048780487 0.0026806006493506496 0.008448170731707318
1 0.4833127029220779 0.8136996951219512 0.0023396915584415583 0.008496951219512196
1 0.7454383116883117 0.8142911585365854 0.005487012987012986 0.004192073170731708
0 0.8469906655844156 0.8144756097560976 0.0068871753246753245 0.004560975609756098
1 0.3794734172077922 0.8158414634146341 0.005294237012987013 0.003634146341463415
1 0.745533685064935 0.8179634146341463 0.005271915584415585 0.0036097560975609758
1 0.5440229301948052 0.8182728658536585 0.006471185064935065 0.004228658536585365
1 0.8466243912337662 0.8183963414634147 0.006154626623376623 0.005085365853658537
1 0.6094013798701299 0.8208018292682927 0.005734577922077922 0.004408536585365854
1 0.657702922077922 0.820859756097561 0.002094155844155844 0.008792682926829267
1 0.6215949675324675 0.8212911585365854 0.0053652597402597405 0.0041676829268292685
1 0.7459993912337662 0.8218399390243903 0.0057974837662337665 0.0034359756097560976
1 0.5274441964285714 0.8265137195121952 0.00578125 0.004856707317073171
1 0.5340777191558441 0.8264146341463414 0.006061282467532468 0.0046585365853658535
0 0.3979474431818182 0.8276722560975609 0.0032812500000000003 0.010832317073170733
0 0.5953246753246754 0.2067301829268293 0.006396103896103896 0.004314024390243903
0 0.5354413555194806 0.20885213414634146 0.0063534902597402595 0.004289634146341464
1 0.47739853896103895 0.20961585365853658 0.0030925324675324674 0.010085365853658537
0 0.4476166801948052 0.2099420731707317 0.00562297077922078 0.004030487804878049
1 0.5038717532467533 0.2107393292682927 0.0020616883116883118 0.008673780487804877
1 0.4573670860389611 0.2105731707317073 0.002802353896103896 0.008341463414634147
0 0.463533887987013 0.21116768292682928 0.002554788961038961 0.009530487804878049
1 0.5957457386363636 0.21182926829268292 0.00520900974025974 0.0035365853658536586
1 0.46054991883116886 0.21227896341463415 0.0018628246753246752 0.007484756097560976
0 0.5358715503246754 0.21450914634146342 0.006402191558441558 0.004628048780487805
1 0.5962398538961039 0.2154329268292683 0.006197240259740259 0.003426829268292683
1 0.4601349431818182 0.2185548780487805 0.005497159090909091 0.004182926829268293
1 0.468294439935065 0.2190533536585366 0.00598823051948052 0.003960365853658537
0 0.5041883116883117 0.21923932926829268 0.006347402597402597 0.004332317073170732
1 0.5955478896103896 0.21943597560975608 0.004813311688311688 0.00350609756097561
0 0.5294358766233767 0.21984908536585365 0.006923701298701298 0.004332317073170732
1 0.5961708603896103 0.22311280487804877 0.005653409090909091 0.003542682926829268
0 0.5304230925324676 0.22323018292682928 0.006057224025974027 0.0037774390243902442
1 0.673653612012987 0.22358689024390244 0.004368912337662338 0.0032713414634146344
0 0.49462256493506496 0.22388109756097563 0.006696428571428571 0.005079268292682927
0 0.48796063311688315 0.22439024390243903 0.007982954545454547 0.00548780487804878
0 0.5368912337662338 0.22446951219512196 0.006006493506493507 0.0038170731707317072
1 0.5957528409090909 0.22684756097560974 0.005629058441558441 0.003695121951219512
0 0.5299523133116883 0.22908841463414634 0.007144886363636364 0.003298780487804878
0 0.5370251623376624 0.22928201219512193 0.005462662337662338 0.003076219512195122
1 0.49484375 0.2295609756097561 0.0059212662337662335 0.003634146341463415
1 0.4886698457792208 0.23030182926829268 0.006154626623376623 0.0032865853658536584
1 0.5961708603896103 0.23077439024390245 0.005653409090909091 0.0036219512195121953
1 0.5455610795454545 0.2325015243902439 0.006300730519480519 0.00463719512195122
0 0.5366142451298701 0.23250609756097562 0.00585836038961039 0.0028170731707317072
0 0.5303013392857142 0.23334298780487805 0.006625405844155844 0.004490853658536586
1 0.48835633116883115 0.23376371951219513 0.005527597402597402 0.0028932926829268292
1 0.4950760957792208 0.2339420731707317 0.00557426948051948 0.0038597560975609756
1 0.5030275974025974 0.23401829268292684 0.00362012987012987 0.002792682926829268
0 0.572091112012987 0.23480182926829268 0.006601055194805195 0.0031402439024390246
1 0.5843983360389611 0.2352408536585366 0.006053165584415584 0.004628048780487805
0 0.5961414366883117 0.2361265243902439 0.0060004058441558445 0.003960365853658537
1 0.7946692370129871 0.23610213414634146 0.005734577922077922 0.0039115853658536585
1 0.5786363636363636 0.23639481707317073 0.005487012987012986 0.0038871951219512195
1 0.7885470779220779 0.23668902439024392 0.006071428571428571 0.004475609756097561
0 0.5301532061688311 0.2376753048780488 0.0063291396103896105 0.004009146341463415
0 0.5375720373376623 0.2383932926829268 0.0053388798701298696 0.0030060975609756094
1 0.49663149350649355 0.23941158536585366 0.00625 0.003823170731707317
0 0.5720413961038961 0.2395746951219512 0.006501623376623376 0.004149390243902439
0 0.5956321022727273 0.23965243902439023 0.00619926948051948 0.0024756097560975606
0 0.5846875 0.23969359756097564 0.0062256493506493505 0.0037774390243902442
1 0.5785267857142857 0.2408125 0.006079545454545455 0.004185975609756098
1 0.5039123376623377 0.24248780487804877 0.0057954545454545455 0.0032682926829268296
0 0.4722483766233766 0.2425 0.006185064935064935 0.0039024390243902443
0 0.46625811688311686 0.24260365853658536 0.0055681818181818185 0.004719512195121951
0 0.4598721590909091 0.24390548780487806 0.006189123376623377 0.0042743902439024385
0 0.5390685876623377 0.24419054878048782 0.00630275974025974 0.004234756097560976
0 0.6180012175324676 0.24414634146341463 0.005482954545454545 0.00475609756097561
0 0.6119795048701299 0.24428048780487804 0.006020698051948052 0.005024390243902439
1 0.5845353084415584 0.2445045731707317 0.0067329545454545454 0.003643292682926829
0 0.5326481331168831 0.24471646341463413 0.005637175324675325 0.0034573170731707317
1 0.6643973214285714 0.24474390243902439 0.0024959415584415584 0.010219512195121952
0 0.5257660308441559 0.2447560975609756 0.0072950487012987016 0.00475609756097561
1 0.6062581168831168 0.2446204268292683 0.00512987012987013 0.005094512195121951
1 0.6245586444805195 0.2449969512195122 0.00601663961038961 0.004018292682926829
1 0.5785572240259741 0.24497103658536584 0.005734577922077922 0.003966463414634146
0 0.6619734172077922 0.24535365853658536 0.0021124188311688313 0.010219512195121952
1 0.6588403003246753 0.24550304878048781 0.0023396915584415583 0.008689024390243903
1 0.5189995941558442 0.2459832317073171 0.0059375 0.004161585365853659
0 0.6559547483766234 0.2461829268292683 0.0026562499999999998 0.010048780487804878
1 0.5129109172077922 0.24653810975609755 0.005123782467532468 0.004051829268292683
1 0.5031970373376624 0.2468689024390244 0.005176542207792208 0.0034939024390243903
1 0.5967846996753247 0.2472408536585366 0.0024168019480519482 0.009725609756097561
1 0.6024228896103896 0.24794359756097561 0.0027353896103896103 0.009911585365853659
0 0.46011870941558447 0.24916310975609757 0.0066822240259740255 0.004423780487804878
0 0.5286485389610389 0.249375 0.006972402597402597 0.004237804878048781
1 0.5360075081168831 0.2500045731707317 0.006674107142857143 0.004277439024390243
0 0.5017532467532467 0.2501981707317073 0.006347402597402597 0.004054878048780488
1 0.4741284496753247 0.2505609756097561 0.0030458603896103896 0.008439024390243903
1 0.5463565340909091 0.2515579268292683 0.0022098214285714286 0.010432926829268292
1 0.47672077922077927 0.2526158536585366 0.002548701298701299 0.010109756097560974
0 0.5019541396103896 0.25446798780487806 0.005531655844155844 0.004057926829268293
0 0.4953804788961039 0.2555685975609756 0.004965503246753247 0.004429878048780487
0 0.6628419237012987 0.25633384146341465 0.0022260551948051948 0.01083841463414634
0 0.6573762175324676 0.25638262195121947 0.0030641233766233763 0.009716463414634146
0 0.5281838474025974 0.2566478658536585 0.0027962662337662337 0.01085670731707317
1 0.6603743912337662 0.2568246951219512 0.0029728084415584417 0.010600609756097562
0 0.6517177353896104 0.25729725609756093 0.0031107954545454546 0.009716463414634146
0 0.643286323051948 0.2575518292682927 0.003293425324675325 0.010225609756097561
1 0.5512763798701299 0.2580868902439024 0.005556006493506493 0.002759146341463415
0 0.6395779220779221 0.25816158536585365 0.002775974025974026 0.010225609756097561
0 0.6473782467532468 0.2584496951219512 0.0029545454545454545 0.010192073170731708
1 0.5732437094155844 0.2586112804878049 0.007688717532467532 0.004417682926829269
1 0.5517441152597402 0.26246798780487807 0.005679788961038961 0.0029847560975609752
0 0.4996256087662338 0.2633155487804878 0.0061505681818181815 0.002240853658536585
0 0.49277698863636366 0.26329573170731707 0.0062520292207792205 0.0052499999999999995
1 0.5729109172077922 0.26607012195121954 0.0021530032467532464 0.008359756097560976
1 0.570064935064935 0.2660076219512195 0.002548701298701299 0.008844512195121952
1 0.5416061282467532 0.2666204268292683 0.0028551136363636365 0.010070121951219512
1 0.5754859983766234 0.2666021341463415 0.0020271915584415584 0.010033536585365852
2 0.7506605113636364 0.2690685975609756 0.01674310064935065 0.041795731707317076
1 0.5801227678571428 0.2693125 0.007242288961038961 0.00386890243902439
0 0.5882782061688311 0.270234756097561 0.0061018668831168835 0.003274390243902439
0 0.6231371753246754 0.270797256097561 0.002362012987012987 0.009277439024390243
0 0.6203530844155843 0.2710868902439024 0.0020698051948051946 0.010466463414634145
0 0.6175355113636364 0.27141006097560977 0.0025223214285714285 0.010503048780487806
1 0.7102262581168831 0.2720487804878049 0.006491477272727272 0.005073170731707317
1 0.5782051542207792 0.27576676829268293 0.0025953733766233764 0.008850609756097562
0 0.5889042207792208 0.2758841463414634 0.00573051948051948 0.004207317073170732
1 0.3566416396103896 0.2783460365853659 0.00630275974025974 0.0048628048780487805
1 0.446713676948052 0.28004878048780485 0.0025994318181818184 0.00948780487804878
1 0.5833766233766234 0.2915853658536585 0.005633116883116883 0.00451219512195122
1 0.5768547077922077 0.2920015243902439 0.005982142857142857 0.0047347560975609755
0 0.7404748376623377 0.2957256097560976 0.0032711038961038964 0.00974390243902439
0 0.46784902597402594 0.2973826219512195 0.0022564935064935065 0.01061890243902439
0 0.5923934659090909 0.29858993902439024 0.0017512175324675325 0.011204268292682926
1 0.5889630681818182 0.2987423780487805 0.002195616883116883 0.009679878048780488
0 0.6113179788961038 0.2990579268292683 0.0022625811688311687 0.010310975609756098
1 0.5864072646103896 0.2992225609756098 0.002765827922077922 0.009420731707317073
