2 0.3088942307692308 0.53125 0.007211538461538462 0.009615384615384616
2 0.3137019230769231 0.53125 0.007211538461538462 0.009615384615384616
2 0.31850961538461536 0.5288461538461539 0.007211538461538462 0.009615384615384616
1 0.36538461538461536 0.7259615384615384 0.009615384615384616 0.009615384615384616
1 0.3605769230769231 0.7067307692307693 0.009615384615384616 0.009615384615384616
1 0.3581730769230769 0.6923076923076923 0.009615384615384616 0.009615384615384616
1 0.3557692307692308 0.6754807692307693 0.009615384615384616 0.009615384615384616
2 0.3545673076923077 0.6646634615384616 0.01201923076923077 0.007211538461538462
2 0.35216346153846156 0.6550480769230769 0.01201923076923077 0.007211538461538462
2 0.3545673076923077 0.6574519230769231 0.01201923076923077 0.007211538461538462
2 0.35216346153846156 0.6502403846153846 0.01201923076923077 0.007211538461538462
1 0.3076923076923077 0.41346153846153844 0.009615384615384616 0.009615384615384616
2 0.3293269230769231 0.5048076923076923 0.004807692307692308 0.004807692307692308
2 0.38221153846153844 0.7728365384615384 0.009615384615384616 0.007211538461538462
2 0.3858173076923077 0.7896634615384616 0.01201923076923077 0.007211538461538462
2 0.3858173076923077 0.7872596153846154 0.01201923076923077 0.007211538461538462
2 0.38221153846153844 0.7776442307692307 0.014423076923076924 0.007211538461538462
2 0.38341346153846156 0.7824519230769231 0.01201923076923077 0.007211538461538462
1 0.37259615384615385 0.7163461538461539 0.009615384615384616 0.009615384615384616
1 0.37259615384615385 0.7043269230769231 0.009615384615384616 0.009615384615384616
2 0.3329326923076923 0.5024038461538461 0.007211538461538462 0.009615384615384616
1 0.36778846153846156 0.6802884615384616 0.009615384615384616 0.009615384615384616
1 0.3701923076923077 0.6899038461538461 0.009615384615384616 0.009615384615384616
1 0.36778846153846156 0.6730769230769231 0.009615384615384616 0.009615384615384616
1 0.35336538461538464 0.5588942307692307 0.009615384615384616 0.007211538461538462
1 0.39663461538461536 0.7740384615384616 0.009615384615384616 0.009615384615384616
1 0.3485576923076923 0.5084134615384616 0.009615384615384616 0.007211538461538462
2 0.3701923076923077 0.5973557692307693 0.014423076923076924 0.007211538461538462
2 0.36899038461538464 0.5925480769230769 0.01201923076923077 0.007211538461538462
2 0.36778846153846156 0.5901442307692307 0.014423076923076924 0.007211538461538462
2 0.36778846153846156 0.5853365384615384 0.014423076923076924 0.007211538461538462
2 0.3545673076923077 0.47836538461538464 0.007211538461538462 0.009615384615384616
2 0.3449519230769231 0.4338942307692308 0.007211538461538462 0.007211538461538462
2 0.359375 0.5072115384615384 0.007211538461538462 0.009615384615384616
2 0.38221153846153844 0.5997596153846154 0.014423076923076924 0.007211538461538462
1 0.37740384615384615 0.5348557692307693 0.009615384615384616 0.007211538461538462
2 0.44471153846153844 0.7079326923076923 0.03365384615384615 0.036057692307692304
1 0.3918269230769231 0.421875 0.009615384615384616 0.007211538461538462
2 0.4266826923076923 0.4951923076923077 0.007211538461538462 0.009615384615384616
1 0.4831730769230769 0.7572115384615384 0.009615384615384616 0.009615384615384616
1 0.4807692307692308 0.7475961538461539 0.009615384615384616 0.009615384615384616
1 0.4807692307692308 0.7403846153846154 0.009615384615384616 0.009615384615384616
1 0.47596153846153844 0.7163461538461539 0.009615384615384616 0.009615384615384616
1 0.47596153846153844 0.7259615384615384 0.009615384615384616 0.009615384615384616
1 0.47596153846153844 0.7163461538461539 0.009615384615384616 0.009615384615384616
1 0.47836538461538464 0.7331730769230769 0.009615384615384616 0.009615384615384616
1 0.47836538461538464 0.7259615384615384 0.009615384615384616 0.009615384615384616
1 0.47836538461538464 0.7331730769230769 0.009615384615384616 0.009615384615384616
1 0.43990384615384615 0.5324519230769231 0.009615384615384616 0.007211538461538462
1 0.46875 0.6682692307692307 0.009615384615384616 0.009615384615384616
1 0.46634615384615385 0.6538461538461539 0.009615384615384616 0.009615384615384616
1 0.46875 0.6610576923076923 0.009615384615384616 0.009615384615384616
1 0.4519230769230769 0.5300480769230769 0.009615384615384616 0.007211538461538462
1 0.4326923076923077 0.41225961538461536 0.009615384615384616 0.007211538461538462
1 0.4807692307692308 0.6418269230769231 0.009615384615384616 0.009615384615384616
1 0.46153846153846156 0.5300480769230769 0.009615384615384616 0.007211538461538462
1 0.49038461538461536 0.6418269230769231 0.009615384615384616 0.009615384615384616
1 0.5072115384615384 0.6382211538461539 0.009615384615384616 0.007211538461538462
2 0.49759615384615385 0.5769230769230769 0.004807692307692308 0.004807692307692308
2 0.4951923076923077 0.5697115384615384 0.004807692307692308 0.004807692307692308
2 0.49278846153846156 0.5528846153846154 0.004807692307692308 0.004807692307692308
2 0.4951923076923077 0.5528846153846154 0.004807692307692308 0.004807692307692308
1 0.5168269230769231 0.6382211538461539 0.009615384615384616 0.007211538461538462
2 0.5048076923076923 0.5673076923076923 0.004807692307692308 0.004807692307692308
1 0.5264423076923077 0.6346153846153846 0.009615384615384616 0.009615384615384616
1 0.49038461538461536 0.4026442307692308 0.009615384615384616 0.007211538461538462
2 0.5612980769230769 0.7451923076923077 0.007211538461538462 0.009615384615384616
1 0.5432692307692307 0.6322115384615384 0.009615384615384616 0.009615384615384616
1 0.5 0.4014423076923077 0.009615384615384616 0.009615384615384616
1 0.5528846153846154 0.6310096153846154 0.009615384615384616 0.007211538461538462
1 0.5384615384615384 0.5336538461538461 0.009615384615384616 0.009615384615384616
1 0.5384615384615384 0.5264423076923077 0.009615384615384616 0.009615384615384616
1 0.5817307692307693 0.7379807692307693 0.009615384615384616 0.009615384615384616
1 0.5625 0.6286057692307693 0.009615384615384616 0.007211538461538462
1 0.5745192307692307 0.6262019230769231 0.009615384615384616 0.007211538461538462
1 0.6009615384615384 0.7355769230769231 0.009615384615384616 0.009615384615384616
1 0.5829326923076923 0.625 0.01201923076923077 0.009615384615384616
1 0.5360576923076923 0.3701923076923077 0.009615384615384616 0.009615384615384616
1 0.6129807692307693 0.7331730769230769 0.009615384615384616 0.009615384615384616
1 0.59375 0.6225961538461539 0.009615384615384616 0.009615384615384616
1 0.6045673076923077 0.6201923076923077 0.01201923076923077 0.009615384615384616
2 0.5805288461538461 0.4675480769230769 0.01201923076923077 0.007211538461538462
1 0.5721153846153846 0.4266826923076923 0.009615384615384616 0.007211538461538462
1 0.625 0.6177884615384616 0.009615384615384616 0.009615384615384616
1 0.5913461538461539 0.39903846153846156 0.009615384615384616 0.009615384615384616
1 0.6490384615384616 0.6538461538461539 0.009615384615384616 0.009615384615384616
1 0.6466346153846154 0.6442307692307693 0.009615384615384616 0.009615384615384616
1 0.6442307692307693 0.6322115384615384 0.009615384615384616 0.009615384615384616
1 0.6442307692307693 0.625 0.009615384615384616 0.009615384615384616
1 0.6418269230769231 0.6177884615384616 0.009615384615384616 0.009615384615384616
1 0.6105769230769231 0.44471153846153844 0.009615384615384616 0.009615384615384616
1 0.6081730769230769 0.43509615384615385 0.009615384615384616 0.009615384615384616
1 0.6081730769230769 0.4254807692307692 0.009615384615384616 0.009615384615384616
2 0.6129807692307693 0.45913461538461536 0.004807692307692308 0.004807692307692308
1 0.6033653846153846 0.38461538461538464 0.009615384615384616 0.009615384615384616
2 0.6201923076923077 0.4519230769230769 0.004807692307692308 0.004807692307692308
1 0.6802884615384616 0.6947115384615384 0.009615384615384616 0.009615384615384616
1 0.6778846153846154 0.6754807692307693 0.009615384615384616 0.009615384615384616
1 0.6778846153846154 0.6802884615384616 0.009615384615384616 0.009615384615384616
1 0.6754807692307693 0.6586538461538461 0.009615384615384616 0.009615384615384616
1 0.6730769230769231 0.6490384615384616 0.009615384615384616 0.009615384615384616
1 0.6706730769230769 0.6298076923076923 0.009615384615384616 0.009615384615384616
1 0.6682692307692307 0.6225961538461539 0.009615384615384616 0.009615384615384616
1 0.6658653846153846 0.5961538461538461 0.009615384615384616 0.009615384615384616
1 0.6610576923076923 0.5769230769230769 0.009615384615384616 0.009615384615384616
1 0.6586538461538461 0.5600961538461539 0.009615384615384616 0.009615384615384616
1 0.65625 0.5528846153846154 0.009615384615384616 0.009615384615384616
1 0.6538461538461539 0.5384615384615384 0.009615384615384616 0.009615384615384616
1 0.6538461538461539 0.53125 0.009615384615384616 0.009615384615384616
1 0.6514423076923077 0.5180288461538461 0.009615384615384616 0.007211538461538462
1 0.6514423076923077 0.5120192307692307 0.009615384615384616 0.009615384615384616
1 0.6490384615384616 0.5 0.009615384615384616 0.009615384615384616
1 0.6322115384615384 0.37259615384615385 0.009615384615384616 0.009615384615384616
1 0.6442307692307693 0.3701923076923077 0.009615384615384616 0.009615384615384616
1 0.6706730769230769 0.4423076923076923 0.009615384615384616 0.009615384615384616
1 0.6586538461538461 0.3798076923076923 0.009615384615384616 0.009615384615384616
1 0.6754807692307693 0.4519230769230769 0.009615384615384616 0.009615384615384616
1 0.6826923076923077 0.4423076923076923 0.009615384615384616 0.009615384615384616
1 0.6706730769230769 0.375 0.009615384615384616 0.009615384615384616
1 0.6899038461538461 0.4495192307692308 0.009615384615384616 0.009615384615384616
1 0.7331730769230769 0.6802884615384616 0.009615384615384616 0.009615384615384616
1 0.7307692307692307 0.6586538461538461 0.009615384615384616 0.009615384615384616
1 0.7331730769230769 0.671875 0.009615384615384616 0.007211538461538462
1 0.7331730769230769 0.6658653846153846 0.009615384615384616 0.009615384615384616
1 0.7307692307692307 0.6514423076923077 0.009615384615384616 0.009615384615384616
1 0.7259615384615384 0.6370192307692307 0.009615384615384616 0.009615384615384616
1 0.7259615384615384 0.6298076923076923 0.009615384615384616 0.009615384615384616
1 0.7283653846153846 0.6442307692307693 0.009615384615384616 0.009615384615384616
1 0.7235576923076923 0.6225961538461539 0.009615384615384616 0.009615384615384616
1 0.7235576923076923 0.6153846153846154 0.009615384615384616 0.009615384615384616
1 0.7199519230769231 0.5973557692307693 0.007211538461538462 0.007211538461538462
1 0.7211538461538461 0.6033653846153846 0.009615384615384616 0.009615384615384616
1 0.7235576923076923 0.609375 0.009615384615384616 0.007211538461538462
1 0.7163461538461539 0.578125 0.009615384615384616 0.007211538461538462
1 0.7139423076923077 0.5649038461538461 0.009615384615384616 0.009615384615384616
1 0.7139423076923077 0.5576923076923077 0.009615384615384616 0.009615384615384616
1 0.7115384615384616 0.5504807692307693 0.009615384615384616 0.009615384615384616
1 0.7115384615384616 0.5432692307692307 0.009615384615384616 0.009615384615384616
1 0.7115384615384616 0.5372596153846154 0.009615384615384616 0.007211538461538462
1 0.7091346153846154 0.5240384615384616 0.009615384615384616 0.009615384615384616
1 0.7091346153846154 0.5288461538461539 0.009615384615384616 0.009615384615384616
1 0.7067307692307693 0.5168269230769231 0.009615384615384616 0.009615384615384616
1 0.7067307692307693 0.5096153846153846 0.009615384615384616 0.009615384615384616
1 0.7043269230769231 0.4951923076923077 0.009615384615384616 0.009615384615384616
1 0.7043269230769231 0.5024038461538461 0.009615384615384616 0.009615384615384616
1 0.7019230769230769 0.4891826923076923 0.009615384615384616 0.007211538461538462
1 0.6947115384615384 0.43990384615384615 0.009615384615384616 0.009615384615384616
1 0.6995192307692307 0.41586538461538464 0.009615384615384616 0.009615384615384616
1 0.6947115384615384 0.38221153846153844 0.009615384615384616 0.009615384615384616
1 0.7067307692307693 0.43509615384615385 0.009615384615384616 0.009615384615384616
1 0.7067307692307693 0.4230769230769231 0.009615384615384616 0.009615384615384616
1 0.7115384615384616 0.4110576923076923 0.009615384615384616 0.009615384615384616
1 0.7211538461538461 0.43509615384615385 0.009615384615384616 0.009615384615384616
1 0.7235576923076923 0.41586538461538464 0.009615384615384616 0.009615384615384616
1 0.7235576923076923 0.40625 0.009615384615384616 0.009615384615384616
1 0.7572115384615384 0.5721153846153846 0.009615384615384616 0.009615384615384616
1 0.7716346153846154 0.6057692307692307 0.009615384615384616 0.009615384615384616
1 0.78125 0.6033653846153846 0.009615384615384616 0.009615384615384616
1 0.7884615384615384 0.5925480769230769 0.009615384615384616 0.007211538461538462
2 0.2920673076923077 0.5336538461538461 0.007211538461538462 0.009615384615384616
2 0.296875 0.5336538461538461 0.007211538461538462 0.009615384615384616
2 0.30408653846153844 0.5324519230769231 0.007211538461538462 0.007211538461538462
