1 0.6947115384615384 0.78125 0.009615384615384616 0.004807692307692308
1 0.6947115384615384 0.7860576923076923 0.009615384615384616 0.004807692307692308
1 0.6947115384615384 0.7920673076923077 0.009615384615384616 0.002403846153846154
1 0.6826923076923077 0.7860576923076923 0.009615384615384616 0.004807692307692308
1 0.6826923076923077 0.78125 0.009615384615384616 0.004807692307692308
0 0.6586538461538461 0.47596153846153844 0.009615384615384616 0.004807692307692308
0 0.6478365384615384 0.47475961538461536 0.01201923076923077 0.007211538461538462
1 0.5985576923076923 0.49038461538461536 0.009615384615384616 0.004807692307692308
1 0.5841346153846154 0.49038461538461536 0.009615384615384616 0.004807692307692308
2 0.5817307692307693 0.4735576923076923 0.004807692307692308 0.009615384615384616
1 0.5721153846153846 0.49038461538461536 0.009615384615384616 0.004807692307692308
1 0.5612980769230769 0.4807692307692308 0.01201923076923077 0.004807692307692308
1 0.5408653846153846 0.4807692307692308 0.009615384615384616 0.004807692307692308
1 0.4411057692307692 0.7235576923076923 0.01201923076923077 0.004807692307692308
0 0.42908653846153844 0.7307692307692307 0.01201923076923077 0.004807692307692308
1 0.42908653846153844 0.7235576923076923 0.01201923076923077 0.004807692307692308
1 0.4206730769230769 0.703125 0.009615384615384616 0.007211538461538462
0 0.4110576923076923 0.7019230769230769 0.009615384615384616 0.009615384615384616
1 0.3918269230769231 0.7295673076923077 0.009615384615384616 0.007211538461538462
1 0.3894230769230769 0.7103365384615384 0.009615384615384616 0.007211538461538462
1 0.3894230769230769 0.7223557692307693 0.009615384615384616 0.007211538461538462
1 0.3870192307692308 0.7439903846153846 0.009615384615384616 0.007211538461538462
1 0.37740384615384615 0.7139423076923077 0.009615384615384616 0.009615384615384616
1 0.37259615384615385 0.7247596153846154 0.009615384615384616 0.007211538461538462
1 0.37259615384615385 0.734375 0.009615384615384616 0.007211538461538462
1 0.37259615384615385 0.7415865384615384 0.009615384615384616 0.007211538461538462
1 0.35216346153846156 0.734375 0.01201923076923077 0.007211538461538462
1 0.3473557692307692 0.7512019230769231 0.01201923076923077 0.007211538461538462
1 0.33413461538461536 0.5444711538461539 0.009615384615384616 0.007211538461538462
1 0.33413461538461536 0.5516826923076923 0.009615384615384616 0.007211538461538462
1 0.33413461538461536 0.5252403846153846 0.009615384615384616 0.007211538461538462
1 0.31850961538461536 0.7584134615384616 0.01201923076923077 0.007211538461538462
1 0.3137019230769231 0.7680288461538461 0.01201923076923077 0.007211538461538462
1 0.3004807692307692 0.7487980769230769 0.014423076923076924 0.007211538461538462
1 0.2980769230769231 0.7668269230769231 0.009615384615384616 0.004807692307692308
1 0.29927884615384615 0.7800480769230769 0.01201923076923077 0.007211538461538462
0 0.2848557692307692 0.6634615384615384 0.01201923076923077 0.004807692307692308
0 0.2848557692307692 0.6550480769230769 0.01201923076923077 0.007211538461538462
2 0.28365384615384615 0.49278846153846156 0.04326923076923077 0.014423076923076924
1 0.28125 0.8064903846153846 0.009615384615384616 0.007211538461538462
1 0.2704326923076923 0.7091346153846154 0.01201923076923077 0.004807692307692308
1 0.2704326923076923 0.6790865384615384 0.01201923076923077 0.007211538461538462
0 0.2692307692307692 0.6634615384615384 0.009615384615384616 0.009615384615384616
1 0.2692307692307692 0.6911057692307693 0.009615384615384616 0.007211538461538462
1 0.2692307692307692 0.7271634615384616 0.009615384615384616 0.007211538461538462
1 0.25961538461538464 0.6634615384615384 0.009615384615384616 0.009615384615384616
1 0.25721153846153844 0.7451923076923077 0.009615384615384616 0.009615384615384616
1 0.25240384615384615 0.7367788461538461 0.009615384615384616 0.007211538461538462
1 0.25240384615384615 0.7271634615384616 0.009615384615384616 0.007211538461538462
1 0.23798076923076922 0.7884615384615384 0.009615384615384616 0.004807692307692308
1 0.23798076923076922 0.7668269230769231 0.009615384615384616 0.004807692307692308
1 0.23557692307692307 0.7740384615384616 0.014423076923076924 0.004807692307692308
1 0.23317307692307693 0.59375 0.009615384615384616 0.004807692307692308
2 0.22956730769230768 0.49038461538461536 0.040865384615384616 0.014423076923076924
1 0.22235576923076922 0.7307692307692307 0.01201923076923077 0.004807692307692308
1 0.22235576923076922 0.7295673076923077 0.01201923076923077 0.007211538461538462
1 0.20072115384615385 0.8197115384615384 0.01201923076923077 0.004807692307692308
1 0.19951923076923078 0.8269230769230769 0.009615384615384616 0.004807692307692308
1 0.20072115384615385 0.7920673076923077 0.01201923076923077 0.007211538461538462
1 0.19951923076923078 0.7776442307692307 0.009615384615384616 0.007211538461538462
1 0.19951923076923078 0.7692307692307693 0.009615384615384616 0.009615384615384616
1 0.19831730769230768 0.7560096153846154 0.007211538461538462 0.007211538461538462
1 0.1971153846153846 0.7223557692307693 0.009615384615384616 0.007211538461538462
1 0.16105769230769232 0.6911057692307693 0.009615384615384616 0.007211538461538462
1 0.15745192307692307 0.7668269230769231 0.01201923076923077 0.004807692307692308
1 0.15745192307692307 0.7524038461538461 0.01201923076923077 0.004807692307692308
2 0.1346153846153846 0.7139423076923077 0.004807692307692308 0.009615384615384616
0 0.12379807692307693 0.6971153846153846 0.01201923076923077 0.004807692307692308
1 0.12379807692307693 0.7043269230769231 0.01201923076923077 0.004807692307692308
2 0.8798076923076923 0.4699519230769231 0.004807692307692308 0.007211538461538462
2 0.875 0.6802884615384616 0.038461538461538464 0.014423076923076924
2 0.8701923076923077 0.4699519230769231 0.004807692307692308 0.007211538461538462
2 0.8689903846153846 0.53125 0.05048076923076923 0.019230769230769232
1 0.8653846153846154 0.7824519230769231 0.009615384615384616 0.007211538461538462
2 0.8629807692307693 0.47115384615384615 0.004807692307692308 0.004807692307692308
1 0.8269230769230769 0.5564903846153846 0.009615384615384616 0.007211538461538462
1 0.8269230769230769 0.5661057692307693 0.009615384615384616 0.007211538461538462
1 0.8269230769230769 0.5492788461538461 0.009615384615384616 0.007211538461538462
1 0.8245192307692307 0.5973557692307693 0.009615384615384616 0.007211538461538462
1 0.8245192307692307 0.5901442307692307 0.009615384615384616 0.007211538461538462
1 0.8088942307692307 0.4807692307692308 0.01201923076923077 0.004807692307692308
2 0.8052884615384616 0.49038461538461536 0.014423076923076924 0.004807692307692308
1 0.7956730769230769 0.5096153846153846 0.009615384615384616 0.004807692307692308
1 0.7908653846153846 0.7824519230769231 0.009615384615384616 0.007211538461538462
1 0.7764423076923077 0.5096153846153846 0.009615384615384616 0.004807692307692308
2 0.7620192307692307 0.6826923076923077 0.02403846153846154 0.02403846153846154
0 0.7632211538461539 0.47115384615384615 0.01201923076923077 0.004807692307692308
1 0.7524038461538461 0.7932692307692307 0.009615384615384616 0.004807692307692308
0 0.7487980769230769 0.4735576923076923 0.01201923076923077 0.004807692307692308
1 0.7403846153846154 0.7956730769230769 0.009615384615384616 0.004807692307692308
1 0.7211538461538461 0.7860576923076923 0.009615384615384616 0.004807692307692308
1 0.71875 0.7788461538461539 0.009615384615384616 0.004807692307692308
1 0.7067307692307693 0.7860576923076923 0.009615384615384616 0.004807692307692308
1 0.7067307692307693 0.7788461538461539 0.009615384615384616 0.004807692307692308
1 0.7055288461538461 0.5024038461538461 0.01201923076923077 0.004807692307692308
1 0.7067307692307693 0.5120192307692307 0.009615384615384616 0.004807692307692308
