2 0.4951923076923077 0.3076923076923077 0.009615384615384616 0.004807692307692308
2 0.49278846153846156 0.3125 0.009615384615384616 0.004807692307692308
2 0.49278846153846156 0.3173076923076923 0.009615384615384616 0.004807692307692308
1 0.29447115384615385 0.3389423076923077 0.007211538461538462 0.009615384615384616
1 0.3112980769230769 0.33653846153846156 0.007211538461538462 0.009615384615384616
1 0.328125 0.33653846153846156 0.007211538461538462 0.009615384615384616
1 0.3449519230769231 0.33653846153846156 0.007211538461538462 0.009615384615384616
2 0.3557692307692308 0.33533653846153844 0.004807692307692308 0.01201923076923077
2 0.36538461538461536 0.33533653846153844 0.004807692307692308 0.01201923076923077
2 0.3629807692307692 0.33533653846153844 0.004807692307692308 0.01201923076923077
2 0.3701923076923077 0.33533653846153844 0.004807692307692308 0.01201923076923077
1 0.6117788461538461 0.31971153846153844 0.007211538461538462 0.009615384615384616
2 0.5168269230769231 0.3293269230769231 0.004807692307692308 0.004807692307692308
2 0.24519230769230768 0.35096153846153844 0.004807692307692308 0.009615384615384616
2 0.2283653846153846 0.35216346153846156 0.004807692307692308 0.01201923076923077
2 0.23076923076923078 0.34975961538461536 0.004807692307692308 0.01201923076923077
2 0.2403846153846154 0.35096153846153844 0.004807692307692308 0.014423076923076924
2 0.23557692307692307 0.34975961538461536 0.004807692307692308 0.01201923076923077
1 0.3016826923076923 0.3485576923076923 0.007211538461538462 0.009615384615384616
1 0.3137019230769231 0.3485576923076923 0.007211538461538462 0.009615384615384616
2 0.5192307692307693 0.33413461538461536 0.009615384615384616 0.004807692307692308
1 0.33774038461538464 0.34615384615384615 0.007211538461538462 0.009615384615384616
1 0.33052884615384615 0.3485576923076923 0.007211538461538462 0.009615384615384616
1 0.3473557692307692 0.3485576923076923 0.007211538461538462 0.009615384615384616
1 0.45913461538461536 0.34615384615384615 0.004807692307692308 0.009615384615384616
1 0.24158653846153846 0.3629807692307692 0.007211538461538462 0.009615384615384616
1 0.5120192307692307 0.3485576923076923 0.004807692307692308 0.009615384615384616
2 0.4206730769230769 0.3581730769230769 0.004807692307692308 0.014423076923076924
2 0.4254807692307692 0.359375 0.004807692307692308 0.01201923076923077
2 0.42788461538461536 0.3581730769230769 0.004807692307692308 0.014423076923076924
2 0.4326923076923077 0.3581730769230769 0.004807692307692308 0.014423076923076924
2 0.5408653846153846 0.3581730769230769 0.009615384615384616 0.004807692307692308
2 0.5877403846153846 0.3557692307692308 0.007211538461538462 0.004807692307692308
2 0.5120192307692307 0.3605769230769231 0.009615384615384616 0.004807692307692308
2 0.41586538461538464 0.37259615384615385 0.004807692307692308 0.014423076923076924
1 0.4807692307692308 0.375 0.004807692307692308 0.009615384615384616
2 0.30288461538461536 0.41947115384615385 0.03365384615384615 0.03125
1 0.5913461538461539 0.4014423076923077 0.004807692307692308 0.009615384615384616
2 0.5168269230769231 0.42788461538461536 0.009615384615384616 0.004807692307692308
1 0.24879807692307693 0.4519230769230769 0.007211538461538462 0.009615384615384616
1 0.25841346153846156 0.4519230769230769 0.007211538461538462 0.009615384615384616
1 0.265625 0.4519230769230769 0.007211538461538462 0.009615384615384616
1 0.28966346153846156 0.4495192307692308 0.007211538461538462 0.009615384615384616
1 0.2800480769230769 0.4495192307692308 0.007211538461538462 0.009615384615384616
1 0.28966346153846156 0.4495192307692308 0.007211538461538462 0.009615384615384616
1 0.27283653846153844 0.4519230769230769 0.007211538461538462 0.009615384615384616
1 0.2800480769230769 0.4519230769230769 0.007211538461538462 0.009615384615384616
1 0.27283653846153844 0.4519230769230769 0.007211538461538462 0.009615384615384616
1 0.47596153846153844 0.4375 0.004807692307692308 0.009615384615384616
1 0.3401442307692308 0.44711538461538464 0.007211538461538462 0.009615384615384616
1 0.3545673076923077 0.44711538461538464 0.007211538461538462 0.009615384615384616
1 0.3473557692307692 0.4495192307692308 0.007211538461538462 0.009615384615384616
1 0.47836538461538464 0.44711538461538464 0.004807692307692308 0.009615384615384616
1 0.5961538461538461 0.44471153846153844 0.004807692307692308 0.009615384615384616
1 0.36177884615384615 0.4639423076923077 0.007211538461538462 0.009615384615384616
1 0.47836538461538464 0.45913461538461536 0.004807692307692308 0.009615384615384616
1 0.36177884615384615 0.4735576923076923 0.007211538461538462 0.009615384615384616
1 0.3629807692307692 0.49038461538461536 0.004807692307692308 0.009615384615384616
2 0.4254807692307692 0.4879807692307692 0.004807692307692308 0.004807692307692308
2 0.4326923076923077 0.4879807692307692 0.004807692307692308 0.004807692307692308
2 0.4495192307692308 0.4855769230769231 0.004807692307692308 0.004807692307692308
2 0.44711538461538464 0.49038461538461536 0.004807692307692308 0.004807692307692308
1 0.3629807692307692 0.5 0.004807692307692308 0.009615384615384616
2 0.4326923076923077 0.4951923076923077 0.004807692307692308 0.004807692307692308
1 0.3641826923076923 0.5096153846153846 0.007211538461538462 0.009615384615384616
1 0.5985576923076923 0.5024038461538461 0.004807692307692308 0.009615384615384616
2 0.25 0.53125 0.009615384615384616 0.004807692307692308
1 0.3641826923076923 0.5264423076923077 0.007211538461538462 0.009615384615384616
1 0.5997596153846154 0.5120192307692307 0.007211538461538462 0.009615384615384616
1 0.36538461538461536 0.5360576923076923 0.004807692307692308 0.009615384615384616
1 0.46274038461538464 0.5336538461538461 0.007211538461538462 0.009615384615384616
1 0.4699519230769231 0.5336538461538461 0.007211538461538462 0.009615384615384616
1 0.25600961538461536 0.5528846153846154 0.007211538461538462 0.009615384615384616
1 0.36538461538461536 0.5480769230769231 0.004807692307692308 0.009615384615384616
1 0.36538461538461536 0.5576923076923077 0.004807692307692308 0.009615384615384616
1 0.25600961538461536 0.5721153846153846 0.007211538461538462 0.009615384615384616
1 0.36658653846153844 0.5685096153846154 0.007211538461538462 0.01201923076923077
1 0.6237980769230769 0.5504807692307693 0.007211538461538462 0.009615384615384616
1 0.25600961538461536 0.5817307692307693 0.007211538461538462 0.009615384615384616
1 0.36658653846153844 0.5793269230769231 0.007211538461538462 0.009615384615384616
1 0.36899038461538464 0.5877403846153846 0.007211538461538462 0.01201923076923077
2 0.5240384615384616 0.5829326923076923 0.004807692307692308 0.01201923076923077
1 0.5673076923076923 0.5793269230769231 0.004807692307692308 0.009615384615384616
1 0.36899038461538464 0.6105769230769231 0.007211538461538462 0.009615384615384616
1 0.5901442307692307 0.6033653846153846 0.007211538461538462 0.009615384615384616
1 0.33052884615384615 0.6298076923076923 0.007211538461538462 0.009615384615384616
1 0.3401442307692308 0.6298076923076923 0.007211538461538462 0.009615384615384616
1 0.35216346153846156 0.6274038461538461 0.007211538461538462 0.009615384615384616
1 0.359375 0.6274038461538461 0.007211538461538462 0.009615384615384616
1 0.36658653846153844 0.6274038461538461 0.007211538461538462 0.009615384615384616
1 0.5444711538461539 0.6153846153846154 0.007211538461538462 0.009615384615384616
1 0.5540865384615384 0.6153846153846154 0.007211538461538462 0.009615384615384616
1 0.5637019230769231 0.6153846153846154 0.007211538461538462 0.009615384615384616
2 0.5264423076923077 0.6177884615384616 0.004807692307692308 0.004807692307692308
1 0.6021634615384616 0.6153846153846154 0.007211538461538462 0.009615384615384616
2 0.5336538461538461 0.625 0.004807692307692308 0.004807692307692308
1 0.28725961538461536 0.65625 0.007211538461538462 0.009615384615384616
1 0.30649038461538464 0.65625 0.007211538461538462 0.009615384615384616
1 0.29927884615384615 0.65625 0.007211538461538462 0.009615384615384616
1 0.3233173076923077 0.6538461538461539 0.007211538461538462 0.009615384615384616
1 0.3329326923076923 0.6538461538461539 0.007211538461538462 0.009615384615384616
1 0.35216346153846156 0.6538461538461539 0.007211538461538462 0.009615384615384616
1 0.359375 0.6538461538461539 0.007211538461538462 0.009615384615384616
1 0.3858173076923077 0.6514423076923077 0.007211538461538462 0.009615384615384616
1 0.4050480769230769 0.6514423076923077 0.007211538461538462 0.009615384615384616
1 0.421875 0.6490384615384616 0.007211538461538462 0.009615384615384616
1 0.42908653846153844 0.6490384615384616 0.007211538461538462 0.009615384615384616
1 0.44591346153846156 0.6490384615384616 0.007211538461538462 0.009615384615384616
1 0.45072115384615385 0.6490384615384616 0.007211538461538462 0.009615384615384616
1 0.4639423076923077 0.6466346153846154 0.004807692307692308 0.009615384615384616
1 0.4723557692307692 0.6490384615384616 0.007211538461538462 0.009615384615384616
1 0.484375 0.6466346153846154 0.007211538461538462 0.009615384615384616
1 0.6117788461538461 0.6466346153846154 0.007211538461538462 0.009615384615384616
1 0.6117788461538461 0.6586538461538461 0.007211538461538462 0.009615384615384616
1 0.5372596153846154 0.6754807692307693 0.007211538461538462 0.009615384615384616
1 0.6021634615384616 0.6730769230769231 0.007211538461538462 0.009615384615384616
1 0.5276442307692307 0.6802884615384616 0.007211538461538462 0.009615384615384616
1 0.5372596153846154 0.6875 0.007211538461538462 0.009615384615384616
1 0.6045673076923077 0.6850961538461539 0.007211538461538462 0.009615384615384616
1 0.5276442307692307 0.6947115384615384 0.007211538461538462 0.009615384615384616
1 0.29447115384615385 0.7091346153846154 0.007211538461538462 0.009615384615384616
1 0.3161057692307692 0.7091346153846154 0.007211538461538462 0.009615384615384616
1 0.30288461538461536 0.7091346153846154 0.004807692307692308 0.009615384615384616
1 0.3088942307692308 0.7115384615384616 0.007211538461538462 0.009615384615384616
1 0.3233173076923077 0.7091346153846154 0.007211538461538462 0.009615384615384616
1 0.33774038461538464 0.7091346153846154 0.007211538461538462 0.009615384615384616
1 0.3449519230769231 0.7091346153846154 0.007211538461538462 0.009615384615384616
1 0.33052884615384615 0.7091346153846154 0.007211538461538462 0.009615384615384616
1 0.35216346153846156 0.7067307692307693 0.007211538461538462 0.009615384615384616
1 0.359375 0.7091346153846154 0.007211538461538462 0.009615384615384616
1 0.3798076923076923 0.7055288461538461 0.004807692307692308 0.007211538461538462
1 0.3713942307692308 0.7079326923076923 0.007211538461538462 0.007211538461538462
1 0.36538461538461536 0.7067307692307693 0.004807692307692308 0.009615384615384616
1 0.39903846153846156 0.7043269230769231 0.004807692307692308 0.009615384615384616
1 0.41225961538461536 0.7067307692307693 0.007211538461538462 0.009615384615384616
1 0.41947115384615385 0.7043269230769231 0.007211538461538462 0.009615384615384616
1 0.42427884615384615 0.7043269230769231 0.007211538461538462 0.009615384615384616
1 0.43149038461538464 0.7043269230769231 0.007211538461538462 0.009615384615384616
1 0.43990384615384615 0.7043269230769231 0.004807692307692308 0.009615384615384616
1 0.453125 0.7043269230769231 0.007211538461538462 0.009615384615384616
1 0.44591346153846156 0.7055288461538461 0.007211538461538462 0.007211538461538462
1 0.46033653846153844 0.7043269230769231 0.007211538461538462 0.009615384615384616
1 0.4675480769230769 0.7019230769230769 0.007211538461538462 0.009615384615384616
1 0.48197115384615385 0.7043269230769231 0.007211538461538462 0.009615384615384616
1 0.47475961538461536 0.7043269230769231 0.007211538461538462 0.009615384615384616
1 0.4879807692307692 0.7019230769230769 0.004807692307692308 0.009615384615384616
1 0.5372596153846154 0.7019230769230769 0.007211538461538462 0.009615384615384616
1 0.5612980769230769 0.7067307692307693 0.007211538461538462 0.009615384615384616
1 0.5925480769230769 0.7091346153846154 0.007211538461538462 0.009615384615384616
1 0.5396634615384616 0.7139423076923077 0.007211538461538462 0.009615384615384616
1 0.5516826923076923 0.7139423076923077 0.007211538461538462 0.009615384615384616
1 0.5637019230769231 0.7211538461538461 0.007211538461538462 0.009615384615384616
1 0.5396634615384616 0.7283653846153846 0.007211538461538462 0.009615384615384616
1 0.5564903846153846 0.7331730769230769 0.007211538461538462 0.009615384615384616
1 0.5661057692307693 0.7331730769230769 0.007211538461538462 0.009615384615384616
1 0.39783653846153844 0.7451923076923077 0.007211538461538462 0.009615384615384616
1 0.3641826923076923 0.7572115384615384 0.007211538461538462 0.009615384615384616
1 0.3641826923076923 0.7668269230769231 0.007211538461538462 0.009615384615384616
1 0.375 0.7740384615384616 0.004807692307692308 0.009615384615384616
2 0.49278846153846156 0.29086538461538464 0.009615384615384616 0.004807692307692308
2 0.49278846153846156 0.2956730769230769 0.009615384615384616 0.004807692307692308
2 0.49399038461538464 0.3004807692307692 0.007211538461538462 0.004807692307692308
