1 0.18629807692307693 0.3701923076923077 0.007211538461538462 0.009615384615384616
1 0.1814903846153846 0.3701923076923077 0.007211538461538462 0.009615384615384616
1 0.17548076923076922 0.37259615384615385 0.004807692307692308 0.009615384615384616
1 0.18389423076923078 0.38221153846153844 0.007211538461538462 0.009615384615384616
1 0.18870192307692307 0.38221153846153844 0.007211538461538462 0.009615384615384616
0 0.49158653846153844 0.34134615384615385 0.007211538461538462 0.009615384615384616
0 0.4951923076923077 0.35096153846153844 0.009615384615384616 0.014423076923076924
1 0.49158653846153844 0.40384615384615385 0.007211538461538462 0.009615384615384616
1 0.49158653846153844 0.41586538461538464 0.007211538461538462 0.009615384615384616
2 0.5096153846153846 0.4170673076923077 0.009615384615384616 0.007211538461538462
1 0.4963942307692308 0.43028846153846156 0.007211538461538462 0.009615384615384616
1 0.5060096153846154 0.4362980769230769 0.007211538461538462 0.01201923076923077
1 0.5108173076923077 0.4567307692307692 0.007211538461538462 0.009615384615384616
1 0.29447115384615385 0.6069711538461539 0.007211538461538462 0.01201923076923077
0 0.28966346153846156 0.6189903846153846 0.007211538461538462 0.01201923076923077
1 0.29927884615384615 0.6165865384615384 0.007211538461538462 0.01201923076923077
1 0.31971153846153844 0.6213942307692307 0.009615384615384616 0.01201923076923077
0 0.32091346153846156 0.6310096153846154 0.01201923076923077 0.01201923076923077
1 0.2980769230769231 0.6550480769230769 0.009615384615384616 0.01201923076923077
1 0.31971153846153844 0.6526442307692307 0.009615384615384616 0.01201923076923077
1 0.3076923076923077 0.6550480769230769 0.009615384615384616 0.01201923076923077
1 0.2860576923076923 0.6622596153846154 0.009615384615384616 0.01201923076923077
1 0.31850961538461536 0.6646634615384616 0.01201923076923077 0.01201923076923077
1 0.3076923076923077 0.6742788461538461 0.009615384615384616 0.01201923076923077
1 0.2980769230769231 0.6742788461538461 0.009615384615384616 0.01201923076923077
1 0.2932692307692308 0.6766826923076923 0.009615384615384616 0.01201923076923077
1 0.30288461538461536 0.6947115384615384 0.009615384615384616 0.014423076923076924
1 0.2860576923076923 0.7043269230769231 0.009615384615384616 0.014423076923076924
1 0.49278846153846156 0.671875 0.009615384615384616 0.01201923076923077
1 0.4855769230769231 0.6742788461538461 0.009615384615384616 0.01201923076923077
1 0.5120192307692307 0.6670673076923077 0.009615384615384616 0.01201923076923077
1 0.2860576923076923 0.7331730769230769 0.009615384615384616 0.014423076923076924
1 0.2764423076923077 0.7403846153846154 0.009615384615384616 0.014423076923076924
1 0.2980769230769231 0.7475961538461539 0.009615384615384616 0.014423076923076924
1 0.2824519230769231 0.7524038461538461 0.007211538461538462 0.009615384615384616
1 0.2692307692307692 0.7572115384615384 0.009615384615384616 0.014423076923076924
0 0.3858173076923077 0.7439903846153846 0.007211538461538462 0.01201923076923077
0 0.3942307692307692 0.7427884615384616 0.009615384615384616 0.014423076923076924
2 0.5528846153846154 0.7127403846153846 0.02403846153846154 0.04567307692307692
1 0.24759615384615385 0.7800480769230769 0.009615384615384616 0.01201923076923077
1 0.3449519230769231 0.7680288461538461 0.007211538461538462 0.01201923076923077
1 0.37259615384615385 0.7620192307692307 0.009615384615384616 0.014423076923076924
0 0.38822115384615385 0.7608173076923077 0.01201923076923077 0.01201923076923077
1 0.3629807692307692 0.765625 0.009615384615384616 0.01201923076923077
1 0.3269230769230769 0.7752403846153846 0.009615384615384616 0.01201923076923077
1 0.390625 0.7704326923076923 0.01201923076923077 0.01201923076923077
1 0.3112980769230769 0.7896634615384616 0.01201923076923077 0.01201923076923077
1 0.31971153846153844 0.7920673076923077 0.009615384615384616 0.01201923076923077
1 0.3317307692307692 0.7896634615384616 0.009615384615384616 0.01201923076923077
1 0.27524038461538464 0.8173076923076923 0.007211538461538462 0.009615384615384616
1 0.29447115384615385 0.8125 0.007211538461538462 0.009615384615384616
1 0.28725961538461536 0.8173076923076923 0.007211538461538462 0.014423076923076924
1 0.4651442307692308 0.78125 0.007211538461538462 0.009615384615384616
2 0.5661057692307693 0.7620192307692307 0.021634615384615384 0.04326923076923077
1 0.3329326923076923 0.8209134615384616 0.007211538461538462 0.01201923076923077
1 0.3329326923076923 0.8209134615384616 0.007211538461538462 0.01201923076923077
1 0.2512019230769231 0.859375 0.007211538461538462 0.01201923076923077
1 0.2439903846153846 0.8629807692307693 0.007211538461538462 0.009615384615384616
1 0.2764423076923077 0.8557692307692307 0.009615384615384616 0.014423076923076924
1 0.2932692307692308 0.8521634615384616 0.009615384615384616 0.01201923076923077
1 0.3016826923076923 0.8521634615384616 0.01201923076923077 0.01201923076923077
1 0.31490384615384615 0.8485576923076923 0.009615384615384616 0.009615384615384616
1 0.34615384615384615 0.8425480769230769 0.009615384615384616 0.01201923076923077
1 0.3858173076923077 0.8737980769230769 0.01201923076923077 0.01201923076923077
1 0.3112980769230769 0.890625 0.007211538461538462 0.01201923076923077
1 0.32572115384615385 0.8882211538461539 0.007211538461538462 0.01201923076923077
2 0.36778846153846156 0.9026442307692307 0.009615384615384616 0.007211538461538462
0 0.38822115384615385 0.9098557692307693 0.007211538461538462 0.01201923076923077
1 0.38100961538461536 0.9122596153846154 0.007211538461538462 0.01201923076923077
2 0.45072115384615385 0.12379807692307693 0.007211538461538462 0.007211538461538462
2 0.24639423076923078 0.171875 0.021634615384615384 0.040865384615384616
2 0.453125 0.13341346153846154 0.007211538461538462 0.007211538461538462
2 0.3942307692307692 0.1466346153846154 0.028846153846153848 0.052884615384615384
1 0.14903846153846154 0.203125 0.009615384615384616 0.01201923076923077
2 0.4543269230769231 0.13942307692307693 0.004807692307692308 0.004807692307692308
1 0.37740384615384615 0.1935096153846154 0.009615384615384616 0.01201923076923077
1 0.3701923076923077 0.1935096153846154 0.009615384615384616 0.01201923076923077
1 0.38461538461538464 0.19110576923076922 0.009615384615384616 0.01201923076923077
1 0.3389423076923077 0.203125 0.009615384615384616 0.01201923076923077
1 0.34615384615384615 0.20072115384615385 0.009615384615384616 0.01201923076923077
1 0.45552884615384615 0.19591346153846154 0.007211538461538462 0.01201923076923077
2 0.44591346153846156 0.19951923076923078 0.007211538461538462 0.014423076923076924
1 0.42908653846153844 0.21394230769230768 0.007211538461538462 0.009615384615384616
1 0.16346153846153846 0.27524038461538464 0.009615384615384616 0.01201923076923077
1 0.4338942307692308 0.23317307692307693 0.007211538461538462 0.009615384615384616
2 0.2692307692307692 0.28125 0.028846153846153848 0.028846153846153848
0 0.47475961538461536 0.23918269230769232 0.007211538461538462 0.01201923076923077
1 0.1622596153846154 0.31490384615384615 0.007211538461538462 0.009615384615384616
0 0.47475961538461536 0.2512019230769231 0.007211538461538462 0.01201923076923077
1 0.1622596153846154 0.3269230769230769 0.007211538461538462 0.009615384615384616
1 0.17427884615384615 0.34375 0.007211538461538462 0.009615384615384616
1 0.1814903846153846 0.34375 0.007211538461538462 0.009615384615384616
1 0.17668269230769232 0.3581730769230769 0.007211538461538462 0.009615384615384616
1 0.18389423076923078 0.3557692307692308 0.007211538461538462 0.009615384615384616
1 0.45552884615384615 0.29927884615384615 0.007211538461538462 0.01201923076923077
1 0.4483173076923077 0.30288461538461536 0.007211538461538462 0.009615384615384616
