1 0.38461538461538464 0.5853365384615384 0.009615384615384616 0.007211538461538462
1 0.3942307692307692 0.5829326923076923 0.009615384615384616 0.007211538461538462
1 0.4050480769230769 0.5817307692307693 0.007211538461538462 0.004807692307692308
1 0.4230769230769231 0.5456730769230769 0.009615384615384616 0.009615384615384616
1 0.41346153846153844 0.47475961538461536 0.009615384615384616 0.007211538461538462
1 0.4254807692307692 0.5504807692307693 0.009615384615384616 0.009615384615384616
1 0.4230769230769231 0.5396634615384616 0.009615384615384616 0.007211538461538462
1 0.4206730769230769 0.5300480769230769 0.009615384615384616 0.007211538461538462
1 0.4254807692307692 0.5576923076923077 0.009615384615384616 0.009615384615384616
1 0.43028846153846156 0.5709134615384616 0.009615384615384616 0.007211538461538462
1 0.4206730769230769 0.515625 0.009615384615384616 0.007211538461538462
1 0.42788461538461536 0.5637019230769231 0.009615384615384616 0.007211538461538462
1 0.40625 0.41225961538461536 0.009615384615384616 0.007211538461538462
1 0.41346153846153844 0.4170673076923077 0.009615384615384616 0.007211538461538462
1 0.41346153846153844 0.4050480769230769 0.009615384615384616 0.007211538461538462
1 0.4423076923076923 0.5685096153846154 0.009615384615384616 0.007211538461538462
1 0.44711538461538464 0.5961538461538461 0.009615384615384616 0.009615384615384616
1 0.4495192307692308 0.6033653846153846 0.009615384615384616 0.009615384615384616
1 0.4495192307692308 0.6141826923076923 0.009615384615384616 0.007211538461538462
0 0.46274038461538464 0.6298076923076923 0.007211538461538462 0.019230769230769232
1 0.4519230769230769 0.5685096153846154 0.009615384615384616 0.007211538461538462
0 0.4699519230769231 0.6274038461538461 0.007211538461538462 0.019230769230769232
1 0.47596153846153844 0.6262019230769231 0.009615384615384616 0.007211538461538462
1 0.47596153846153844 0.6177884615384616 0.009615384615384616 0.009615384615384616
1 0.5024038461538461 0.5516826923076923 0.009615384615384616 0.007211538461538462
1 0.4879807692307692 0.44350961538461536 0.009615384615384616 0.007211538461538462
1 0.5072115384615384 0.27283653846153844 0.009615384615384616 0.007211538461538462
1 0.5528846153846154 0.5204326923076923 0.009615384615384616 0.007211538461538462
2 0.6201923076923077 0.23677884615384615 0.028846153846153848 0.03125
2 0.28365384615384615 0.6574519230769231 0.014423076923076924 0.026442307692307692
