1 0.4098557692307692 0.3918269230769231 0.007211538461538462 0.009615384615384616
1 0.4098557692307692 0.4014423076923077 0.007211538461538462 0.009615384615384616
1 0.41225961538461536 0.4098557692307692 0.007211538461538462 0.007211538461538462
1 0.4495192307692308 0.4266826923076923 0.009615384615384616 0.01201923076923077
1 0.5204326923076923 0.4110576923076923 0.007211538461538462 0.009615384615384616
1 0.44471153846153844 0.42908653846153844 0.009615384615384616 0.01201923076923077
1 0.4579326923076923 0.4254807692307692 0.007211538461538462 0.009615384615384616
1 0.4675480769230769 0.4230769230769231 0.007211538461538462 0.009615384615384616
1 0.4375 0.42908653846153844 0.009615384615384616 0.01201923076923077
1 0.42427884615384615 0.43509615384615385 0.007211538461538462 0.009615384615384616
1 0.48197115384615385 0.4206730769230769 0.007211538461538462 0.009615384615384616
1 0.43149038461538464 0.4326923076923077 0.007211538461538462 0.009615384615384616
1 0.5829326923076923 0.39903846153846156 0.007211538461538462 0.009615384615384616
1 0.578125 0.40865384615384615 0.007211538461538462 0.009615384615384616
1 0.5877403846153846 0.40625 0.007211538461538462 0.009615384615384616
1 0.4266826923076923 0.44711538461538464 0.007211538461538462 0.009615384615384616
1 0.4014423076923077 0.453125 0.009615384615384616 0.01201923076923077
1 0.3942307692307692 0.45552884615384615 0.009615384615384616 0.01201923076923077
1 0.38341346153846156 0.45913461538461536 0.007211538461538462 0.009615384615384616
0 0.3701923076923077 0.47115384615384615 0.019230769230769232 0.009615384615384616
1 0.42908653846153844 0.4567307692307692 0.007211538461538462 0.009615384615384616
0 0.3701923076923077 0.47836538461538464 0.019230769230769232 0.009615384615384616
1 0.3737980769230769 0.4855769230769231 0.007211538461538462 0.009615384615384616
1 0.3798076923076923 0.484375 0.009615384615384616 0.01201923076923077
1 0.45072115384615385 0.5048076923076923 0.007211538461538462 0.009615384615384616
1 0.5564903846153846 0.4831730769230769 0.007211538461538462 0.009615384615384616
1 0.7271634615384616 0.49278846153846156 0.007211538461538462 0.009615384615384616
1 0.484375 0.5528846153846154 0.007211538461538462 0.009615384615384616
2 0.7716346153846154 0.6009615384615384 0.03365384615384615 0.028846153846153848
2 0.33052884615384615 0.2956730769230769 0.026442307692307692 0.014423076923076924
