1 0.6875 0.4411057692307692 0.009615384615384616 0.007211538461538462
1 0.6778846153846154 0.5492788461538461 0.009615384615384616 0.007211538461538462
1 0.6682692307692307 0.8329326923076923 0.009615384615384616 0.007211538461538462
2 0.6658653846153846 0.6129807692307693 0.028846153846153848 0.028846153846153848
2 0.6586538461538461 0.7019230769230769 0.04807692307692308 0.019230769230769232
1 0.65625 0.8137019230769231 0.009615384615384616 0.007211538461538462
1 0.65625 0.7704326923076923 0.009615384615384616 0.007211538461538462
1 0.6442307692307693 0.5408653846153846 0.009615384615384616 0.004807692307692308
2 0.6057692307692307 0.703125 0.057692307692307696 0.021634615384615384
2 0.5444711538461539 0.7019230769230769 0.04567307692307692 0.02403846153846154
2 0.4951923076923077 0.7331730769230769 0.004807692307692308 0.004807692307692308
2 0.4831730769230769 0.7331730769230769 0.004807692307692308 0.004807692307692308
1 0.46875 0.4675480769230769 0.009615384615384616 0.007211538461538462
1 0.46875 0.3954326923076923 0.009615384615384616 0.007211538461538462
2 0.4411057692307692 0.484375 0.007211538461538462 0.002403846153846154
1 0.4375 0.3641826923076923 0.009615384615384616 0.007211538461538462
1 0.37259615384615385 0.44471153846153844 0.009615384615384616 0.004807692307692308
2 0.3701923076923077 0.53125 0.009615384615384616 0.004807692307692308
1 0.3629807692307692 0.44350961538461536 0.009615384615384616 0.007211538461538462
2 0.3605769230769231 0.5264423076923077 0.004807692307692308 0.004807692307692308
1 0.3581730769230769 0.4519230769230769 0.009615384615384616 0.004807692307692308
2 0.3557692307692308 0.5264423076923077 0.004807692307692308 0.004807692307692308
1 0.35096153846153844 0.44350961538461536 0.009615384615384616 0.007211538461538462
1 0.33653846153846156 0.7728365384615384 0.009615384615384616 0.007211538461538462
1 0.33653846153846156 0.7908653846153846 0.009615384615384616 0.004807692307692308
1 0.33653846153846156 0.8161057692307693 0.009615384615384616 0.007211538461538462
1 0.33653846153846156 0.7824519230769231 0.009615384615384616 0.007211538461538462
1 0.33653846153846156 0.765625 0.009615384615384616 0.007211538461538462
1 0.3389423076923077 0.6694711538461539 0.009615384615384616 0.007211538461538462
1 0.33653846153846156 0.7331730769230769 0.009615384615384616 0.004807692307692308
1 0.33653846153846156 0.75 0.009615384615384616 0.004807692307692308
1 0.3389423076923077 0.6490384615384616 0.009615384615384616 0.004807692307692308
1 0.3389423076923077 0.6418269230769231 0.009615384615384616 0.004807692307692308
1 0.3389423076923077 0.65625 0.009615384615384616 0.004807692307692308
1 0.33653846153846156 0.6838942307692307 0.009615384615384616 0.007211538461538462
1 0.33413461538461536 0.8052884615384616 0.009615384615384616 0.004807692307692308
1 0.33653846153846156 0.625 0.009615384615384616 0.004807692307692308
1 0.33653846153846156 0.6177884615384616 0.009615384615384616 0.004807692307692308
2 0.32211538461538464 0.3629807692307692 0.004807692307692308 0.009615384615384616
1 0.3004807692307692 0.5637019230769231 0.009615384615384616 0.007211538461538462
2 0.2956730769230769 0.36538461538461536 0.004807692307692308 0.004807692307692308
1 0.2932692307692308 0.47716346153846156 0.009615384615384616 0.007211538461538462
1 0.2932692307692308 0.4855769230769231 0.009615384615384616 0.004807692307692308
1 0.29086538461538464 0.5637019230769231 0.009615384615384616 0.007211538461538462
2 0.29086538461538464 0.36538461538461536 0.004807692307692308 0.004807692307692308
2 0.28846153846153844 0.36538461538461536 0.004807692307692308 0.004807692307692308
2 0.28365384615384615 0.44350961538461536 0.009615384615384616 0.002403846153846154
2 0.28125 0.36538461538461536 0.004807692307692308 0.004807692307692308
1 0.2764423076923077 0.5637019230769231 0.009615384615384616 0.007211538461538462
1 0.2644230769230769 0.5588942307692307 0.009615384615384616 0.007211538461538462
1 0.2548076923076923 0.5576923076923077 0.009615384615384616 0.004807692307692308
1 0.24519230769230768 0.5552884615384616 0.009615384615384616 0.004807692307692308
1 0.23076923076923078 0.5552884615384616 0.009615384615384616 0.004807692307692308
1 0.21634615384615385 0.8137019230769231 0.009615384615384616 0.007211538461538462
1 0.21875 0.8064903846153846 0.009615384615384616 0.007211538461538462
1 0.21634615384615385 0.8209134615384616 0.009615384615384616 0.007211538461538462
1 0.21875 0.8016826923076923 0.009615384615384616 0.007211538461538462
1 0.21875 0.7944711538461539 0.009615384615384616 0.007211538461538462
1 0.21634615384615385 0.7872596153846154 0.009615384615384616 0.007211538461538462
1 0.21634615384615385 0.7608173076923077 0.009615384615384616 0.007211538461538462
1 0.21634615384615385 0.7728365384615384 0.009615384615384616 0.007211538461538462
1 0.21634615384615385 0.7391826923076923 0.009615384615384616 0.007211538461538462
1 0.21634615384615385 0.7800480769230769 0.009615384615384616 0.007211538461538462
1 0.21634615384615385 0.7463942307692307 0.009615384615384616 0.007211538461538462
1 0.21634615384615385 0.765625 0.009615384615384616 0.007211538461538462
1 0.21634615384615385 0.7536057692307693 0.009615384615384616 0.007211538461538462
1 0.21875 0.7319711538461539 0.009615384615384616 0.007211538461538462
1 0.21875 0.7271634615384616 0.009615384615384616 0.007211538461538462
1 0.21875 0.7127403846153846 0.009615384615384616 0.007211538461538462
1 0.21875 0.7199519230769231 0.009615384615384616 0.007211538461538462
1 0.21875 0.6742788461538461 0.009615384615384616 0.007211538461538462
1 0.21875 0.703125 0.009615384615384616 0.007211538461538462
1 0.21875 0.6814903846153846 0.009615384615384616 0.007211538461538462
1 0.21875 0.6959134615384616 0.009615384615384616 0.007211538461538462
1 0.21875 0.6887019230769231 0.009615384615384616 0.007211538461538462
1 0.21875 0.6694711538461539 0.009615384615384616 0.007211538461538462
1 0.21754807692307693 0.6358173076923077 0.01201923076923077 0.007211538461538462
1 0.21875 0.6550480769230769 0.009615384615384616 0.007211538461538462
1 0.21875 0.6286057692307693 0.009615384615384616 0.007211538461538462
1 0.21754807692307693 0.6622596153846154 0.01201923076923077 0.007211538461538462
1 0.21875 0.640625 0.009615384615384616 0.007211538461538462
1 0.21875 0.6213942307692307 0.009615384615384616 0.007211538461538462
1 0.21875 0.6478365384615384 0.009615384615384616 0.007211538461538462
1 0.20072115384615385 0.5444711538461539 0.01201923076923077 0.007211538461538462
1 0.18990384615384615 0.5444711538461539 0.009615384615384616 0.007211538461538462
1 0.18509615384615385 0.5733173076923077 0.009615384615384616 0.007211538461538462
1 0.18509615384615385 0.5865384615384616 0.009615384615384616 0.004807692307692308
1 0.18028846153846154 0.7271634615384616 0.009615384615384616 0.007211538461538462
1 0.17307692307692307 0.5877403846153846 0.009615384615384616 0.007211538461538462
1 0.17067307692307693 0.5649038461538461 0.009615384615384616 0.004807692307692308
1 0.17067307692307693 0.5757211538461539 0.009615384615384616 0.007211538461538462
1 0.16105769230769232 0.5649038461538461 0.009615384615384616 0.004807692307692308
2 0.7668269230769231 0.5456730769230769 0.004807692307692308 0.004807692307692308
1 0.7644230769230769 0.39903846153846156 0.009615384615384616 0.004807692307692308
2 0.7596153846153846 0.5769230769230769 0.004807692307692308 0.004807692307692308
2 0.7548076923076923 0.578125 0.004807692307692308 0.007211538461538462
2 0.75 0.578125 0.004807692307692308 0.007211538461538462
2 0.7451923076923077 0.578125 0.004807692307692308 0.007211538461538462
2 0.7403846153846154 0.44711538461538464 0.004807692307692308 0.004807692307692308
2 0.7379807692307693 0.5757211538461539 0.004807692307692308 0.007211538461538462
1 0.7307692307692307 0.8209134615384616 0.009615384615384616 0.007211538461538462
2 0.7307692307692307 0.4519230769230769 0.004807692307692308 0.004807692307692308
2 0.7211538461538461 0.8701923076923077 0.014423076923076924 0.004807692307692308
2 0.71875 0.8269230769230769 0.009615384615384616 0.004807692307692308
2 0.71875 0.8221153846153846 0.009615384615384616 0.004807692307692308
2 0.71875 0.8197115384615384 0.009615384615384616 0.004807692307692308
2 0.71875 0.8149038461538461 0.009615384615384616 0.004807692307692308
2 0.7259615384615384 0.4519230769230769 0.004807692307692308 0.004807692307692308
2 0.7211538461538461 0.5697115384615384 0.004807692307692308 0.004807692307692308
2 0.7211538461538461 0.3629807692307692 0.004807692307692308 0.004807692307692308
2 0.7211538461538461 0.3545673076923077 0.004807692307692308 0.007211538461538462
2 0.7139423076923077 0.8557692307692307 0.009615384615384616 0.004807692307692308
2 0.7139423076923077 0.8605769230769231 0.009615384615384616 0.004807692307692308
2 0.7139423076923077 0.8509615384615384 0.009615384615384616 0.004807692307692308
2 0.7139423076923077 0.8581730769230769 0.009615384615384616 0.004807692307692308
2 0.7163461538461539 0.5697115384615384 0.004807692307692308 0.004807692307692308
2 0.7115384615384616 0.6514423076923077 0.009615384615384616 0.004807692307692308
2 0.7115384615384616 0.6514423076923077 0.009615384615384616 0.004807692307692308
1 0.7091346153846154 0.8689903846153846 0.009615384615384616 0.007211538461538462
2 0.7079326923076923 0.8461538461538461 0.01201923076923077 0.004807692307692308
1 0.7067307692307693 0.8088942307692307 0.009615384615384616 0.007211538461538462
1 0.7091346153846154 0.4375 0.009615384615384616 0.004807692307692308
1 0.7019230769230769 0.6478365384615384 0.009615384615384616 0.007211538461538462
1 0.6971153846153846 0.4411057692307692 0.009615384615384616 0.007211538461538462
