1 0.6947115384615384 0.5336538461538461 0.009615384615384616 0.009615384615384616
1 0.6706730769230769 0.42788461538461536 0.009615384615384616 0.009615384615384616
1 0.6201923076923077 0.1466346153846154 0.009615384615384616 0.009615384615384616
2 0.6490384615384616 0.36538461538461536 0.03365384615384615 0.03365384615384615
2 0.6310096153846154 0.2800480769230769 0.05048076923076923 0.026442307692307692
1 0.6105769230769231 0.16826923076923078 0.009615384615384616 0.009615384615384616
1 0.6177884615384616 0.21153846153846154 0.009615384615384616 0.009615384615384616
1 0.6370192307692307 0.4411057692307692 0.009615384615384616 0.007211538461538462
2 0.578125 0.28725961538461536 0.06009615384615385 0.03125
2 0.5168269230769231 0.296875 0.04807692307692308 0.03125
2 0.46153846153846156 0.27163461538461536 0.004807692307692308 0.004807692307692308
2 0.4519230769230769 0.27403846153846156 0.004807692307692308 0.004807692307692308
1 0.47596153846153844 0.5384615384615384 0.009615384615384616 0.009615384615384616
1 0.4831730769230769 0.6081730769230769 0.009615384615384616 0.009615384615384616
2 0.44350961538461536 0.5252403846153846 0.007211538461538462 0.002403846153846154
1 0.4567307692307692 0.6442307692307693 0.009615384615384616 0.009615384615384616
1 0.38221153846153844 0.5733173076923077 0.009615384615384616 0.007211538461538462
2 0.36778846153846156 0.4891826923076923 0.009615384615384616 0.007211538461538462
1 0.3701923076923077 0.5769230769230769 0.009615384615384616 0.009615384615384616
2 0.3581730769230769 0.4951923076923077 0.004807692307692308 0.004807692307692308
1 0.36538461538461536 0.5685096153846154 0.009615384615384616 0.007211538461538462
2 0.35336538461538464 0.4951923076923077 0.004807692307692308 0.004807692307692308
1 0.3605769230769231 0.5769230769230769 0.009615384615384616 0.009615384615384616
1 0.3004807692307692 0.25240384615384615 0.009615384615384616 0.009615384615384616
1 0.2980769230769231 0.23677884615384615 0.009615384615384616 0.007211538461538462
1 0.2932692307692308 0.21153846153846154 0.009615384615384616 0.009615384615384616
1 0.3004807692307692 0.24519230769230768 0.009615384615384616 0.009615384615384616
1 0.30288461538461536 0.25961538461538464 0.009615384615384616 0.009615384615384616
1 0.3173076923076923 0.3557692307692308 0.009615384615384616 0.009615384615384616
1 0.30528846153846156 0.2920673076923077 0.009615384615384616 0.007211538461538462
1 0.30288461538461536 0.27524038461538464 0.009615384615384616 0.007211538461538462
1 0.31971153846153844 0.3762019230769231 0.009615384615384616 0.007211538461538462
1 0.31971153846153844 0.38341346153846156 0.009615384615384616 0.007211538461538462
1 0.3173076923076923 0.36899038461538464 0.009615384615384616 0.007211538461538462
1 0.31490384615384615 0.34375 0.009615384615384616 0.009615384615384616
1 0.2932692307692308 0.22235576923076922 0.009615384615384616 0.007211538461538462
1 0.32211538461538464 0.40024038461538464 0.009615384615384616 0.007211538461538462
1 0.32211538461538464 0.4074519230769231 0.009615384615384616 0.007211538461538462
2 0.3425480769230769 0.6610576923076923 0.007211538461538462 0.009615384615384616
1 0.2932692307692308 0.46634615384615385 0.009615384615384616 0.009615384615384616
2 0.3173076923076923 0.6634615384615384 0.004807692307692308 0.004807692307692308
1 0.3004807692307692 0.5528846153846154 0.009615384615384616 0.009615384615384616
1 0.2980769230769231 0.5444711538461539 0.009615384615384616 0.007211538461538462
1 0.2860576923076923 0.46875 0.009615384615384616 0.009615384615384616
2 0.3125 0.6634615384615384 0.004807692307692308 0.004807692307692308
2 0.3076923076923077 0.6658653846153846 0.004807692307692308 0.004807692307692308
2 0.2932692307692308 0.5889423076923077 0.009615384615384616 0.004807692307692308
2 0.30288461538461536 0.6658653846153846 0.004807692307692308 0.004807692307692308
1 0.2692307692307692 0.47115384615384615 0.009615384615384616 0.009615384615384616
1 0.25961538461538464 0.47596153846153844 0.009615384615384616 0.009615384615384616
1 0.25 0.47716346153846156 0.009615384615384616 0.007211538461538462
1 0.2403846153846154 0.48197115384615385 0.009615384615384616 0.007211538461538462
1 0.22596153846153846 0.484375 0.009615384615384616 0.007211538461538462
1 0.17548076923076922 0.2283653846153846 0.009615384615384616 0.009615384615384616
1 0.1778846153846154 0.23557692307692307 0.009615384615384616 0.009615384615384616
1 0.17548076923076922 0.22355769230769232 0.009615384615384616 0.009615384615384616
1 0.1778846153846154 0.24278846153846154 0.009615384615384616 0.009615384615384616
1 0.18028846153846154 0.25 0.009615384615384616 0.009615384615384616
1 0.18028846153846154 0.25721153846153844 0.009615384615384616 0.009615384615384616
1 0.18269230769230768 0.28365384615384615 0.009615384615384616 0.009615384615384616
1 0.18269230769230768 0.2692307692307692 0.009615384615384616 0.009615384615384616
1 0.1875 0.30288461538461536 0.009615384615384616 0.009615384615384616
1 0.18028846153846154 0.2620192307692308 0.009615384615384616 0.009615384615384616
1 0.18509615384615385 0.2956730769230769 0.009615384615384616 0.009615384615384616
1 0.18269230769230768 0.2764423076923077 0.009615384615384616 0.009615384615384616
1 0.18509615384615385 0.29086538461538464 0.009615384615384616 0.009615384615384616
1 0.1875 0.31009615384615385 0.009615384615384616 0.009615384615384616
1 0.18990384615384615 0.3173076923076923 0.009615384615384616 0.009615384615384616
1 0.19230769230769232 0.3293269230769231 0.009615384615384616 0.009615384615384616
1 0.18990384615384615 0.3245192307692308 0.009615384615384616 0.009615384615384616
1 0.1971153846153846 0.36778846153846156 0.009615384615384616 0.009615384615384616
1 0.19230769230769232 0.3401442307692308 0.009615384615384616 0.007211538461538462
1 0.1971153846153846 0.3605769230769231 0.009615384615384616 0.009615384615384616
1 0.19471153846153846 0.34615384615384615 0.009615384615384616 0.009615384615384616
1 0.19471153846153846 0.35336538461538464 0.009615384615384616 0.009615384615384616
1 0.1971153846153846 0.37259615384615385 0.009615384615384616 0.009615384615384616
1 0.203125 0.40625 0.01201923076923077 0.009615384615384616
1 0.19951923076923078 0.3870192307692308 0.009615384615384616 0.009615384615384616
1 0.20432692307692307 0.41346153846153844 0.009615384615384616 0.009615384615384616
1 0.19831730769230768 0.3798076923076923 0.01201923076923077 0.009615384615384616
1 0.20192307692307693 0.4014423076923077 0.009615384615384616 0.009615384615384616
1 0.20432692307692307 0.4206730769230769 0.009615384615384616 0.009615384615384616
1 0.19951923076923078 0.3942307692307692 0.009615384615384616 0.009615384615384616
1 0.19831730769230768 0.5 0.01201923076923077 0.009615384615384616
1 0.1875 0.5024038461538461 0.009615384615384616 0.009615384615384616
1 0.1778846153846154 0.47115384615384615 0.009615384615384616 0.009615384615384616
1 0.17548076923076922 0.4579326923076923 0.009615384615384616 0.007211538461538462
1 0.15144230769230768 0.31971153846153844 0.009615384615384616 0.009615384615384616
1 0.16346153846153846 0.45913461538461536 0.009615384615384616 0.009615384615384616
1 0.16346153846153846 0.48197115384615385 0.009615384615384616 0.007211538461538462
1 0.16346153846153846 0.4735576923076923 0.009615384615384616 0.009615384615384616
1 0.15384615384615385 0.484375 0.009615384615384616 0.007211538461538462
2 0.7572115384615384 0.4206730769230769 0.004807692307692308 0.004807692307692308
1 0.7764423076923077 0.5637019230769231 0.009615384615384616 0.007211538461538462
2 0.7475961538461539 0.3894230769230769 0.004807692307692308 0.004807692307692308
2 0.7427884615384616 0.38822115384615385 0.004807692307692308 0.007211538461538462
2 0.7355769230769231 0.390625 0.004807692307692308 0.007211538461538462
2 0.7307692307692307 0.390625 0.004807692307692308 0.007211538461538462
2 0.7451923076923077 0.5192307692307693 0.004807692307692308 0.004807692307692308
2 0.7259615384615384 0.39302884615384615 0.004807692307692308 0.007211538461538462
1 0.6826923076923077 0.15144230769230768 0.009615384615384616 0.009615384615384616
2 0.7355769230769231 0.5168269230769231 0.004807692307692308 0.004807692307692308
2 0.6658653846153846 0.1045673076923077 0.014423076923076924 0.007211538461538462
2 0.6730769230769231 0.14783653846153846 0.009615384615384616 0.007211538461538462
2 0.6730769230769231 0.1502403846153846 0.009615384615384616 0.007211538461538462
2 0.6730769230769231 0.15504807692307693 0.009615384615384616 0.007211538461538462
2 0.6730769230769231 0.15745192307692307 0.009615384615384616 0.007211538461538462
2 0.7307692307692307 0.5168269230769231 0.004807692307692308 0.004807692307692308
2 0.7091346153846154 0.4014423076923077 0.004807692307692308 0.004807692307692308
2 0.7379807692307693 0.6057692307692307 0.004807692307692308 0.004807692307692308
2 0.7403846153846154 0.6141826923076923 0.004807692307692308 0.007211538461538462
2 0.6610576923076923 0.11899038461538461 0.009615384615384616 0.007211538461538462
2 0.6610576923076923 0.1141826923076923 0.009615384615384616 0.007211538461538462
2 0.6634615384615384 0.12379807692307693 0.009615384615384616 0.007211538461538462
2 0.6610576923076923 0.11658653846153846 0.009615384615384616 0.007211538461538462
2 0.7043269230769231 0.4014423076923077 0.004807692307692308 0.004807692307692308
2 0.6899038461538461 0.32091346153846156 0.009615384615384616 0.007211538461538462
2 0.6899038461538461 0.32091346153846156 0.009615384615384616 0.007211538461538462
1 0.6538461538461539 0.10817307692307693 0.009615384615384616 0.009615384615384616
2 0.6574519230769231 0.12860576923076922 0.01201923076923077 0.007211538461538462
1 0.6610576923076923 0.1658653846153846 0.009615384615384616 0.009615384615384616
1 0.7139423076923077 0.5324519230769231 0.009615384615384616 0.007211538461538462
1 0.6778846153846154 0.3269230769230769 0.009615384615384616 0.009615384615384616
1 0.7019230769230769 0.53125 0.009615384615384616 0.009615384615384616
