2 0.3389423076923077 0.5012019230769231 0.028846153846153848 0.03125
2 0.3629807692307692 0.5276442307692307 0.02403846153846154 0.016826923076923076
2 0.4495192307692308 0.4338942307692308 0.004807692307692308 0.007211538461538462
2 0.46153846153846156 0.44471153846153844 0.009615384615384616 0.004807692307692308
1 0.5817307692307693 0.5336538461538461 0.009615384615384616 0.004807692307692308
1 0.6298076923076923 0.5733173076923077 0.009615384615384616 0.007211538461538462
1 0.6442307692307693 0.4519230769230769 0.009615384615384616 0.004807692307692308
1 0.6394230769230769 0.5721153846153846 0.009615384615384616 0.004807692307692308
1 0.65625 0.4338942307692308 0.009615384615384616 0.007211538461538462
1 0.6947115384615384 0.5120192307692307 0.009615384615384616 0.004807692307692308
1 0.7019230769230769 0.5228365384615384 0.009615384615384616 0.007211538461538462
1 0.7692307692307693 0.30288461538461536 0.009615384615384616 0.004807692307692308
1 0.78125 0.30288461538461536 0.009615384615384616 0.004807692307692308
1 0.7836538461538461 0.3798076923076923 0.009615384615384616 0.004807692307692308
1 0.7932692307692307 0.3870192307692308 0.009615384615384616 0.004807692307692308
1 0.8028846153846154 0.3870192307692308 0.009615384615384616 0.004807692307692308
1 0.8125 0.4855769230769231 0.009615384615384616 0.004807692307692308
1 0.8245192307692307 0.3293269230769231 0.009615384615384616 0.004807692307692308
2 0.8557692307692307 0.5721153846153846 0.004807692307692308 0.004807692307692308
1 0.8581730769230769 0.5769230769230769 0.009615384615384616 0.004807692307692308
2 0.8605769230769231 0.5697115384615384 0.004807692307692308 0.004807692307692308
2 0.8629807692307693 0.5697115384615384 0.004807692307692308 0.004807692307692308
2 0.8786057692307693 0.36538461538461536 0.007211538461538462 0.009615384615384616
2 0.8677884615384616 0.5721153846153846 0.004807692307692308 0.004807692307692308
2 0.875 0.5192307692307693 0.014423076923076924 0.004807692307692308
2 0.8870192307692307 0.36538461538461536 0.004807692307692308 0.009615384615384616
2 0.13221153846153846 0.22235576923076922 0.028846153846153848 0.016826923076923076
2 0.1201923076923077 0.53125 0.004807692307692308 0.009615384615384616
2 0.29447115384615385 0.49759615384615385 0.055288461538461536 0.02403846153846154
