1 0.6634615384615384 0.26802884615384615 0.009615384615384616 0.007211538461538462
1 0.6971153846153846 0.5444711538461539 0.009615384615384616 0.007211538461538462
1 0.65625 0.26322115384615385 0.009615384615384616 0.007211538461538462
1 0.6586538461538461 0.30649038461538464 0.009615384615384616 0.007211538461538462
1 0.6490384615384616 0.2704326923076923 0.009615384615384616 0.007211538461538462
1 0.6658653846153846 0.40024038461538464 0.009615384615384616 0.007211538461538462
1 0.6706730769230769 0.4651442307692308 0.009615384615384616 0.007211538461538462
1 0.6394230769230769 0.265625 0.009615384615384616 0.007211538461538462
1 0.6394230769230769 0.3088942307692308 0.009615384615384616 0.007211538461538462
1 0.6322115384615384 0.27283653846153844 0.009615384615384616 0.007211538461538462
2 0.6634615384615384 0.5444711538461539 0.009615384615384616 0.007211538461538462
2 0.6634615384615384 0.5408653846153846 0.009615384615384616 0.004807692307692308
2 0.6634615384615384 0.546875 0.009615384615384616 0.007211538461538462
1 0.6225961538461539 0.27283653846153844 0.009615384615384616 0.007211538461538462
1 0.625 0.3137019230769231 0.009615384615384616 0.007211538461538462
1 0.6466346153846154 0.4675480769230769 0.009615384615384616 0.007211538461538462
1 0.6129807692307693 0.27524038461538464 0.009615384615384616 0.007211538461538462
2 0.6310096153846154 0.48197115384615385 0.007211538461538462 0.002403846153846154
1 0.6009615384615384 0.2776442307692308 0.009615384615384616 0.007211538461538462
1 0.6057692307692307 0.3137019230769231 0.009615384615384616 0.007211538461538462
1 0.6225961538461539 0.4723557692307692 0.009615384615384616 0.007211538461538462
1 0.5913461538461539 0.2800480769230769 0.009615384615384616 0.007211538461538462
2 0.6141826923076923 0.5 0.007211538461538462 0.009615384615384616
1 0.5793269230769231 0.2800480769230769 0.009615384615384616 0.007211538461538462
2 0.5997596153846154 0.5540865384615384 0.01201923076923077 0.007211538461538462
2 0.59375 0.5168269230769231 0.04326923076923077 0.04326923076923077
2 0.5889423076923077 0.5480769230769231 0.004807692307692308 0.004807692307692308
1 0.5552884615384616 0.32091346153846156 0.009615384615384616 0.007211538461538462
2 0.5841346153846154 0.5504807692307693 0.004807692307692308 0.004807692307692308
1 0.5432692307692307 0.2848557692307692 0.009615384615384616 0.007211538461538462
2 0.5709134615384616 0.5588942307692307 0.007211538461538462 0.002403846153846154
2 0.5721153846153846 0.5552884615384616 0.009615384615384616 0.004807692307692308
1 0.5336538461538461 0.28725961538461536 0.009615384615384616 0.007211538461538462
1 0.5288461538461539 0.32572115384615385 0.009615384615384616 0.007211538461538462
1 0.5216346153846154 0.28966346153846156 0.009615384615384616 0.007211538461538462
1 0.5600961538461539 0.5733173076923077 0.009615384615384616 0.007211538461538462
1 0.5120192307692307 0.28966346153846156 0.009615384615384616 0.007211538461538462
2 0.5384615384615384 0.546875 0.009615384615384616 0.007211538461538462
1 0.5024038461538461 0.2920673076923077 0.009615384615384616 0.007211538461538462
1 0.5024038461538461 0.33052884615384615 0.009615384615384616 0.007211538461538462
1 0.49038461538461536 0.2920673076923077 0.009615384615384616 0.007211538461538462
1 0.4807692307692308 0.29447115384615385 0.009615384615384616 0.007211538461538462
1 0.4807692307692308 0.3329326923076923 0.009615384615384616 0.007211538461538462
1 0.46875 0.296875 0.009615384615384616 0.007211538461538462
2 0.4951923076923077 0.4879807692307692 0.004807692307692308 0.004807692307692308
1 0.47115384615384615 0.33533653846153844 0.009615384615384616 0.007211538461538462
1 0.45913461538461536 0.296875 0.009615384615384616 0.007211538461538462
1 0.4519230769230769 0.33774038461538464 0.009615384615384616 0.007211538461538462
1 0.44471153846153844 0.29927884615384615 0.009615384615384616 0.007211538461538462
1 0.4423076923076923 0.3401442307692308 0.009615384615384616 0.007211538461538462
1 0.43028846153846156 0.3016826923076923 0.009615384615384616 0.007211538461538462
1 0.41947115384615385 0.30408653846153844 0.01201923076923077 0.007211538461538462
1 0.4230769230769231 0.3425480769230769 0.009615384615384616 0.007211538461538462
1 0.4567307692307692 0.5853365384615384 0.009615384615384616 0.007211538461538462
1 0.4423076923076923 0.484375 0.009615384615384616 0.007211538461538462
1 0.4423076923076923 0.5805288461538461 0.009615384615384616 0.007211538461538462
2 0.40384615384615385 0.6033653846153846 0.009615384615384616 0.004807692307692308
2 0.40384615384615385 0.6009615384615384 0.009615384615384616 0.004807692307692308
2 0.4014423076923077 0.5985576923076923 0.009615384615384616 0.004807692307692308
1 0.34134615384615385 0.4050480769230769 0.009615384615384616 0.007211538461538462
1 0.31971153846153844 0.31971153846153844 0.009615384615384616 0.009615384615384616
1 0.31850961538461536 0.3137019230769231 0.01201923076923077 0.01201923076923077
1 0.31490384615384615 0.2956730769230769 0.009615384615384616 0.009615384615384616
1 0.3173076923076923 0.30528846153846156 0.009615384615384616 0.009615384615384616
1 0.3269230769230769 0.3713942307692308 0.009615384615384616 0.007211538461538462
1 0.3293269230769231 0.41225961538461536 0.009615384615384616 0.007211538461538462
1 0.30528846153846156 0.3125 0.009615384615384616 0.009615384615384616
1 0.3004807692307692 0.2956730769230769 0.009615384615384616 0.009615384615384616
1 0.30528846153846156 0.31971153846153844 0.009615384615384616 0.009615384615384616
1 0.30288461538461536 0.30528846153846156 0.009615384615384616 0.009615384615384616
1 0.30528846153846156 0.3737980769230769 0.009615384615384616 0.007211538461538462
1 0.28365384615384615 0.29447115384615385 0.009615384615384616 0.007211538461538462
1 0.2848557692307692 0.3016826923076923 0.01201923076923077 0.007211538461538462
1 0.29086538461538464 0.40625 0.009615384615384616 0.009615384615384616
1 0.27403846153846156 0.296875 0.009615384615384616 0.007211538461538462
1 0.28365384615384615 0.3713942307692308 0.009615384615384616 0.007211538461538462
1 0.27163461538461536 0.30649038461538464 0.009615384615384616 0.007211538461538462
1 0.28125 0.39663461538461536 0.009615384615384616 0.009615384615384616
1 0.2764423076923077 0.38100961538461536 0.009615384615384616 0.007211538461538462
1 0.28125 0.4423076923076923 0.009615384615384616 0.009615384615384616
1 0.2668269230769231 0.3737980769230769 0.009615384615384616 0.007211538461538462
1 0.23076923076923078 0.3088942307692308 0.009615384615384616 0.007211538461538462
1 0.25721153846153844 0.5432692307692307 0.009615384615384616 0.009615384615384616
1 0.2548076923076923 0.5372596153846154 0.009615384615384616 0.007211538461538462
1 0.25 0.4891826923076923 0.009615384615384616 0.007211538461538462
1 0.25 0.4963942307692308 0.009615384615384616 0.007211538461538462
1 0.21153846153846154 0.31850961538461536 0.009615384615384616 0.007211538461538462
1 0.21634615384615385 0.3870192307692308 0.009615384615384616 0.009615384615384616
2 0.21394230769230768 0.36538461538461536 0.009615384615384616 0.004807692307692308
1 0.18990384615384615 0.34615384615384615 0.009615384615384616 0.009615384615384616
1 0.18990384615384615 0.42788461538461536 0.009615384615384616 0.009615384615384616
1 0.1875 0.4206730769230769 0.009615384615384616 0.009615384615384616
2 0.21995192307692307 0.6502403846153846 0.01201923076923077 0.007211538461538462
2 0.1814903846153846 0.39302884615384615 0.01201923076923077 0.007211538461538462
1 0.21394230769230768 0.6322115384615384 0.009615384615384616 0.009615384615384616
1 0.21153846153846154 0.625 0.009615384615384616 0.009615384615384616
1 0.1971153846153846 0.6418269230769231 0.009615384615384616 0.009615384615384616
2 0.8088942307692307 0.5432692307692307 0.007211538461538462 0.009615384615384616
1 0.7956730769230769 0.5372596153846154 0.009615384615384616 0.007211538461538462
2 0.7800480769230769 0.47115384615384615 0.05048076923076923 0.028846153846153848
1 0.7788461538461539 0.49759615384615385 0.009615384615384616 0.009615384615384616
1 0.7451923076923077 0.34375 0.009615384615384616 0.009615384615384616
1 0.7451923076923077 0.33653846153846156 0.009615384615384616 0.009615384615384616
1 0.7415865384615384 0.33052884615384615 0.007211538461538462 0.007211538461538462
1 0.7379807692307693 0.33653846153846156 0.004807692307692308 0.004807692307692308
1 0.7355769230769231 0.34375 0.009615384615384616 0.009615384615384616
1 0.7355769230769231 0.3389423076923077 0.004807692307692308 0.004807692307692308
1 0.7259615384615384 0.34615384615384615 0.009615384615384616 0.009615384615384616
1 0.7199519230769231 0.29927884615384615 0.01201923076923077 0.007211538461538462
1 0.7524038461538461 0.5348557692307693 0.009615384615384616 0.007211538461538462
1 0.7379807692307693 0.45552884615384615 0.009615384615384616 0.007211538461538462
1 0.7091346153846154 0.2608173076923077 0.009615384615384616 0.007211538461538462
1 0.7019230769230769 0.25600961538461536 0.009615384615384616 0.007211538461538462
1 0.7091346153846154 0.3473557692307692 0.009615384615384616 0.007211538461538462
1 0.7019230769230769 0.3016826923076923 0.009615384615384616 0.007211538461538462
1 0.6923076923076923 0.26322115384615385 0.009615384615384616 0.007211538461538462
1 0.6899038461538461 0.3016826923076923 0.009615384615384616 0.007211538461538462
1 0.6826923076923077 0.26322115384615385 0.009615384615384616 0.007211538461538462
1 0.71875 0.5396634615384616 0.009615384615384616 0.007211538461538462
1 0.7079326923076923 0.5420673076923077 0.01201923076923077 0.007211538461538462
1 0.6730769230769231 0.30649038461538464 0.009615384615384616 0.007211538461538462
