1 0.6394230769230769 0.2512019230769231 0.009615384615384616 0.007211538461538462
1 0.6995192307692307 0.5228365384615384 0.009615384615384616 0.007211538461538462
1 0.6298076923076923 0.24879807692307693 0.009615384615384616 0.007211538461538462
1 0.6370192307692307 0.2920673076923077 0.009615384615384616 0.007211538461538462
1 0.625 0.25600961538461536 0.009615384615384616 0.007211538461538462
1 0.6538461538461539 0.38341346153846156 0.009615384615384616 0.007211538461538462
1 0.6658653846153846 0.44591346153846156 0.009615384615384616 0.007211538461538462
1 0.6153846153846154 0.2536057692307692 0.009615384615384616 0.007211538461538462
1 0.6201923076923077 0.296875 0.009615384615384616 0.007211538461538462
1 0.6081730769230769 0.25841346153846156 0.009615384615384616 0.007211538461538462
2 0.6658653846153846 0.5252403846153846 0.009615384615384616 0.007211538461538462
2 0.6658653846153846 0.5240384615384616 0.009615384615384616 0.004807692307692308
2 0.6682692307692307 0.5276442307692307 0.009615384615384616 0.007211538461538462
1 0.5985576923076923 0.2608173076923077 0.009615384615384616 0.007211538461538462
1 0.6057692307692307 0.3016826923076923 0.009615384615384616 0.007211538461538462
1 0.6418269230769231 0.453125 0.009615384615384616 0.007211538461538462
1 0.5889423076923077 0.265625 0.009615384615384616 0.007211538461538462
2 0.6286057692307693 0.46634615384615385 0.007211538461538462 0.004807692307692308
1 0.5769230769230769 0.26802884615384615 0.009615384615384616 0.007211538461538462
1 0.5865384615384616 0.30408653846153844 0.009615384615384616 0.007211538461538462
1 0.6177884615384616 0.4579326923076923 0.009615384615384616 0.007211538461538462
1 0.5673076923076923 0.2704326923076923 0.009615384615384616 0.007211538461538462
2 0.6117788461538461 0.4879807692307692 0.007211538461538462 0.009615384615384616
1 0.5576923076923077 0.27283653846153844 0.009615384615384616 0.007211538461538462
2 0.6045673076923077 0.5420673076923077 0.01201923076923077 0.007211538461538462
2 0.5949519230769231 0.5084134615384616 0.04567307692307692 0.04567307692307692
2 0.59375 0.5384615384615384 0.004807692307692308 0.004807692307692308
1 0.5360576923076923 0.3161057692307692 0.009615384615384616 0.007211538461538462
2 0.5889423076923077 0.5408653846153846 0.004807692307692308 0.004807692307692308
1 0.5216346153846154 0.2824519230769231 0.009615384615384616 0.007211538461538462
2 0.578125 0.5504807692307693 0.007211538461538462 0.004807692307692308
2 0.5769230769230769 0.5480769230769231 0.009615384615384616 0.004807692307692308
1 0.5096153846153846 0.2848557692307692 0.009615384615384616 0.007211538461538462
1 0.5096153846153846 0.32572115384615385 0.009615384615384616 0.007211538461538462
1 0.5 0.28725961538461536 0.009615384615384616 0.007211538461538462
1 0.5673076923076923 0.5661057692307693 0.009615384615384616 0.007211538461538462
1 0.49038461538461536 0.28966346153846156 0.009615384615384616 0.007211538461538462
2 0.5432692307692307 0.5420673076923077 0.009615384615384616 0.007211538461538462
1 0.4807692307692308 0.2920673076923077 0.009615384615384616 0.007211538461538462
1 0.4855769230769231 0.33052884615384615 0.009615384615384616 0.007211538461538462
1 0.46875 0.29447115384615385 0.009615384615384616 0.007211538461538462
1 0.45913461538461536 0.296875 0.009615384615384616 0.007211538461538462
1 0.4639423076923077 0.33533653846153844 0.009615384615384616 0.007211538461538462
1 0.44711538461538464 0.3016826923076923 0.009615384615384616 0.007211538461538462
2 0.49278846153846156 0.4879807692307692 0.004807692307692308 0.004807692307692308
1 0.4519230769230769 0.3401442307692308 0.009615384615384616 0.007211538461538462
1 0.4375 0.30408653846153844 0.009615384615384616 0.007211538461538462
1 0.43509615384615385 0.3425480769230769 0.009615384615384616 0.007211538461538462
1 0.4254807692307692 0.30649038461538464 0.009615384615384616 0.007211538461538462
1 0.4254807692307692 0.3449519230769231 0.009615384615384616 0.007211538461538462
1 0.4110576923076923 0.3088942307692308 0.009615384615384616 0.007211538461538462
1 0.40024038461538464 0.3137019230769231 0.01201923076923077 0.007211538461538462
1 0.40625 0.34975961538461536 0.009615384615384616 0.007211538461538462
1 0.46634615384615385 0.5901442307692307 0.009615384615384616 0.007211538461538462
1 0.43990384615384615 0.4891826923076923 0.009615384615384616 0.007211538461538462
1 0.4495192307692308 0.5877403846153846 0.009615384615384616 0.007211538461538462
2 0.41586538461538464 0.6129807692307693 0.009615384615384616 0.004807692307692308
2 0.41346153846153844 0.6105769230769231 0.009615384615384616 0.004807692307692308
2 0.41346153846153844 0.6081730769230769 0.009615384615384616 0.004807692307692308
1 0.3317307692307692 0.421875 0.009615384615384616 0.007211538461538462
1 0.3016826923076923 0.34134615384615385 0.01201923076923077 0.009615384615384616
1 0.29927884615384615 0.3329326923076923 0.01201923076923077 0.01201923076923077
1 0.29447115384615385 0.3173076923076923 0.01201923076923077 0.009615384615384616
1 0.296875 0.3245192307692308 0.01201923076923077 0.009615384615384616
1 0.3125 0.390625 0.009615384615384616 0.007211538461538462
1 0.32211538461538464 0.42908653846153844 0.009615384615384616 0.007211538461538462
1 0.2848557692307692 0.33413461538461536 0.01201923076923077 0.009615384615384616
1 0.2800480769230769 0.3173076923076923 0.01201923076923077 0.009615384615384616
1 0.28725961538461536 0.34134615384615385 0.01201923076923077 0.009615384615384616
1 0.2824519230769231 0.3293269230769231 0.01201923076923077 0.009615384615384616
1 0.2932692307692308 0.3954326923076923 0.009615384615384616 0.007211538461538462
1 0.2644230769230769 0.31850961538461536 0.009615384615384616 0.007211538461538462
1 0.265625 0.32572115384615385 0.01201923076923077 0.007211538461538462
1 0.2824519230769231 0.42788461538461536 0.01201923076923077 0.009615384615384616
1 0.2548076923076923 0.32091346153846156 0.009615384615384616 0.007211538461538462
1 0.27163461538461536 0.3954326923076923 0.009615384615384616 0.007211538461538462
1 0.25240384615384615 0.33052884615384615 0.009615384615384616 0.007211538461538462
1 0.2704326923076923 0.4206730769230769 0.01201923076923077 0.009615384615384616
1 0.2644230769230769 0.4050480769230769 0.009615384615384616 0.007211538461538462
1 0.27524038461538464 0.4639423076923077 0.01201923076923077 0.009615384615384616
1 0.2548076923076923 0.40024038461538464 0.009615384615384616 0.007211538461538462
1 0.21153846153846154 0.33774038461538464 0.009615384615384616 0.007211538461538462
1 0.26322115384615385 0.5697115384615384 0.01201923076923077 0.009615384615384616
1 0.25961538461538464 0.5612980769230769 0.009615384615384616 0.007211538461538462
1 0.25 0.515625 0.009615384615384616 0.007211538461538462
1 0.25 0.5228365384615384 0.009615384615384616 0.007211538461538462
1 0.19471153846153846 0.34975961538461536 0.009615384615384616 0.007211538461538462
1 0.20793269230769232 0.41586538461538464 0.01201923076923077 0.009615384615384616
2 0.19951923076923078 0.39663461538461536 0.009615384615384616 0.004807692307692308
1 0.17668269230769232 0.37740384615384615 0.01201923076923077 0.009615384615384616
1 0.18389423076923078 0.46153846153846156 0.01201923076923077 0.009615384615384616
1 0.1814903846153846 0.4543269230769231 0.01201923076923077 0.009615384615384616
2 0.23677884615384615 0.6766826923076923 0.01201923076923077 0.007211538461538462
2 0.171875 0.4266826923076923 0.01201923076923077 0.007211538461538462
1 0.22956730769230768 0.6610576923076923 0.01201923076923077 0.009615384615384616
1 0.2247596153846154 0.6538461538461539 0.01201923076923077 0.009615384615384616
1 0.2127403846153846 0.6730769230769231 0.01201923076923077 0.009615384615384616
2 0.8137019230769231 0.5096153846153846 0.007211538461538462 0.009615384615384616
1 0.7956730769230769 0.5060096153846154 0.009615384615384616 0.007211538461538462
2 0.7740384615384616 0.43990384615384615 0.052884615384615384 0.03365384615384615
1 0.7776442307692307 0.46634615384615385 0.01201923076923077 0.009615384615384616
1 0.7271634615384616 0.31971153846153844 0.01201923076923077 0.009615384615384616
1 0.7271634615384616 0.3125 0.01201923076923077 0.009615384615384616
1 0.7235576923076923 0.30528846153846156 0.009615384615384616 0.009615384615384616
1 0.71875 0.3125 0.004807692307692308 0.004807692307692308
1 0.7175480769230769 0.31971153846153844 0.01201923076923077 0.009615384615384616
1 0.7163461538461539 0.31490384615384615 0.004807692307692308 0.004807692307692308
1 0.7079326923076923 0.32211538461538464 0.01201923076923077 0.009615384615384616
1 0.6983173076923077 0.2776442307692308 0.01201923076923077 0.007211538461538462
1 0.7548076923076923 0.5084134615384616 0.009615384615384616 0.007211538461538462
1 0.7307692307692307 0.43149038461538464 0.009615384615384616 0.007211538461538462
1 0.6826923076923077 0.24158653846153846 0.009615384615384616 0.007211538461538462
1 0.6754807692307693 0.23677884615384615 0.009615384615384616 0.007211538461538462
1 0.6899038461538461 0.32572115384615385 0.009615384615384616 0.007211538461538462
1 0.6778846153846154 0.2824519230769231 0.009615384615384616 0.007211538461538462
1 0.6682692307692307 0.2439903846153846 0.009615384615384616 0.007211538461538462
1 0.6682692307692307 0.2848557692307692 0.009615384615384616 0.007211538461538462
1 0.65625 0.2439903846153846 0.009615384615384616 0.007211538461538462
1 0.7211538461538461 0.5180288461538461 0.009615384615384616 0.007211538461538462
1 0.7103365384615384 0.5204326923076923 0.01201923076923077 0.007211538461538462
1 0.6514423076923077 0.28966346153846156 0.009615384615384616 0.007211538461538462
