1 0.5420673076923077 0.3629807692307692 0.007211538461538462 0.009615384615384616
1 0.5444711538461539 0.37259615384615385 0.007211538461538462 0.009615384615384616
1 0.5456730769230769 0.38341346153846156 0.004807692307692308 0.007211538461538462
1 0.5192307692307693 0.41346153846153844 0.009615384615384616 0.009615384615384616
1 0.4483173076923077 0.4254807692307692 0.007211538461538462 0.009615384615384616
1 0.5240384615384616 0.4110576923076923 0.009615384615384616 0.009615384615384616
1 0.5108173076923077 0.41346153846153844 0.007211538461538462 0.009615384615384616
1 0.5012019230769231 0.41586538461538464 0.007211538461538462 0.009615384615384616
1 0.5288461538461539 0.4110576923076923 0.009615384615384616 0.009615384615384616
1 0.5444711538461539 0.4110576923076923 0.007211538461538462 0.009615384615384616
1 0.48677884615384615 0.4206730769230769 0.007211538461538462 0.009615384615384616
1 0.5372596153846154 0.4110576923076923 0.007211538461538462 0.009615384615384616
1 0.3858173076923077 0.43990384615384615 0.007211538461538462 0.009615384615384616
1 0.39302884615384615 0.44711538461538464 0.007211538461538462 0.009615384615384616
1 0.38341346153846156 0.4495192307692308 0.007211538461538462 0.009615384615384616
1 0.546875 0.4230769230769231 0.007211538461538462 0.009615384615384616
1 0.5721153846153846 0.4182692307692308 0.009615384615384616 0.009615384615384616
1 0.5793269230769231 0.4182692307692308 0.009615384615384616 0.009615384615384616
1 0.5925480769230769 0.41586538461538464 0.007211538461538462 0.009615384615384616
0 0.6105769230769231 0.421875 0.019230769230769232 0.007211538461538462
1 0.5492788461538461 0.4326923076923077 0.007211538461538462 0.009615384615384616
0 0.6105769230769231 0.42908653846153844 0.019230769230769232 0.007211538461538462
1 0.6117788461538461 0.4375 0.007211538461538462 0.009615384615384616
1 0.6033653846153846 0.4375 0.009615384615384616 0.009615384615384616
1 0.5492788461538461 0.4855769230769231 0.007211538461538462 0.009615384615384616
1 0.44350961538461536 0.5072115384615384 0.007211538461538462 0.009615384615384616
1 0.28725961538461536 0.5817307692307693 0.007211538461538462 0.009615384615384616
1 0.5372596153846154 0.5432692307692307 0.007211538461538462 0.009615384615384616
2 0.29086538461538464 0.6995192307692307 0.03365384615384615 0.028846153846153848
2 0.578125 0.24519230769230768 0.026442307692307692 0.014423076923076924
