1 0.7283653846153846 0.671875 0.009615384615384616 0.007211538461538462
1 0.6754807692307693 0.40024038461538464 0.009615384615384616 0.007211538461538462
1 0.7235576923076923 0.6790865384615384 0.009615384615384616 0.007211538461538462
1 0.7091346153846154 0.6358173076923077 0.009615384615384616 0.007211538461538462
1 0.7139423076923077 0.6742788461538461 0.009615384615384616 0.007211538461538462
1 0.6899038461538461 0.5444711538461539 0.009615384615384616 0.007211538461538462
1 0.6730769230769231 0.48197115384615385 0.009615384615384616 0.007211538461538462
1 0.7067307692307693 0.6814903846153846 0.009615384615384616 0.007211538461538462
1 0.6923076923076923 0.6382211538461539 0.009615384615384616 0.007211538461538462
1 0.6971153846153846 0.6766826923076923 0.009615384615384616 0.007211538461538462
2 0.6418269230769231 0.4098557692307692 0.009615384615384616 0.007211538461538462
2 0.6418269230769231 0.4110576923076923 0.009615384615384616 0.004807692307692308
2 0.6418269230769231 0.4074519230769231 0.009615384615384616 0.007211538461538462
1 0.6875 0.6790865384615384 0.009615384615384616 0.007211538461538462
1 0.6778846153846154 0.640625 0.009615384615384616 0.007211538461538462
1 0.6490384615384616 0.48677884615384615 0.009615384615384616 0.007211538461538462
1 0.6754807692307693 0.6814903846153846 0.009615384615384616 0.007211538461538462
2 0.6310096153846154 0.47836538461538464 0.007211538461538462 0.004807692307692308
1 0.6658653846153846 0.6814903846153846 0.009615384615384616 0.007211538461538462
1 0.6586538461538461 0.6454326923076923 0.009615384615384616 0.007211538461538462
1 0.625 0.49158653846153844 0.009615384615384616 0.007211538461538462
1 0.6538461538461539 0.6838942307692307 0.009615384615384616 0.007211538461538462
2 0.609375 0.46634615384615385 0.007211538461538462 0.009615384615384616
1 0.6442307692307693 0.6862980769230769 0.009615384615384616 0.007211538461538462
2 0.578125 0.41947115384615385 0.01201923076923077 0.007211538461538462
2 0.5829326923076923 0.45552884615384615 0.04567307692307692 0.04567307692307692
2 0.5697115384615384 0.42788461538461536 0.004807692307692308 0.004807692307692308
1 0.6081730769230769 0.6526442307692307 0.009615384615384616 0.007211538461538462
2 0.5649038461538461 0.42788461538461536 0.004807692307692308 0.004807692307692308
1 0.6081730769230769 0.6911057692307693 0.009615384615384616 0.007211538461538462
2 0.5492788461538461 0.4230769230769231 0.007211538461538462 0.004807692307692308
2 0.5504807692307693 0.42788461538461536 0.009615384615384616 0.004807692307692308
1 0.5961538461538461 0.6935096153846154 0.009615384615384616 0.007211538461538462
1 0.5817307692307693 0.6574519230769231 0.009615384615384616 0.007211538461538462
1 0.5865384615384616 0.6959134615384616 0.009615384615384616 0.007211538461538462
1 0.5336538461538461 0.41225961538461536 0.009615384615384616 0.007211538461538462
1 0.5769230769230769 0.6959134615384616 0.009615384615384616 0.007211538461538462
2 0.5216346153846154 0.44350961538461536 0.009615384615384616 0.007211538461538462
1 0.5649038461538461 0.6983173076923077 0.009615384615384616 0.007211538461538462
1 0.5552884615384616 0.6622596153846154 0.009615384615384616 0.007211538461538462
1 0.5552884615384616 0.7007211538461539 0.009615384615384616 0.007211538461538462
1 0.5456730769230769 0.703125 0.009615384615384616 0.007211538461538462
1 0.5336538461538461 0.6646634615384616 0.009615384615384616 0.007211538461538462
1 0.5336538461538461 0.7055288461538461 0.009615384615384616 0.007211538461538462
2 0.49759615384615385 0.5144230769230769 0.004807692307692308 0.004807692307692308
1 0.5216346153846154 0.6670673076923077 0.009615384615384616 0.007211538461538462
1 0.5240384615384616 0.7055288461538461 0.009615384615384616 0.007211538461538462
1 0.5048076923076923 0.671875 0.009615384615384616 0.007211538461538462
1 0.5096153846153846 0.7079326923076923 0.009615384615384616 0.007211538461538462
1 0.4951923076923077 0.671875 0.009615384615384616 0.007211538461538462
1 0.4951923076923077 0.7103365384615384 0.009615384615384616 0.007211538461538462
1 0.48677884615384615 0.7127403846153846 0.01201923076923077 0.007211538461538462
1 0.47596153846153844 0.6766826923076923 0.009615384615384616 0.007211538461538462
1 0.4326923076923077 0.4338942307692308 0.009615384615384616 0.007211538461538462
1 0.4495192307692308 0.5348557692307693 0.009615384615384616 0.007211538461538462
1 0.4182692307692308 0.4411057692307692 0.009615384615384616 0.007211538461538462
2 0.37740384615384615 0.4326923076923077 0.009615384615384616 0.004807692307692308
2 0.37740384615384615 0.43509615384615385 0.009615384615384616 0.004807692307692308
2 0.37740384615384615 0.4375 0.009615384615384616 0.004807692307692308
1 0.3798076923076923 0.640625 0.009615384615384616 0.007211538461538462
1 0.38461538461538464 0.7283653846153846 0.009615384615384616 0.009615384615384616
1 0.3858173076923077 0.734375 0.01201923076923077 0.01201923076923077
1 0.3870192307692308 0.7524038461538461 0.009615384615384616 0.009615384615384616
1 0.3870192307692308 0.7451923076923077 0.009615384615384616 0.009615384615384616
1 0.375 0.6766826923076923 0.009615384615384616 0.007211538461538462
1 0.36538461538461536 0.6382211538461539 0.009615384615384616 0.007211538461538462
1 0.37259615384615385 0.7403846153846154 0.009615384615384616 0.009615384615384616
1 0.375 0.7596153846153846 0.009615384615384616 0.009615384615384616
1 0.3701923076923077 0.7331730769230769 0.009615384615384616 0.009615384615384616
1 0.37259615384615385 0.7475961538461539 0.009615384615384616 0.009615384615384616
1 0.35336538461538464 0.6814903846153846 0.009615384615384616 0.007211538461538462
1 0.3581730769230769 0.7632211538461539 0.009615384615384616 0.007211538461538462
1 0.35697115384615385 0.7560096153846154 0.01201923076923077 0.007211538461538462
1 0.3317307692307692 0.6538461538461539 0.009615384615384616 0.009615384615384616
1 0.3485576923076923 0.765625 0.009615384615384616 0.007211538461538462
1 0.33413461538461536 0.6911057692307693 0.009615384615384616 0.007211538461538462
1 0.34375 0.7560096153846154 0.009615384615384616 0.007211538461538462
1 0.3245192307692308 0.6682692307692307 0.009615384615384616 0.009615384615384616
1 0.3245192307692308 0.6838942307692307 0.009615384615384616 0.007211538461538462
1 0.31009615384615385 0.625 0.009615384615384616 0.009615384615384616
1 0.3173076923076923 0.6935096153846154 0.009615384615384616 0.007211538461538462
1 0.30288461538461536 0.765625 0.009615384615384616 0.007211538461538462
1 0.2548076923076923 0.5360576923076923 0.009615384615384616 0.009615384615384616
1 0.25721153846153844 0.5420673076923077 0.009615384615384616 0.007211538461538462
1 0.2644230769230769 0.5877403846153846 0.009615384615384616 0.007211538461538462
1 0.2644230769230769 0.5829326923076923 0.009615384615384616 0.007211538461538462
1 0.28125 0.7632211538461539 0.009615384615384616 0.007211538461538462
1 0.2668269230769231 0.6971153846153846 0.009615384615384616 0.009615384615384616
2 0.2692307692307692 0.71875 0.009615384615384616 0.004807692307692308
1 0.2548076923076923 0.7451923076923077 0.009615384615384616 0.009615384615384616
1 0.22596153846153846 0.6658653846153846 0.009615384615384616 0.009615384615384616
1 0.2283653846153846 0.6730769230769231 0.009615384615384616 0.009615384615384616
2 0.18870192307692307 0.44591346153846156 0.01201923076923077 0.007211538461538462
2 0.22956730769230768 0.703125 0.01201923076923077 0.007211538461538462
1 0.1875 0.4639423076923077 0.009615384615384616 0.009615384615384616
1 0.1875 0.4735576923076923 0.009615384615384616 0.009615384615384616
1 0.16826923076923078 0.46153846153846156 0.009615384615384616 0.009615384615384616
2 0.7824519230769231 0.36538461538461536 0.007211538461538462 0.009615384615384616
1 0.7692307692307693 0.3762019230769231 0.009615384615384616 0.007211538461538462
2 0.7752403846153846 0.44471153846153844 0.05048076923076923 0.028846153846153848
1 0.7668269230769231 0.4182692307692308 0.009615384615384616 0.009615384615384616
1 0.78125 0.5721153846153846 0.009615384615384616 0.009615384615384616
1 0.7836538461538461 0.5817307692307693 0.009615384615384616 0.009615384615384616
1 0.7824519230769231 0.5877403846153846 0.007211538461538462 0.007211538461538462
1 0.7764423076923077 0.5817307692307693 0.004807692307692308 0.004807692307692308
1 0.7716346153846154 0.5769230769230769 0.009615384615384616 0.009615384615384616
1 0.7740384615384616 0.5841346153846154 0.004807692307692308 0.004807692307692308
1 0.7644230769230769 0.5793269230769231 0.009615384615384616 0.009615384615384616
1 0.7704326923076923 0.6237980769230769 0.01201923076923077 0.007211538461538462
1 0.7283653846153846 0.390625 0.009615384615384616 0.007211538461538462
1 0.7403846153846154 0.4699519230769231 0.009615384615384616 0.007211538461538462
1 0.7740384615384616 0.6646634615384616 0.009615384615384616 0.007211538461538462
1 0.7668269230769231 0.671875 0.009615384615384616 0.007211538461538462
1 0.7451923076923077 0.5829326923076923 0.009615384615384616 0.007211538461538462
1 0.7524038461538461 0.6286057692307693 0.009615384615384616 0.007211538461538462
1 0.7572115384615384 0.6670673076923077 0.009615384615384616 0.007211538461538462
1 0.7427884615384616 0.6310096153846154 0.009615384615384616 0.007211538461538462
1 0.7475961538461539 0.671875 0.009615384615384616 0.007211538461538462
1 0.6947115384615384 0.3954326923076923 0.009615384615384616 0.007211538461538462
1 0.6838942307692307 0.39783653846153844 0.01201923076923077 0.007211538461538462
1 0.7235576923076923 0.6334134615384616 0.009615384615384616 0.007211538461538462
