2 0.3389423076923077 0.47475961538461536 0.028846153846153848 0.03125
2 0.3701923076923077 0.45072115384615385 0.02403846153846154 0.016826923076923076
2 0.43990384615384615 0.5588942307692307 0.004807692307692308 0.007211538461538462
2 0.4543269230769231 0.5504807692307693 0.009615384615384616 0.004807692307692308
1 0.5865384615384616 0.4807692307692308 0.009615384615384616 0.004807692307692308
1 0.6394230769230769 0.45072115384615385 0.009615384615384616 0.007211538461538462
1 0.6346153846153846 0.5697115384615384 0.009615384615384616 0.004807692307692308
1 0.6490384615384616 0.4519230769230769 0.009615384615384616 0.004807692307692308
1 0.6442307692307693 0.5925480769230769 0.009615384615384616 0.007211538461538462
1 0.6947115384615384 0.5192307692307693 0.009615384615384616 0.004807692307692308
1 0.7019230769230769 0.5108173076923077 0.009615384615384616 0.007211538461538462
1 0.7355769230769231 0.7379807692307693 0.009615384615384616 0.004807692307692308
1 0.7475961538461539 0.7403846153846154 0.009615384615384616 0.004807692307692308
1 0.7596153846153846 0.6634615384615384 0.009615384615384616 0.004807692307692308
1 0.7716346153846154 0.6586538461538461 0.009615384615384616 0.004807692307692308
1 0.78125 0.6586538461538461 0.009615384615384616 0.004807692307692308
1 0.8076923076923077 0.5625 0.009615384615384616 0.004807692307692308
1 0.7932692307692307 0.7211538461538461 0.009615384615384616 0.004807692307692308
2 0.8605769230769231 0.4855769230769231 0.004807692307692308 0.004807692307692308
1 0.8653846153846154 0.4807692307692308 0.009615384615384616 0.004807692307692308
2 0.8653846153846154 0.4879807692307692 0.004807692307692308 0.004807692307692308
2 0.8701923076923077 0.4879807692307692 0.004807692307692308 0.004807692307692308
2 0.8521634615384616 0.6923076923076923 0.007211538461538462 0.009615384615384616
2 0.875 0.4879807692307692 0.004807692307692308 0.004807692307692308
2 0.8725961538461539 0.5396634615384616 0.014423076923076924 0.007211538461538462
2 0.8605769230769231 0.6947115384615384 0.004807692307692308 0.009615384615384616
2 0.09375 0.7175480769230769 0.028846153846153848 0.016826923076923076
2 0.12980769230769232 0.4110576923076923 0.004807692307692308 0.009615384615384616
2 0.296875 0.47115384615384615 0.055288461538461536 0.02403846153846154
