2 0.7776442307692307 0.3485576923076923 0.021634615384615384 0.057692307692307696
1 0.43990384615384615 0.35336538461538464 0.004807692307692308 0.009615384615384616
2 0.7740384615384616 0.4050480769230769 0.004807692307692308 0.01201923076923077
1 0.7620192307692307 0.41947115384615385 0.009615384615384616 0.01201923076923077
1 0.8629807692307693 0.4326923076923077 0.004807692307692308 0.009615384615384616
1 0.43509615384615385 0.3894230769230769 0.004807692307692308 0.009615384615384616
1 0.8701923076923077 0.44471153846153844 0.004807692307692308 0.009615384615384616
1 0.4963942307692308 0.5024038461538461 0.007211538461538462 0.009615384615384616
1 0.39663461538461536 0.49399038461538464 0.009615384615384616 0.01201923076923077
1 0.3701923076923077 0.5192307692307693 0.004807692307692308 0.009615384615384616
1 0.36778846153846156 0.5288461538461539 0.004807692307692308 0.009615384615384616
1 0.47596153846153844 0.5456730769230769 0.004807692307692308 0.009615384615384616
1 0.5024038461538461 0.5793269230769231 0.004807692307692308 0.009615384615384616
1 0.5072115384615384 0.5841346153846154 0.004807692307692308 0.009615384615384616
1 0.7668269230769231 0.6346153846153846 0.004807692307692308 0.009615384615384616
1 0.75 0.6346153846153846 0.004807692307692308 0.009615384615384616
1 0.7548076923076923 0.6346153846153846 0.004807692307692308 0.009615384615384616
1 0.7427884615384616 0.6346153846153846 0.004807692307692308 0.009615384615384616
1 0.7283653846153846 0.6322115384615384 0.004807692307692308 0.009615384615384616
1 0.6887019230769231 0.6286057692307693 0.007211538461538462 0.01201923076923077
1 0.6814903846153846 0.6274038461538461 0.007211538461538462 0.014423076923076924
1 0.7211538461538461 0.6322115384615384 0.004807692307692308 0.009615384615384616
1 0.7019230769230769 0.6298076923076923 0.004807692307692308 0.009615384615384616
1 0.6766826923076923 0.6274038461538461 0.007211538461538462 0.014423076923076924
1 0.6454326923076923 0.625 0.007211538461538462 0.009615384615384616
1 0.6538461538461539 0.625 0.004807692307692308 0.009615384615384616
1 0.6694711538461539 0.6274038461538461 0.007211538461538462 0.014423076923076924
1 0.6346153846153846 0.6237980769230769 0.009615384615384616 0.01201923076923077
1 0.6274038461538461 0.625 0.004807692307692308 0.009615384615384616
1 0.6129807692307693 0.6225961538461539 0.009615384615384616 0.014423076923076924
1 0.5300480769230769 0.6322115384615384 0.007211538461538462 0.009615384615384616
1 0.5204326923076923 0.6322115384615384 0.007211538461538462 0.009615384615384616
1 0.5300480769230769 0.6418269230769231 0.007211538461538462 0.009615384615384616
1 0.5 0.6394230769230769 0.004807692307692308 0.009615384615384616
0 0.5192307692307693 0.6442307692307693 0.004807692307692308 0.009615384615384616
1 0.5096153846153846 0.6466346153846154 0.004807692307692308 0.009615384615384616
0 0.5288461538461539 0.6514423076923077 0.004807692307692308 0.009615384615384616
0 0.5192307692307693 0.6514423076923077 0.004807692307692308 0.009615384615384616
1 0.5 0.6514423076923077 0.004807692307692308 0.009615384615384616
1 0.5108173076923077 0.65625 0.007211538461538462 0.009615384615384616
1 0.7956730769230769 0.7355769230769231 0.004807692307692308 0.009615384615384616
1 0.8028846153846154 0.7355769230769231 0.004807692307692308 0.009615384615384616
1 0.8100961538461539 0.7379807692307693 0.004807692307692308 0.009615384615384616
1 0.7836538461538461 0.7355769230769231 0.004807692307692308 0.009615384615384616
1 0.7908653846153846 0.7367788461538461 0.004807692307692308 0.007211538461538462
1 0.7764423076923077 0.7355769230769231 0.004807692307692308 0.009615384615384616
1 0.7644230769230769 0.7331730769230769 0.004807692307692308 0.009615384615384616
1 0.7596153846153846 0.7331730769230769 0.004807692307692308 0.009615384615384616
1 0.7451923076923077 0.7307692307692307 0.004807692307692308 0.009615384615384616
1 0.7524038461538461 0.7331730769230769 0.004807692307692308 0.009615384615384616
1 0.7403846153846154 0.7319711538461539 0.004807692307692308 0.007211538461538462
1 0.7331730769230769 0.7307692307692307 0.004807692307692308 0.009615384615384616
1 0.7271634615384616 0.7307692307692307 0.007211538461538462 0.009615384615384616
1 0.71875 0.7307692307692307 0.004807692307692308 0.009615384615384616
1 0.6899038461538461 0.7283653846153846 0.004807692307692308 0.009615384615384616
1 0.6826923076923077 0.7283653846153846 0.004807692307692308 0.009615384615384616
1 0.7079326923076923 0.7307692307692307 0.007211538461538462 0.009615384615384616
1 0.6646634615384616 0.7259615384615384 0.007211538461538462 0.009615384615384616
1 0.6586538461538461 0.7259615384615384 0.004807692307692308 0.009615384615384616
1 0.6706730769230769 0.7259615384615384 0.004807692307692308 0.009615384615384616
1 0.6394230769230769 0.7235576923076923 0.004807692307692308 0.009615384615384616
1 0.6514423076923077 0.7235576923076923 0.004807692307692308 0.009615384615384616
1 0.6778846153846154 0.7259615384615384 0.004807692307692308 0.009615384615384616
1 0.6322115384615384 0.7235576923076923 0.004807692307692308 0.009615384615384616
1 0.6262019230769231 0.7211538461538461 0.007211538461538462 0.004807692307692308
1 0.6454326923076923 0.7259615384615384 0.007211538461538462 0.009615384615384616
1 0.6105769230769231 0.7211538461538461 0.004807692307692308 0.009615384615384616
1 0.6153846153846154 0.7211538461538461 0.004807692307692308 0.009615384615384616
0 0.7740384615384616 0.7463942307692307 0.004807692307692308 0.007211538461538462
0 0.7548076923076923 0.7475961538461539 0.004807692307692308 0.009615384615384616
0 0.7956730769230769 0.7524038461538461 0.004807692307692308 0.009615384615384616
0 0.7355769230769231 0.7475961538461539 0.004807692307692308 0.009615384615384616
0 0.7259615384615384 0.7475961538461539 0.004807692307692308 0.009615384615384616
0 0.7451923076923077 0.7475961538461539 0.004807692307692308 0.009615384615384616
0 0.71875 0.7451923076923077 0.004807692307692308 0.009615384615384616
0 0.6682692307692307 0.7427884615384616 0.004807692307692308 0.009615384615384616
0 0.6394230769230769 0.7403846153846154 0.004807692307692308 0.009615384615384616
0 0.6586538461538461 0.7427884615384616 0.004807692307692308 0.009615384615384616
0 0.6490384615384616 0.7403846153846154 0.004807692307692308 0.009615384615384616
0 0.6298076923076923 0.7379807692307693 0.004807692307692308 0.009615384615384616
0 0.6129807692307693 0.7379807692307693 0.004807692307692308 0.009615384615384616
0 0.6225961538461539 0.7403846153846154 0.004807692307692308 0.009615384615384616
1 0.5264423076923077 0.7524038461538461 0.004807692307692308 0.009615384615384616
1 0.5180288461538461 0.7572115384615384 0.007211538461538462 0.009615384615384616
1 0.5240384615384616 0.7620192307692307 0.004807692307692308 0.009615384615384616
1 0.5192307692307693 0.7692307692307693 0.004807692307692308 0.009615384615384616
1 0.5108173076923077 0.7740384615384616 0.007211538461538462 0.009615384615384616
1 0.4951923076923077 0.7716346153846154 0.004807692307692308 0.009615384615384616
1 0.47475961538461536 0.7692307692307693 0.007211538461538462 0.009615384615384616
1 0.46875 0.7692307692307693 0.004807692307692308 0.009615384615384616
1 0.5024038461538461 0.7728365384615384 0.009615384615384616 0.01201923076923077
1 0.4831730769230769 0.7716346153846154 0.004807692307692308 0.009615384615384616
1 0.49158653846153844 0.7836538461538461 0.007211538461538462 0.009615384615384616
1 0.484375 0.7836538461538461 0.007211538461538462 0.009615384615384616
1 0.46875 0.78125 0.004807692307692308 0.009615384615384616
1 0.47596153846153844 0.7836538461538461 0.004807692307692308 0.009615384615384616
2 0.6778846153846154 0.8221153846153846 0.004807692307692308 0.004807692307692308
0 0.8233173076923077 0.25721153846153844 0.007211538461538462 0.009615384615384616
0 0.7127403846153846 0.24759615384615385 0.007211538461538462 0.009615384615384616
0 0.7115384615384616 0.25961538461538464 0.004807692307692308 0.009615384615384616
0 0.8882211538461539 0.27884615384615385 0.007211538461538462 0.009615384615384616
1 0.7932692307692307 0.27163461538461536 0.004807692307692308 0.009615384615384616
0 0.7860576923076923 0.27163461538461536 0.004807692307692308 0.009615384615384616
1 0.7560096153846154 0.2692307692307692 0.007211538461538462 0.014423076923076924
1 0.7788461538461539 0.27163461538461536 0.004807692307692308 0.009615384615384616
1 0.7487980769230769 0.2704326923076923 0.007211538461538462 0.01201923076923077
1 0.7716346153846154 0.27163461538461536 0.004807692307692308 0.009615384615384616
1 0.7331730769230769 0.2668269230769231 0.009615384615384616 0.009615384615384616
0 0.7439903846153846 0.26802884615384615 0.007211538461538462 0.01201923076923077
0 0.7259615384615384 0.2692307692307692 0.004807692307692308 0.009615384615384616
0 0.7644230769230769 0.27163461538461536 0.004807692307692308 0.009615384615384616
1 0.6778846153846154 0.2644230769230769 0.004807692307692308 0.009615384615384616
1 0.6634615384615384 0.2644230769230769 0.004807692307692308 0.009615384615384616
1 0.6586538461538461 0.26322115384615385 0.004807692307692308 0.007211538461538462
1 0.6706730769230769 0.2644230769230769 0.004807692307692308 0.009615384615384616
1 0.8870192307692307 0.28846153846153844 0.004807692307692308 0.009615384615384616
1 0.8798076923076923 0.28846153846153844 0.004807692307692308 0.009615384615384616
1 0.7175480769230769 0.27163461538461536 0.007211538461538462 0.009615384615384616
0 0.8581730769230769 0.29447115384615385 0.004807692307692308 0.007211538461538462
2 0.7752403846153846 0.296875 0.021634615384615384 0.04567307692307692
