2 0.7788461538461539 0.30288461538461536 0.004807692307692308 0.009615384615384616
2 0.5168269230769231 0.32211538461538464 0.019230769230769232 0.028846153846153848
2 0.7524038461538461 0.3449519230769231 0.004807692307692308 0.002403846153846154
2 0.8401442307692307 0.3449519230769231 0.002403846153846154 0.007211538461538462
2 0.7139423076923077 0.42788461538461536 0.004807692307692308 0.004807692307692308
2 0.8485576923076923 0.43028846153846156 0.004807692307692308 0.004807692307692308
2 0.8413461538461539 0.43028846153846156 0.004807692307692308 0.004807692307692308
2 0.7163461538461539 0.44471153846153844 0.004807692307692308 0.009615384615384616
2 0.859375 0.48197115384615385 0.002403846153846154 0.007211538461538462
2 0.8617788461538461 0.48197115384615385 0.002403846153846154 0.007211538461538462
2 0.8161057692307693 0.4855769230769231 0.002403846153846154 0.004807692307692308
2 0.859375 0.4891826923076923 0.002403846153846154 0.007211538461538462
2 0.8617788461538461 0.49158653846153844 0.002403846153846154 0.007211538461538462
2 0.8197115384615384 0.49278846153846156 0.004807692307692308 0.004807692307692308
2 0.8461538461538461 0.4951923076923077 0.004807692307692308 0.004807692307692308
2 0.8617788461538461 0.4987980769230769 0.002403846153846154 0.007211538461538462
2 0.859375 0.4987980769230769 0.002403846153846154 0.007211538461538462
2 0.43990384615384615 0.5600961538461539 0.019230769230769232 0.028846153846153848
2 0.4951923076923077 0.5793269230769231 0.019230769230769232 0.028846153846153848
2 0.2956730769230769 0.5889423076923077 0.004807692307692308 0.004807692307692308
2 0.43509615384615385 0.6081730769230769 0.019230769230769232 0.028846153846153848
2 0.49278846153846156 0.6129807692307693 0.019230769230769232 0.028846153846153848
2 0.5288461538461539 0.7043269230769231 0.004807692307692308 0.004807692307692308
2 0.5264423076923077 0.7079326923076923 0.004807692307692308 0.002403846153846154
2 0.5264423076923077 0.7127403846153846 0.004807692307692308 0.002403846153846154
2 0.5264423076923077 0.7163461538461539 0.004807692307692308 0.004807692307692308
2 0.5432692307692307 0.22355769230769232 0.019230769230769232 0.028846153846153848
2 0.6466346153846154 0.25961538461538464 0.02403846153846154 0.028846153846153848
2 0.6442307692307693 0.28846153846153844 0.02403846153846154 0.028846153846153848
2 0.8629807692307693 0.2860576923076923 0.009615384615384616 0.004807692307692308
2 0.8245192307692307 0.2848557692307692 0.019230769230769232 0.026442307692307692
2 0.8629807692307693 0.2920673076923077 0.009615384615384616 0.007211538461538462
