2 0.6514423076923077 0.19591346153846154 0.009615384615384616 0.007211538461538462
2 0.6742788461538461 0.4567307692307692 0.03125 0.02403846153846154
2 0.6141826923076923 0.2283653846153846 0.002403846153846154 0.004807692307692308
2 0.6021634615384616 0.140625 0.007211538461538462 0.002403846153846154
2 0.5384615384615384 0.27884615384615385 0.004807692307692308 0.004807692307692308
2 0.5168269230769231 0.14423076923076922 0.004807692307692308 0.004807692307692308
2 0.5168269230769231 0.15384615384615385 0.004807692307692308 0.004807692307692308
2 0.5216346153846154 0.2800480769230769 0.009615384615384616 0.007211538461538462
2 0.46274038461538464 0.14543269230769232 0.007211538461538462 0.002403846153846154
2 0.46274038461538464 0.14302884615384615 0.007211538461538462 0.002403846153846154
2 0.46634615384615385 0.18629807692307693 0.004807692307692308 0.002403846153846154
2 0.45552884615384615 0.14543269230769232 0.007211538461538462 0.002403846153846154
2 0.453125 0.14302884615384615 0.007211538461538462 0.002403846153846154
2 0.4567307692307692 0.18509615384615385 0.004807692307692308 0.004807692307692308
2 0.4519230769230769 0.15865384615384615 0.004807692307692308 0.004807692307692308
2 0.44591346153846156 0.14302884615384615 0.007211538461538462 0.002403846153846154
2 0.4483173076923077 0.14543269230769232 0.007211538461538462 0.002403846153846154
2 0.45072115384615385 0.5697115384615384 0.03125 0.02403846153846154
2 0.42427884615384615 0.5192307692307693 0.03125 0.02403846153846154
2 0.44471153846153844 0.7163461538461539 0.004807692307692308 0.004807692307692308
2 0.4050480769230769 0.5841346153846154 0.03125 0.02403846153846154
2 0.390625 0.5264423076923077 0.03125 0.02403846153846154
2 0.2956730769230769 0.5048076923076923 0.004807692307692308 0.004807692307692308
2 0.2920673076923077 0.5072115384615384 0.002403846153846154 0.004807692307692308
2 0.28725961538461536 0.5072115384615384 0.002403846153846154 0.004807692307692308
2 0.28365384615384615 0.5072115384615384 0.004807692307692308 0.004807692307692308
2 0.7680288461538461 0.41346153846153844 0.03125 0.02403846153846154
2 0.7175480769230769 0.31971153846153844 0.03125 0.028846153846153848
2 0.6887019230769231 0.3245192307692308 0.03125 0.028846153846153848
2 0.6574519230769231 0.11057692307692307 0.007211538461538462 0.009615384615384616
2 0.6610576923076923 0.14783653846153846 0.028846153846153848 0.021634615384615384
2 0.6514423076923077 0.11057692307692307 0.009615384615384616 0.009615384615384616
