2 0.4795673076923077 0.3389423076923077 0.03125 0.028846153846153848
2 0.45552884615384615 0.36778846153846156 0.016826923076923076 0.02403846153846154
2 0.5612980769230769 0.4423076923076923 0.007211538461538462 0.004807692307692308
2 0.5504807692307693 0.4567307692307692 0.004807692307692308 0.009615384615384616
1 0.47836538461538464 0.5865384615384616 0.004807692307692308 0.009615384615384616
1 0.44591346153846156 0.6394230769230769 0.007211538461538462 0.009615384615384616
1 0.5649038461538461 0.6370192307692307 0.004807692307692308 0.009615384615384616
1 0.44471153846153844 0.6490384615384616 0.004807692307692308 0.009615384615384616
1 0.5877403846153846 0.6466346153846154 0.007211538461538462 0.009615384615384616
1 0.5120192307692307 0.6947115384615384 0.004807692307692308 0.009615384615384616
1 0.5036057692307693 0.7019230769230769 0.007211538461538462 0.009615384615384616
1 0.7307692307692307 0.7427884615384616 0.004807692307692308 0.009615384615384616
1 0.7307692307692307 0.7548076923076923 0.004807692307692308 0.009615384615384616
1 0.6538461538461539 0.7668269230769231 0.004807692307692308 0.009615384615384616
1 0.6490384615384616 0.7764423076923077 0.004807692307692308 0.009615384615384616
1 0.6490384615384616 0.7860576923076923 0.004807692307692308 0.009615384615384616
1 0.5528846153846154 0.8100961538461539 0.004807692307692308 0.009615384615384616
1 0.7091346153846154 0.8004807692307693 0.004807692307692308 0.009615384615384616
2 0.4735576923076923 0.8605769230769231 0.004807692307692308 0.004807692307692308
1 0.46875 0.8653846153846154 0.004807692307692308 0.009615384615384616
2 0.47596153846153844 0.8653846153846154 0.004807692307692308 0.004807692307692308
2 0.47596153846153844 0.8701923076923077 0.004807692307692308 0.004807692307692308
2 0.6802884615384616 0.859375 0.009615384615384616 0.007211538461538462
2 0.4735576923076923 0.875 0.004807692307692308 0.004807692307692308
2 0.5264423076923077 0.8725961538461539 0.004807692307692308 0.014423076923076924
2 0.6826923076923077 0.8677884615384616 0.009615384615384616 0.004807692307692308
2 0.7319711538461539 0.10336538461538461 0.016826923076923076 0.028846153846153848
2 0.4230769230769231 0.12740384615384615 0.009615384615384616 0.004807692307692308
2 0.4795673076923077 0.2956730769230769 0.021634615384615384 0.052884615384615384
