2 0.6322115384615384 0.7872596153846154 0.057692307692307696 0.026442307692307692
1 0.6514423076923077 0.4483173076923077 0.009615384615384616 0.007211538461538462
2 0.578125 0.7788461538461539 0.01201923076923077 0.004807692307692308
1 0.5612980769230769 0.7668269230769231 0.01201923076923077 0.009615384615384616
1 0.5408653846153846 0.8689903846153846 0.009615384615384616 0.007211538461538462
1 0.6153846153846154 0.44350961538461536 0.009615384615384616 0.007211538461538462
1 0.53125 0.8737980769230769 0.009615384615384616 0.007211538461538462
1 0.5 0.49759615384615385 0.009615384615384616 0.009615384615384616
1 0.5132211538461539 0.39663461538461536 0.01201923076923077 0.009615384615384616
1 0.49038461538461536 0.36899038461538464 0.009615384615384616 0.007211538461538462
1 0.4807692307692308 0.36658653846153844 0.009615384615384616 0.007211538461538462
1 0.4567307692307692 0.4723557692307692 0.009615384615384616 0.007211538461538462
1 0.4230769230769231 0.4963942307692308 0.009615384615384616 0.007211538461538462
1 0.4182692307692308 0.5012019230769231 0.009615384615384616 0.007211538461538462
1 0.3485576923076923 0.7560096153846154 0.009615384615384616 0.007211538461538462
1 0.3485576923076923 0.7391826923076923 0.009615384615384616 0.007211538461538462
1 0.3485576923076923 0.7463942307692307 0.009615384615384616 0.007211538461538462
1 0.35096153846153844 0.7319711538461539 0.009615384615384616 0.007211538461538462
1 0.35336538461538464 0.7175480769230769 0.009615384615384616 0.007211538461538462
1 0.359375 0.6790865384615384 0.01201923076923077 0.007211538461538462
1 0.3605769230769231 0.671875 0.014423076923076924 0.007211538461538462
1 0.35336538461538464 0.7103365384615384 0.009615384615384616 0.007211538461538462
1 0.3581730769230769 0.6911057692307693 0.009615384615384616 0.007211538461538462
1 0.3605769230769231 0.6670673076923077 0.014423076923076924 0.007211538461538462
1 0.36778846153846156 0.6370192307692307 0.009615384615384616 0.009615384615384616
1 0.36538461538461536 0.6430288461538461 0.009615384615384616 0.007211538461538462
1 0.3605769230769231 0.6598557692307693 0.014423076923076924 0.007211538461538462
1 0.36658653846153844 0.625 0.01201923076923077 0.009615384615384616
1 0.36778846153846156 0.6165865384615384 0.009615384615384616 0.007211538461538462
1 0.3701923076923077 0.6033653846153846 0.014423076923076924 0.009615384615384616
1 0.36778846153846156 0.5216346153846154 0.009615384615384616 0.009615384615384616
1 0.36778846153846156 0.5120192307692307 0.009615384615384616 0.009615384615384616
1 0.3581730769230769 0.5192307692307693 0.009615384615384616 0.009615384615384616
1 0.3629807692307692 0.4891826923076923 0.009615384615384616 0.007211538461538462
0 0.3557692307692308 0.5084134615384616 0.009615384615384616 0.007211538461538462
1 0.35336538461538464 0.5012019230769231 0.009615384615384616 0.007211538461538462
0 0.3485576923076923 0.5180288461538461 0.009615384615384616 0.007211538461538462
0 0.3485576923076923 0.5084134615384616 0.009615384615384616 0.007211538461538462
1 0.35096153846153844 0.4891826923076923 0.009615384615384616 0.007211538461538462
1 0.34375 0.5 0.009615384615384616 0.009615384615384616
1 0.24519230769230768 0.7800480769230769 0.009615384615384616 0.007211538461538462
1 0.24519230769230768 0.7848557692307693 0.009615384615384616 0.007211538461538462
1 0.24278846153846154 0.7920673076923077 0.009615384615384616 0.007211538461538462
1 0.24519230769230768 0.765625 0.009615384615384616 0.007211538461538462
1 0.2439903846153846 0.7740384615384616 0.007211538461538462 0.004807692307692308
1 0.24759615384615385 0.7608173076923077 0.009615384615384616 0.007211538461538462
1 0.25 0.7487980769230769 0.009615384615384616 0.007211538461538462
1 0.25 0.7415865384615384 0.009615384615384616 0.007211538461538462
1 0.25240384615384615 0.7295673076923077 0.009615384615384616 0.007211538461538462
1 0.25240384615384615 0.7367788461538461 0.009615384615384616 0.007211538461538462
1 0.2536057692307692 0.7235576923076923 0.007211538461538462 0.004807692307692308
1 0.2548076923076923 0.7175480769230769 0.009615384615384616 0.007211538461538462
1 0.2548076923076923 0.7091346153846154 0.009615384615384616 0.009615384615384616
1 0.25721153846153844 0.703125 0.009615384615384616 0.007211538461538462
1 0.2620192307692308 0.6742788461538461 0.009615384615384616 0.007211538461538462
1 0.2620192307692308 0.6670673076923077 0.009615384615384616 0.007211538461538462
1 0.25721153846153844 0.6923076923076923 0.009615384615384616 0.009615384615384616
1 0.2644230769230769 0.6490384615384616 0.009615384615384616 0.009615384615384616
1 0.2668269230769231 0.6430288461538461 0.009615384615384616 0.007211538461538462
1 0.2644230769230769 0.6550480769230769 0.009615384615384616 0.007211538461538462
1 0.2692307692307692 0.6237980769230769 0.009615384615384616 0.007211538461538462
1 0.2668269230769231 0.6358173076923077 0.009615384615384616 0.007211538461538462
1 0.2620192307692308 0.6622596153846154 0.009615384615384616 0.007211538461538462
1 0.2692307692307692 0.6165865384615384 0.009615384615384616 0.007211538461538462
1 0.27163461538461536 0.609375 0.004807692307692308 0.007211538461538462
1 0.2668269230769231 0.6298076923076923 0.009615384615384616 0.009615384615384616
1 0.27403846153846156 0.5949519230769231 0.009615384615384616 0.007211538461538462
1 0.27163461538461536 0.5997596153846154 0.009615384615384616 0.007211538461538462
0 0.23677884615384615 0.7572115384615384 0.007211538461538462 0.004807692307692308
0 0.23557692307692307 0.7367788461538461 0.009615384615384616 0.007211538461538462
0 0.23076923076923078 0.7776442307692307 0.009615384615384616 0.007211538461538462
0 0.23798076923076922 0.7175480769230769 0.009615384615384616 0.007211538461538462
0 0.2403846153846154 0.7079326923076923 0.009615384615384616 0.007211538461538462
0 0.23557692307692307 0.7271634615384616 0.009615384615384616 0.007211538461538462
0 0.2403846153846154 0.7007211538461539 0.009615384615384616 0.007211538461538462
0 0.24759615384615385 0.6502403846153846 0.009615384615384616 0.007211538461538462
0 0.25240384615384615 0.6237980769230769 0.009615384615384616 0.007211538461538462
0 0.24759615384615385 0.640625 0.009615384615384616 0.007211538461538462
0 0.25 0.6334134615384616 0.009615384615384616 0.007211538461538462
0 0.2548076923076923 0.6141826923076923 0.009615384615384616 0.007211538461538462
0 0.2548076923076923 0.5949519230769231 0.009615384615384616 0.007211538461538462
0 0.2548076923076923 0.6045673076923077 0.009615384615384616 0.007211538461538462
1 0.24759615384615385 0.5084134615384616 0.009615384615384616 0.007211538461538462
1 0.24519230769230768 0.5 0.009615384615384616 0.009615384615384616
1 0.23798076923076922 0.5060096153846154 0.009615384615384616 0.007211538461538462
1 0.23076923076923078 0.4987980769230769 0.009615384615384616 0.007211538461538462
1 0.2283653846153846 0.49278846153846156 0.009615384615384616 0.009615384615384616
1 0.23076923076923078 0.47716346153846156 0.009615384615384616 0.007211538461538462
1 0.23317307692307693 0.4567307692307692 0.009615384615384616 0.009615384615384616
1 0.23557692307692307 0.45072115384615385 0.009615384615384616 0.007211538461538462
1 0.22956730769230768 0.4855769230769231 0.01201923076923077 0.009615384615384616
1 0.23076923076923078 0.4651442307692308 0.009615384615384616 0.007211538461538462
1 0.21875 0.4735576923076923 0.009615384615384616 0.009615384615384616
1 0.21875 0.46634615384615385 0.009615384615384616 0.009615384615384616
1 0.22355769230769232 0.45072115384615385 0.009615384615384616 0.007211538461538462
1 0.22115384615384615 0.4579326923076923 0.009615384615384616 0.007211538461538462
2 0.16826923076923078 0.6538461538461539 0.004807692307692308 0.004807692307692308
0 0.7211538461538461 0.8389423076923077 0.009615384615384616 0.009615384615384616
0 0.7379807692307693 0.7307692307692307 0.009615384615384616 0.009615384615384616
0 0.7259615384615384 0.7295673076923077 0.009615384615384616 0.007211538461538462
0 0.6947115384615384 0.9014423076923077 0.009615384615384616 0.009615384615384616
1 0.7067307692307693 0.8088942307692307 0.009615384615384616 0.007211538461538462
0 0.7091346153846154 0.8016826923076923 0.009615384615384616 0.007211538461538462
1 0.7139423076923077 0.7728365384615384 0.014423076923076924 0.007211538461538462
1 0.7091346153846154 0.7944711538461539 0.009615384615384616 0.007211538461538462
1 0.7127403846153846 0.765625 0.01201923076923077 0.007211538461538462
1 0.7091346153846154 0.7872596153846154 0.009615384615384616 0.007211538461538462
1 0.7175480769230769 0.7487980769230769 0.01201923076923077 0.01201923076923077
0 0.7151442307692307 0.7584134615384616 0.01201923076923077 0.007211538461538462
0 0.7163461538461539 0.7415865384615384 0.009615384615384616 0.007211538461538462
0 0.7091346153846154 0.7800480769230769 0.009615384615384616 0.007211538461538462
1 0.7235576923076923 0.6935096153846154 0.009615384615384616 0.007211538461538462
1 0.7259615384615384 0.6814903846153846 0.009615384615384616 0.007211538461538462
1 0.7271634615384616 0.6754807692307693 0.007211538461538462 0.004807692307692308
1 0.7235576923076923 0.6862980769230769 0.009615384615384616 0.007211538461538462
1 0.6850961538461539 0.9002403846153846 0.009615384615384616 0.007211538461538462
1 0.6850961538461539 0.8930288461538461 0.009615384615384616 0.007211538461538462
1 0.7139423076923077 0.7331730769230769 0.009615384615384616 0.009615384615384616
0 0.6790865384615384 0.8725961538461539 0.007211538461538462 0.004807692307692308
2 0.6838942307692307 0.7884615384615384 0.04567307692307692 0.02403846153846154
