2 0.7367788461538461 0.2548076923076923 0.007211538461538462 0.009615384615384616
2 0.4831730769230769 0.32091346153846156 0.02403846153846154 0.03125
2 0.7163461538461539 0.29927884615384615 0.004807692307692308 0.002403846153846154
2 0.8052884615384616 0.2824519230769231 0.004807692307692308 0.007211538461538462
2 0.6947115384615384 0.3894230769230769 0.004807692307692308 0.004807692307692308
2 0.8293269230769231 0.36538461538461536 0.004807692307692308 0.004807692307692308
2 0.8221153846153846 0.36538461538461536 0.004807692307692308 0.004807692307692308
2 0.7007211538461539 0.40625 0.007211538461538462 0.009615384615384616
2 0.8485576923076923 0.41466346153846156 0.004807692307692308 0.007211538461538462
2 0.8509615384615384 0.41466346153846156 0.004807692307692308 0.007211538461538462
2 0.8088942307692307 0.4254807692307692 0.002403846153846154 0.004807692307692308
2 0.8509615384615384 0.421875 0.004807692307692308 0.007211538461538462
2 0.8533653846153846 0.421875 0.004807692307692308 0.007211538461538462
2 0.8125 0.4326923076923077 0.004807692307692308 0.004807692307692308
2 0.8389423076923077 0.42788461538461536 0.004807692307692308 0.004807692307692308
2 0.8533653846153846 0.42908653846153844 0.004807692307692308 0.007211538461538462
2 0.8509615384615384 0.42908653846153844 0.004807692307692308 0.007211538461538462
2 0.4519230769230769 0.5709134615384616 0.02403846153846154 0.03125
2 0.5096153846153846 0.578125 0.02403846153846154 0.03125
2 0.3173076923076923 0.6274038461538461 0.004807692307692308 0.004807692307692308
2 0.4567307692307692 0.6189903846153846 0.02403846153846154 0.03125
2 0.5144230769230769 0.6117788461538461 0.02403846153846154 0.03125
2 0.5673076923076923 0.6947115384615384 0.004807692307692308 0.004807692307692308
2 0.5673076923076923 0.6983173076923077 0.004807692307692308 0.002403846153846154
2 0.5673076923076923 0.703125 0.004807692307692308 0.002403846153846154
2 0.5673076923076923 0.7067307692307693 0.004807692307692308 0.004807692307692308
2 0.49038461538461536 0.21995192307692307 0.02403846153846154 0.03125
2 0.5961538461538461 0.23557692307692307 0.028846153846153848 0.03365384615384615
2 0.6009615384615384 0.2644230769230769 0.028846153846153848 0.03365384615384615
2 0.8149038461538461 0.21995192307692307 0.009615384615384616 0.007211538461538462
2 0.7764423076923077 0.2283653846153846 0.02403846153846154 0.028846153846153848
2 0.8161057692307693 0.22596153846153846 0.01201923076923077 0.009615384615384616
