1 0.6689326298701299 0.3099344512195122 0.005478896103896104 0.004625
0 0.668961038961039 0.31041768292682925 0.005941558441558442 0.004371951219512195
1 0.5127759740259741 0.31199085365853657 0.00525974025974026 0.0038597560975609756
0 0.7189914772727273 0.3126189024390244 0.0029180194805194805 0.00877439024390244
0 0.5497676542207792 0.31377439024390247 0.004567775974025974 0.003768292682926829
0 0.5548660714285715 0.31378810975609756 0.004618506493506494 0.0031859756097560974
0 0.5768658685064936 0.3141112804878049 0.006004464285714286 0.0032225609756097564
0 0.5624188311688312 0.3142942073170732 0.005113636363636364 0.003588414634146341
0 0.5676461038961039 0.3143109756097561 0.005422077922077922 0.0036219512195121953
1 0.5128936688311688 0.31544207317073175 0.005089285714285714 0.0034451219512195122
1 0.545942573051948 0.31544817073170733 0.0021935876623376625 0.007115853658536586
1 0.5431818181818182 0.31587499999999996 0.001948051948051948 0.00675
0 0.5840137987012987 0.3180838414634147 0.002443181818181818 0.006899390243902439
1 0.5127161120129871 0.3191417682926829 0.005140016233766234 0.00413719512195122
1 0.5513088474025973 0.3191935975609756 0.005215097402597403 0.004240853658536586
0 0.5578835227272727 0.3201448170731708 0.0017248376623376623 0.006753048780487805
0 0.5552729301948053 0.3200762195121951 0.002185470779220779 0.0072256097560975605
0 0.5604190340909091 0.3203856707317073 0.003143262987012987 0.007844512195121951
0 0.44039366883116887 0.32127134146341463 0.01755681818181818 0.02425
1 0.5687733360389611 0.3215518292682927 0.0024005681818181817 0.00773780487804878
0 0.7161211444805194 0.32260518292682927 0.005700081168831169 0.00435670731707317
1 0.5512418831168832 0.32330945121951216 0.005892857142857142 0.003326219512195122
0 0.46007508116883117 0.3233246951219513 0.018364448051948052 0.0301859756097561
0 0.5432497970779221 0.3246737804878049 0.0028956980519480517 0.007884146341463415
1 0.5051420454545454 0.32478963414634143 0.002573051948051948 0.008115853658536586
1 0.6685775162337663 0.3248932926829269 0.005580357142857143 0.0034451219512195122
1 0.557468547077922 0.3284344512195122 0.0021124188311688313 0.00686890243902439
1 0.6686231737012986 0.32882164634146344 0.00648336038961039 0.003984756097560976
0 0.5504900568181819 0.32896646341463415 0.009259334415584417 0.006103658536585366
1 0.5601430600649351 0.32892073170731706 0.0029971590909090907 0.00723170731707317
1 0.7413818993506494 0.32919969512195124 0.002244318181818182 0.007179878048780488
1 0.735137987012987 0.32982164634146344 0.0023376623376623377 0.008423780487804879
1 0.7328591720779222 0.3298719512195122 0.0030560064935064935 0.00852439024390244
0 0.7182660308441557 0.3297515243902439 0.002684659090909091 0.008283536585365854
1 0.7584577922077922 0.3300137195121951 0.003116883116883117 0.008198170731707317
0 0.5837834821428571 0.3310106707317073 0.001982548701298701 0.008362804878048781
0 0.6881412337662337 0.3318094512195122 0.002094155844155844 0.008740853658536586
0 0.574742288961039 0.33257621951219507 0.009468344155844155 0.006615853658536585
0 0.5049553571428571 0.3325487804878049 0.0026055194805194807 0.008390243902439025
1 0.5127435064935065 0.33422865853658534 0.005600649350649351 0.003823170731707317
0 0.7405265827922078 0.3351432926829268 0.005809659090909091 0.004432926829268292
0 0.5431280438311687 0.33606250000000004 0.0026521915584415585 0.008100609756097561
0 0.5126156655844156 0.3377088414634146 0.005750811688311689 0.003466463414634146
0 0.732669439935065 0.3385685975609756 0.0026765422077922076 0.008234756097560976
1 0.7300649350649351 0.3388109756097561 0.002743506493506493 0.008109756097560976
0 0.7156087662337662 0.3394588414634146 0.003051948051948052 0.008185975609756098
0 0.5122767857142857 0.3414435975609756 0.005478896103896104 0.00361890243902439
1 0.47477069805194805 0.34353810975609755 0.0031128246753246752 0.008417682926829269
1 0.4909476461038961 0.34389329268292684 0.0021874999999999998 0.007908536585365854
0 0.48874594155844153 0.3439359756097561 0.0022483766233766236 0.00799390243902439
1 0.49768465909090914 0.3438993902439024 0.002674512987012987 0.00853048780487805
0 0.4802232142857143 0.3440396341463415 0.007524350649350649 0.005762195121951219
0 0.4933979301948052 0.3441509146341464 0.0022179383116883115 0.008423780487804879
1 0.4954413555194805 0.3441509146341464 0.0022463474025974026 0.008423780487804879
1 0.48556513798701295 0.34419359756097556 0.003191964285714286 0.008509146341463415
1 0.500216112012987 0.3442789634146341 0.0024614448051948055 0.008679878048780487
1 0.5123183847402597 0.34421646341463413 0.00515625 0.003676829268292683
1 0.5025344967532467 0.3444664634146341 0.0026339285714285714 0.008445121951219513
2 0.4347443181818182 0.34493292682926835 0.0030113636363636362 0.008158536585365854
2 0.4375578327922078 0.3453338414634146 0.0029565746753246755 0.008350609756097561
2 0.4321976461038961 0.34514176829268295 0.0031939935064935064 0.007966463414634146
0 0.5839437905844156 0.34538414634146336 0.0027090097402597403 0.009060975609756097
0 0.5506777597402597 0.34727743902439023 0.008823051948051948 0.006140243902439025
0 0.7154758522727273 0.3475396341463415 0.00278612012987013 0.00849390243902439
0 0.5429017857142857 0.34958993902439023 0.0026055194805194807 0.008326219512195122
0 0.5766142451298701 0.34996798780487803 0.009153814935064935 0.006033536585365854
1 0.47942268668831167 0.35064176829268295 0.005111607142857143 0.0031128048780487807
1 0.4857518262987013 0.35072103658536585 0.0051887175324675325 0.0038810975609756097
1 0.5577079951298701 0.3509740853658536 0.002185470779220779 0.008045731707317073
1 0.49160714285714285 0.3509359756097561 0.00512987012987013 0.004310975609756098
1 0.4968080357142857 0.35104725609756093 0.005385551948051948 0.003923780487804878
1 0.560252637987013 0.35117073170731705 0.003216314935064935 0.007829268292682927
0 0.47964184253246755 0.35446493902439025 0.005144074675324676 0.004051829268292683
1 0.6681321022727272 0.3574984756097561 0.005501217532467532 0.004021341463414634
0 0.5836079545454546 0.35781097560975605 0.002443181818181818 0.008304878048780487
0 0.43271103896103896 0.3586387195121951 0.0030032467532467534 0.00813109756097561
0 0.4295535714285715 0.3588704268292683 0.002775974025974026 0.008594512195121952
1 0.6680083198051948 0.36144359756097566 0.005659496753246753 0.003984756097560976
0 0.5505377435064935 0.36202134146341464 0.009354707792207793 0.00575
0 0.6881696428571429 0.3620167682926829 0.002150974025974026 0.008179878048780488
0 0.5768049918831168 0.36335060975609756 0.009129464285714286 0.0059695121951219504
0 0.5429342532467533 0.3633826219512195 0.0022646103896103898 0.00786280487804878
0 0.5062439123376623 0.364827743902439 0.00518262987012987 0.004045731707317073
0 0.5122483766233766 0.3649725609756097 0.005422077922077922 0.0037256097560975612
1 0.43256493506493504 0.366984756097561 0.002711038961038961 0.007750000000000001
1 0.4294074675324675 0.3670365853658537 0.002483766233766234 0.008463414634146342
2 0.5011333198051948 0.36749085365853656 0.0026724837662337663 0.007542682926829268
0 0.5838839285714286 0.3674435975609756 0.002589285714285714 0.008057926829268293
0 0.5120424107142857 0.3685350609756098 0.0058218344155844155 0.0041432926829268295
0 0.7154596185064934 0.36903201219512194 0.0027536525974025975 0.008185975609756098
1 0.7467106331168831 0.36996646341463413 0.002755681818181818 0.008225609756097561
1 0.7518861607142857 0.36995579268292683 0.002554788961038961 0.008204268292682927
1 0.7491710633116883 0.36999847560975613 0.0024005681818181817 0.008289634146341464
1 0.7580955762987013 0.3702073170731707 0.0027982954545454543 0.008097560975609756
1 0.7605691964285715 0.37025 0.0020637175324675324 0.008182926829268293
1 0.7542664366883117 0.37023932926829267 0.002851055194805195 0.008161585365853659
0 0.763189935064935 0.37037652439024393 0.002840909090909091 0.008435975609756098
0 0.5544186282467533 0.37319664634146343 0.004535308441558442 0.003100609756097561
0 0.5602079951298701 0.3732682926829268 0.004750405844155844 0.0032439024390243905
0 0.5452485795454546 0.37341463414634146 0.005269886363636364 0.0035365853658536586
0 0.5656036931818182 0.3739420731707317 0.005395698051948052 0.004591463414634146
0 0.4998051948051948 0.3738871951219512 0.005698051948051948 0.00448170731707317
1 0.4039052353896104 0.3751326219512195 0.0026156655844155846 0.007582317073170732
1 0.4006047077922078 0.37528810975609755 0.002508116883116883 0.007283536585365854
1 0.40648843344155844 0.3753384146341463 0.0025060876623376623 0.00799390243902439
1 0.41027495941558445 0.3756295731707317 0.003179788961038961 0.007966463414634146
1 0.5062297077922078 0.3798841463414634 0.005560064935064935 0.004890243902439024
0 0.7154596185064934 0.3799908536585366 0.0027536525974025975 0.008762195121951219
0 0.4994044237012987 0.38049847560975614 0.007737418831168832 0.0061189024390243905
0 0.4005864448051948 0.3824435975609756 0.002471590909090909 0.006960365853658536
0 0.40989853896103895 0.3824725609756098 0.002832792207792208 0.006408536585365853
0 0.4038961038961039 0.38259756097560976 0.0025974025974025974 0.0066585365853658535
0 0.40626826298701296 0.38270731707317074 0.002471590909090909 0.006878048780487805
0 0.4120687905844156 0.3833506097560976 0.0027090097402597403 0.005725609756097562
2 0.48562804383116887 0.3886204268292683 0.00859375 0.006509146341463415
1 0.450984172077922 0.389280487804878 0.007893668831168831 0.005390243902439024
0 0.7153683035714286 0.3906646341463415 0.002976866883116883 0.00876829268292683
0 0.6878683035714286 0.39899542682926825 0.0023599837662337665 0.008966463414634146
1 0.7435075081168832 0.40308689024390243 0.0024370941558441556 0.007393292682926829
1 0.7612763798701299 0.4030289634146341 0.002666396103896104 0.00788719512195122
1 0.7411424512987013 0.40315243902439024 0.0025771103896103896 0.007524390243902439
1 0.7514671266233767 0.40303048780487805 0.002528409090909091 0.007280487804878048
1 0.7538808847402597 0.40311737804878045 0.0024857954545454545 0.008064024390243903
1 0.74609375 0.4030167682926829 0.002333603896103896 0.00786280487804878
1 0.7590239448051948 0.4030167682926829 0.0022199675324675325 0.00786280487804878
1 0.7563910308441558 0.4032637195121951 0.0026359577922077924 0.008356707317073171
0 0.7487327516233766 0.40306250000000005 0.002335633116883117 0.007954268292682927
0 0.7374066558441559 0.40325152439024387 0.0028165584415584415 0.00833231707317073
1 0.7638453733766234 0.4032545731707317 0.002934253246753247 0.007728658536585367
0 0.49805702110389616 0.40542682926829265 0.005448457792207793 0.004146341463414634
0 0.5116812094155845 0.40546493902439024 0.005505275974025974 0.004222560975609756
0 0.7211038961038961 0.40604573170731706 0.019318181818181818 0.024896341463414632
2 0.43390523538961034 0.4086158536585366 0.003768262987012987 0.011743902439024392
1 0.4384699675324676 0.4103338414634146 0.0055925324675324675 0.004814024390243902
2 0.4693841314935065 0.41053810975609756 0.037794237012987016 0.03753963414634146
1 0.7536546266233767 0.41357926829268293 0.0024391233766233767 0.008256097560975608
0 0.4349989853896104 0.41770884146341464 0.005144074675324676 0.0043201219512195126
2 0.4398021509740259 0.4176951219512195 0.0050101461038961044 0.004292682926829269
0 0.6226887175324676 0.4200015243902439 0.005929383116883117 0.00463719512195122
0 0.4345961850649351 0.4229878048780488 0.005556006493506493 0.00451219512195122
2 0.4399391233766234 0.42297560975609755 0.005284090909090909 0.004487804878048781
0 0.7152404626623377 0.4290731707317073 0.003938717532467532 0.008756097560975609
0 0.4332102272727273 0.43024237804878046 0.0027840909090909092 0.008045731707317073
0 0.43687905844155844 0.4303490853658537 0.0032224025974025975 0.00886890243902439
1 0.668427353896104 0.4320731707317073 0.005280032467532467 0.004390243902439025
1 0.6682964691558441 0.4358734756097561 0.005018262987012987 0.004673780487804878
0 0.4852069805194805 0.4379268292682927 0.002881493506493506 0.008170731707317073
2 0.4331331168831169 0.4377439024390244 0.00262987012987013 0.007804878048780489
2 0.4368394886363636 0.43799390243902436 0.0027374188311688314 0.008304878048780487
0 0.7151633522727272 0.43879420731707314 0.0033786525974025972 0.008685975609756097
0 0.6874462256493507 0.4448612804878049 0.001921672077922078 0.008624999999999999
0 0.48504667207792207 0.4457118902439024 0.002966720779220779 0.00788719512195122
0 0.7149857954545454 0.44927591463414634 0.0034293831168831167 0.008917682926829268
1 0.7305732548701298 0.45102286585365853 0.003354301948051948 0.008753048780487806
0 0.48520292207792204 0.45364939024390244 0.0032792207792207793 0.007908536585365854
0 0.7150111607142857 0.459547256097561 0.0030742694805194807 0.008728658536585365
0 0.41907366071428576 0.4598216463414634 0.005760957792207792 0.0037896341463414633
0 0.4853013392857143 0.46183536585365853 0.003070211038961039 0.008426829268292683
1 0.4182284902597403 0.46348018292682924 0.0048823051948051945 0.0037896341463414633
0 0.4556290584415585 0.464234756097561 0.002573051948051948 0.008347560975609757
0 0.6876369724025975 0.46475000000000005 0.0023031655844155843 0.00876829268292683
1 0.7301034902597402 0.4663475609756097 0.003226461038961039 0.008914634146341463
1 0.41823863636363634 0.46699999999999997 0.005308441558441558 0.004121951219512195
2 0.4484598214285715 0.46833689024390246 0.003656655844155844 0.011064024390243902
0 0.7149604301948052 0.4704100609756097 0.0029728084415584417 0.008503048780487805
0 0.4851339285714285 0.4731021341463415 0.0031412337662337663 0.00839939024390244
0 0.5077333603896104 0.47418292682926827 0.016684253246753246 0.022146341463414633
1 0.4184821428571429 0.4765625 0.0049837662337662335 0.004344512195121952
1 0.4387307224025974 0.4778018292682927 0.0020556006493506495 0.008042682926829268
1 0.4289701704545455 0.47787347560975607 0.0024208603896103895 0.007576219512195123
1 0.43268567370129873 0.4779771341463415 0.002952516233766234 0.007783536585365854
0 0.43642045454545453 0.4778841463414634 0.002711038961038961 0.008817073170731708
0 0.44128956980519485 0.47822865853658536 0.0027090097402597403 0.008896341463414633
1 0.4436414366883117 0.4781844512195122 0.0025426136363636363 0.008198170731707317
0 0.4486454951298702 0.47808079268292686 0.0024046266233766233 0.007990853658536586
1 0.7300527597402597 0.47814176829268296 0.003125 0.008722560975609755
0 0.4461820211038961 0.4782149390243903 0.0023478084415584416 0.008259146341463415
1 0.4180590503246754 0.48092225609756095 0.004949269480519481 0.004527439024390244
0 0.7150111607142857 0.4811204268292683 0.0030742694805194807 0.00858231707317073
1 0.6680813717532467 0.4814405487804878 0.005399756493506493 0.0037347560975609755
0 0.4849918831168831 0.4828673780487805 0.0032629870129870127 0.008417682926829269
0 0.4511931818181818 0.48398323170731705 0.00262987012987013 0.007600609756097561
1 0.6680448457792207 0.4854557926829269 0.005732548701298701 0.004448170731707317
0 0.7149350649350649 0.49251524390243906 0.0033279220779220777 0.008810975609756097
0 0.48490462662337663 0.49605182926829267 0.0030884740259740262 0.008567073170731708
0 0.6124746347402598 0.49773780487804875 0.0057934253246753244 0.004621951219512195
0 0.6871834415584416 0.5004939024390244 0.002207792207792208 0.008914634146341463
1 0.7298122970779221 0.503469512195122 0.0030499188311688312 0.008158536585365854
0 0.7147585227272727 0.5036448170731707 0.0033806818181818183 0.00911890243902439
2 0.5138230519480519 0.5047743902439025 0.005324675324675324 0.004060975609756098
0 0.5205255681818182 0.5046737804878049 0.005336850649350649 0.004469512195121951
1 0.5136850649350649 0.5082972560975609 0.005454545454545454 0.0031798780487804876
0 0.5136921672077922 0.5115609756097561 0.00546875 0.0036097560975609758
1 0.5207021103896103 0.5119466463414634 0.005284090909090909 0.003771341463414634
0 0.4535714285714285 0.5130411585365854 0.005357142857142857 0.004740853658536585
1 0.6680732548701298 0.5140975609756098 0.005383522727272727 0.003804878048780488
0 0.5131950081168831 0.5154329268292682 0.00528612012987013 0.004036585365853659
0 0.4845018262987013 0.5153064024390244 0.0026887175324675325 0.008051829268292683
0 0.5207071834415584 0.515844512195122 0.005700081168831169 0.0042499999999999994
1 0.6683979301948052 0.5175685975609756 0.005221185064935065 0.0040396341463414635
0 0.48448965097402596 0.5233810975609756 0.003070211038961039 0.008347560975609757
0 0.4256239853896104 0.5239588414634146 0.0030336850649350646 0.008283536585365854
0 0.4411333198051948 0.5288109756097561 0.005237418831168831 0.0039634146341463415
1 0.6173924512987014 0.5291493902439024 0.005077110389610389 0.004030487804878049
0 0.44723417207792204 0.5292073170731707 0.0056696428571428575 0.004146341463414634
0 0.7148336038961038 0.5297301829268293 0.003125 0.008240853658536586
0 0.6146215503246754 0.5329146341463414 0.00562297077922078 0.0042439024390243905
1 0.6208603896103896 0.5330213414634146 0.00551948051948052 0.004457317073170731
0 0.4846580762987013 0.533172256097561 0.0030012175324675323 0.008417682926829269
0 0.5257021103896103 0.5354100609756097 0.005543831168831169 0.00435670731707317
0 0.6436668019480519 0.5356996951219513 0.005677759740259741 0.0043262195121951215
1 0.519940137987013 0.5368368902439025 0.0029484577922077922 0.008429878048780487
0 0.7147960633116883 0.5370228658536585 0.0022382305194805193 0.006972560975609756
0 0.48455965909090903 0.5421356707317073 0.0032102272727272726 0.00866158536585366
1 0.6688037743506493 0.5426981707317073 0.005221185064935065 0.0036890243902439022
0 0.7147321428571428 0.5445396341463414 0.002922077922077922 0.007981707317073171
1 0.5131168831168831 0.545295731707317 0.005535714285714286 0.002786585365853659
1 0.5252617694805194 0.5457621951219512 0.0026339285714285714 0.0073780487804878045
1 0.6688818993506493 0.5462850609756098 0.004971590909090909 0.002935975609756098
1 0.5130002029220779 0.5485259146341463 0.005302353896103896 0.0031493902439024392
0 0.4845251623376623 0.5509375 0.0031412337662337663 0.00858231707317073
0 0.6434385146103896 0.5517362804878049 0.015773133116883116 0.020545731707317074
0 0.7149482548701298 0.5520884146341463 0.0025426136363636363 0.007835365853658537
0 0.503447646103896 0.5521692073170732 0.0028368506493506493 0.008606707317073171
0 0.42732548701298706 0.5543399390243902 0.005625 0.0038018292682926833
0 0.42727982954545457 0.5577576219512195 0.005939529220779221 0.003929878048780488
0 0.4933096590909091 0.5596097560975609 0.015840097402597404 0.022878048780487808
0 0.4843699269480519 0.5597759146341463 0.0028307629870129867 0.008576219512195121
1 0.6869916801948052 0.5605076219512195 0.0018242694805194807 0.008820121951219511
0 0.6683664772727272 0.561280487804878 0.005969967532467533 0.00426829268292683
0 0.4273336038961039 0.5616036585365853 0.005641233766233766 0.004304878048780487
0 0.5257751623376623 0.566204268292683 0.005284090909090909 0.004359756097560976
0 0.6684862012987013 0.5664923780487805 0.005397727272727273 0.0043262195121951215
0 0.4344084821428571 0.5691661585365854 0.005586444805194805 0.003576219512195122
1 0.6868060064935064 0.5721219512195121 0.0022646103896103898 0.00826829268292683
0 0.4687063717532467 0.572265243902439 0.0027536525974025975 0.008554878048780487
0 0.4344226866883117 0.5727591463414634 0.00520900974025974 0.004054878048780488
1 0.5324736201298702 0.5734237804878048 0.002041396103896104 0.007823170731707317
1 0.5348599837662338 0.5735411585365854 0.002349837662337662 0.008057926829268293
0 0.5517461444805195 0.5747972560975609 0.0028429383116883116 0.008740853658536586
0 0.6052039366883117 0.5757286585365854 0.0018039772727272729 0.0075548780487804884
1 0.6006980519480519 0.5757942073170732 0.0025324675324675324 0.008295731707317074
1 0.5982305194805194 0.5757454268292683 0.0024675324675324677 0.008198170731707317
1 0.6029241071428572 0.5761204268292682 0.002520292207792208 0.007728658536585367
0 0.5956087662337662 0.5761768292682926 0.0033116883116883116 0.00845121951219512
1 0.7570099431818182 0.5787942073170732 0.0030620941558441557 0.008198170731707317
0 0.6075578327922078 0.5794634146341464 0.002453327922077922 0.008317073170731708
0 0.5338687094155845 0.5814451219512196 0.005237418831168831 0.004353658536585365
0 0.6123609983766234 0.5824359756097561 0.0027252435064935064 0.008164634146341464
1 0.6148914366883117 0.5826600609756097 0.002510146103896104 0.008612804878048781
0 0.5442268668831168 0.5858536585365853 0.014995941558441559 0.024146341463414635
0 0.5348924512987012 0.5872439024390245 0.002820616883116883 0.00802439024390244
1 0.7145119724025973 0.5920533536585366 0.002887581168831169 0.00788719512195122
1 0.717265625 0.5921006097560976 0.0031189123376623375 0.007981707317073171
0 0.5033806818181817 0.6003216463414635 0.003108766233766234 0.008570121951219513
1 0.5060349025974026 0.6003643292682926 0.0027353896103896103 0.00865548780487805
0 0.548612012987013 0.6007530487804879 0.002662337662337662 0.008213414634146342
0 0.4080762987012987 0.6013932926829268 0.002840909090909091 0.00827439024390244
0 0.40296672077922074 0.6013871951219512 0.002767857142857143 0.007652439024390245
0 0.4003956980519481 0.6013795731707318 0.0024959415584415584 0.008246951219512196
0 0.40516335227272726 0.6013734756097562 0.0026968344155844154 0.007625000000000001
0 0.39783887987012984 0.6014878048780488 0.002658279220779221 0.008463414634146342
0 0.39514103084415586 0.6015426829268292 0.0029443993506493506 0.008573170731707318
0 0.4184222808441559 0.6014207317073171 0.0032406655844155847 0.008329268292682927
0 0.4149989853896104 0.6015960365853659 0.003293425324675325 0.008679878048780487
0 0.4102729301948052 0.6016570121951219 0.0027698863636363637 0.008192073170731708
0 0.3922859172077922 0.6017042682926829 0.002510146103896104 0.008896341463414633
0 0.4127130681818182 0.601765243902439 0.0023741883116883116 0.008408536585365852
0 0.6155123782467532 0.6025457317073171 0.002940340909090909 0.008140243902439025
0 0.665776176948052 0.6028125 0.005253652597402597 0.004405487804878048
0 0.7142725243506494 0.6059466463414634 0.014178165584415585 0.022868902439024393
0 0.40444703733766235 0.6069298780487805 0.005322646103896104 0.004103658536585366
0 0.3984324269480519 0.6071600609756097 0.0046570616883116886 0.0033445121951219516
0 0.3947260551948052 0.6095579268292682 0.002114448051948052 0.006920731707317073
0 0.3921580762987013 0.6100381097560975 0.0026603084415584414 0.0072713414634146345
2 0.4112713068181818 0.6105823170731708 0.0027374188311688314 0.008359756097560976
2 0.41455357142857147 0.610765243902439 0.0028084415584415582 0.008115853658536586
2 0.417200689935065 0.610922256097561 0.0028267045454545454 0.007820121951219512
0 0.41336952110389613 0.6179573170731708 0.005310470779220779 0.0035975609756097563
0 0.413455762987013 0.6215076219512196 0.005077110389610389 0.0033810975609756097
1 0.4196580762987013 0.6215868902439025 0.0024655032467532467 0.0071981707317073165
1 0.4171601055194805 0.6217012195121951 0.0023396915584415583 0.008036585365853659
0 0.476851663961039 0.6247240853658536 0.005651379870129871 0.0043262195121951215
1 0.41326197240259743 0.6258216463414634 0.005095373376623377 0.004082317073170732
1 0.7096438717532467 0.6307530487804878 0.003297483766233766 0.00845731707317073
1 0.7067978896103896 0.630969512195122 0.002881493506493506 0.008890243902439024
1 0.7039092938311687 0.6310670731707317 0.003191964285714286 0.008475609756097562
0 0.4716913555194805 0.631125 0.0026359577922077924 0.008591463414634147
1 0.7014448051948051 0.6309923780487805 0.002727272727272727 0.008326219512195122
0 0.5728662743506494 0.6356006097560976 0.005716314935064935 0.004128048780487804
0 0.582257508116883 0.6362667682926829 0.005829951298701299 0.004850609756097561
0 0.5986789772727272 0.6377240853658537 0.00255275974025974 0.008375
0 0.5961008522727272 0.6378841463414635 0.003078327922077922 0.008695121951219511
0 0.5606229707792207 0.6383048780487804 0.003145292207792208 0.008317073170731708
0 0.6026724837662337 0.6386692073170732 0.002828733766233766 0.008435975609756098
1 0.5902475649350649 0.6407103658536586 0.005982142857142857 0.004591463414634146
0 0.6106178977272727 0.6413384146341464 0.005326704545454545 0.004018292682926829
1 0.6738646509740259 0.6414420731707317 0.0027617694805194804 0.00849390243902439
1 0.7105773133116883 0.6419786585365854 0.002729301948051948 0.008347560975609757
1 0.7077851055194806 0.642108231707317 0.0028267045454545454 0.008606707317073171
0 0.6105499188311688 0.6449222560975609 0.005596590909090909 0.00386890243902439
0 0.6889772727272727 0.6469192073170732 0.01797077922077922 0.0249359756097561
0 0.6105113636363636 0.6492042682926829 0.00551948051948052 0.003896341463414634
1 0.6726968344155845 0.6497728658536586 0.002861201298701299 0.008082317073170732
0 0.6428977272727272 0.650172256097561 0.002922077922077922 0.008271341463414635
0 0.6375314529220779 0.6499496951219512 0.0031473214285714286 0.008435975609756098
0 0.5461596996753246 0.6504390243902439 0.015209009740259741 0.021609756097560974
1 0.7562956574675325 0.6502378048780488 0.0056919642857142854 0.005353658536585365
0 0.5771093749999999 0.6512469512195123 0.01257913961038961 0.021396341463414636
0 0.6065056818181819 0.6553902439024389 0.005219155844155844 0.004073170731707317
0 0.6018445616883117 0.6577606707317073 0.0032021103896103893 0.008814024390243903
1 0.6729443993506493 0.6587484756097561 0.003356331168831169 0.008350609756097561
0 0.6066101866883117 0.6595411585365853 0.00583400974025974 0.004448170731707317
1 0.7543506493506493 0.661138719512195 0.005048701298701298 0.003375
0 0.612137784090909 0.6636082317073171 0.005931412337662338 0.004655487804878049
0 0.6065239448051948 0.6637073170731708 0.005661525974025973 0.0042439024390243905
0 0.6547717126623377 0.6648048780487805 0.0023193993506493505 0.007658536585365854
1 0.6726826298701298 0.6666051829268294 0.0032386363636363637 0.007600609756097561
0 0.6134902597402598 0.6694054878048781 0.0029545454545454545 0.008323170731707318
1 0.6516375811688312 0.6699771341463415 0.004573863636363636 0.003978658536585366
1 0.6825984172077921 0.6714405487804878 0.0027780032467532466 0.008734756097560975
1 0.695721387987013 0.6716935975609757 0.0022382305194805193 0.008021341463414634
0 0.6132274756493507 0.6778064024390243 0.0028348214285714287 0.008051829268292683
0 0.6131341314935065 0.6847271341463416 0.003053977272727273 0.00786890243902439
0 0.6584547483766233 0.6849375 0.005221185064935065 0.0034115853658536585
1 0.5378398944805195 0.6890213414634145 0.005062905844155844 0.0024329268292682927
1 0.41523031655844156 0.6901234756097561 0.0025385551948051946 0.008295731707317074
1 0.4178348214285715 0.6899893292682927 0.002471590909090909 0.008027439024390244
0 0.629434862012987 0.6922469512195123 0.004811282467532468 0.00400609756097561
0 0.6467349837662338 0.6925579268292683 0.0028855519480519482 0.008286585365853659
0 0.6133218344155844 0.692717987804878 0.0034293831168831167 0.008606707317073171
0 0.6132203733766234 0.6930624999999999 0.002820616883116883 0.008076219512195122
0 0.6345748782467532 0.6933399390243903 0.0029159902597402595 0.008021341463414634
0 0.6170779220779221 0.6935609756097562 0.0032305194805194804 0.008463414634146342
0 0.6378338068181818 0.6940670731707317 0.002940340909090909 0.008256097560975608
0 0.6400862418831168 0.6939557926829268 0.0029809253246753245 0.00864329268292683
1 0.4083928571428571 0.6943460365853659 0.0022564935064935065 0.006984756097560976
0 0.6445718344155844 0.6942256097560976 0.0018060064935064937 0.00674390243902439
0 0.39462053571428574 0.6945198170731708 0.001903409090909091 0.007942073170731707
0 0.40080762987012986 0.6945655487804878 0.002508116883116883 0.008033536585365854
0 0.3922270698051948 0.6945091463414633 0.0023924512987012984 0.007920731707317073
1 0.4056260146103896 0.6946280487804878 0.0024046266233766233 0.0069390243902439025
0 0.6524675324675325 0.6944588414634146 0.00461038961038961 0.0029420731707317073
0 0.437729301948052 0.6948353658536586 0.00979301948051948 0.0165
0 0.6425771103896104 0.6948795731707317 0.002280844155844156 0.008051829268292683
0 0.6292491883116883 0.6966981707317074 0.005251623376623376 0.004371951219512195
0 0.6493516639610389 0.6987408536585366 0.006089691558441559 0.004189024390243903
1 0.4241081574675325 0.6996341463414635 0.0024370941558441556 0.008414634146341464
1 0.4193080357142857 0.6997103658536586 0.0025771103896103896 0.007957317073170732
1 0.42651176948051944 0.699765243902439 0.0023741883116883116 0.008676829268292684
1 0.42182021103896106 0.6998140243902439 0.002325487012987013 0.00877439024390244
0 0.6169815340909092 0.7014984756097561 0.0022260551948051948 0.007875
0 0.4666791801948052 0.7018551829268292 0.015744724025974027 0.020783536585365855
0 0.6194886363636364 0.7022271341463414 0.002775974025974026 0.00811280487804878
0 0.6217359983766234 0.7025243902439025 0.0032122564935064936 0.00870731707317073
0 0.6243547077922078 0.7031341463414634 0.0031737012987012986 0.00870731707317073
0 0.628419237012987 0.7031935975609755 0.0027800324675324676 0.008826219512195121
0 0.638046875 0.7036402439024391 0.0029606331168831167 0.008499999999999999
0 0.6407153003246754 0.7036996951219513 0.0030215097402597406 0.008618902439024391
1 0.7270921266233766 0.7070030487804877 0.004914772727272727 0.003640243902439024
1 0.7214864042207793 0.7074420731707317 0.005066964285714286 0.003298780487804878
0 0.6330955762987013 0.7114893292682927 0.005233360389610389 0.004076219512195122
0 0.6144105113636363 0.7118018292682927 0.005606737012987013 0.004701219512195122
1 0.5403125 0.7131935975609757 0.005137987012987013 0.004435975609756098
0 0.6266994724025974 0.7134283536585366 0.0029931006493506495 0.008564024390243903
0 0.6293577516233766 0.7138826219512194 0.002221996753246753 0.007643292682926829
1 0.4324989853896104 0.7144131097560976 0.004202516233766234 0.011753048780487803
0 0.6226024756493507 0.7143734756097561 0.0029159902597402595 0.008624999999999999
1 0.43783177759740266 0.7152134146341463 0.002286931818181818 0.007865853658536585
1 0.4404342532467532 0.715344512195122 0.002621753246753247 0.008128048780487805
1 0.7274259334415585 0.7211021341463415 0.005176542207792208 0.0037896341463414633
1 0.4320231331168832 0.7240045731707317 0.0024391233766233767 0.007155487804878048
1 0.43612418831168825 0.724344512195122 0.002524350649350649 0.008445121951219513
0 0.43912743506493507 0.724469512195122 0.002443181818181818 0.008085365853658537
0 0.4411008522727273 0.7245655487804877 0.0023315746753246754 0.008277439024390244
1 0.42942471590909087 0.7252057926829268 0.0025182629870129872 0.007728658536585367
1 0.7214904626623377 0.7255838414634146 0.005480925324675325 0.004216463414634147
1 0.42710125811688315 0.7254984756097561 0.002335633116883117 0.007704268292682927
1 0.7274644886363637 0.7259161585365854 0.005253652597402597 0.0042713414634146345
1 0.7274076704545455 0.7302378048780487 0.005140016233766234 0.004378048780487804
0 0.7447646103896104 0.7411189024390243 0.002922077922077922 0.00845731707317073
0 0.7533898133116883 0.7411051829268293 0.0031270292207792208 0.008429878048780487
0 0.747440137987013 0.7412835365853658 0.0029971590909090907 0.00878658536585366
0 0.7501998782467533 0.7413414634146341 0.0028348214285714287 0.008292682926829269
1 0.44516030844155846 0.7415853658536585 0.002739448051948052 0.008170731707317073
0 0.47682528409090913 0.7438993902439024 0.00559862012987013 0.003652439024390244
0 0.5260257711038961 0.7449557926829268 0.006596996753246753 0.004545731707317073
0 0.4672250405844156 0.7450076219512195 0.005878652597402597 0.0040396341463414635
0 0.6176318993506493 0.7587759146341463 0.013267045454545453 0.02182012195121951
0 0.7442573051948052 0.7618231707317074 0.002719155844155844 0.007792682926829268
0 0.7468628246753247 0.762217987804878 0.002654220779220779 0.007972560975609756
0 0.7532802353896104 0.762471036585366 0.003313717532467532 0.008478658536585365
0 0.7504058441558441 0.7623567073170733 0.002840909090909091 0.00825
0 0.5016010551948051 0.7626082317073171 0.0032021103896103893 0.00814329268292683
1 0.4972828733766234 0.763047256097561 0.0022767857142857143 0.008411585365853659
1 0.40692877435064934 0.7638932926829268 0.00541599025974026 0.00400609756097561
2 0.6746915584415585 0.7655259146341464 0.002792207792207792 0.00788109756097561
0 0.6701927759740259 0.7658612804878049 0.005564123376623377 0.004283536585365854
1 0.40657873376623377 0.7680015243902439 0.005527597402597402 0.0042957317073170735
0 0.653851461038961 0.7737560975609756 0.00575487012987013 0.0042195121951219515
0 0.6809598214285715 0.7772362804878049 0.003153409090909091 0.008740853658536586
1 0.7461586850649351 0.7839786585365853 0.006116071428571429 0.004542682926829268
1 0.7465381493506493 0.7840289634146341 0.005251623376623376 0.003423780487804878
1 0.7512784090909091 0.7864192073170732 0.002556818181818182 0.007594512195121951
1 0.7461810064935065 0.7881920731707317 0.00575487012987013 0.0032134146341463413
1 0.7493689123376623 0.7923810975609756 0.005231331168831169 0.0042743902439024385
1 0.6560308441558441 0.7983414634146341 0.0024025974025974027 0.007658536585365854
2 0.39207183441558446 0.7985045731707316 0.004111201298701299 0.012253048780487804
1 0.6662053571428571 0.7992179878048781 0.00286525974025974 0.008192073170731708
1 0.6585450487012987 0.799282012195122 0.0021550324675324675 0.0077103658536585365
1 0.6608847402597403 0.7994420731707317 0.002775974025974026 0.008030487804878049
1 0.6879525162337662 0.7997149390243903 0.002934253246753247 0.007966463414634146
1 0.6636292613636363 0.7997088414634147 0.002989042207792208 0.008564024390243903
1 0.6906544237012987 0.8000121951219512 0.0030620941558441557 0.008560975609756096
1 0.693257913961039 0.8000411585365854 0.0029931006493506495 0.008009146341463415
1 0.6958400974025973 0.8002179878048781 0.002881493506493506 0.007753048780487805
2 0.6520758928571428 0.8021128048780487 0.0038271103896103894 0.012152439024390244
0 0.512963676948052 0.8049100609756098 0.005635146103896104 0.0037225609756097564
0 0.518231534090909 0.8049390243902439 0.0048072240259740264 0.003780487804878049
1 0.5245687905844155 0.8065243902439024 0.0028713474025974027 0.007560975609756098
1 0.7251988636363637 0.8064085365853658 0.003563311688311688 0.012207317073170732
1 0.5222960633116883 0.8066387195121951 0.0019784902597402595 0.007179878048780488
1 0.729650974025974 0.8067454268292683 0.003944805194805195 0.011661585365853658
0 0.7216528003246753 0.8070823170731707 0.0025588474025974024 0.008676829268292684
0 0.716755275974026 0.8072637195121951 0.0025040584415584417 0.008429878048780487
0 0.7191365665584416 0.807373475609756 0.0023965097402597405 0.00864939024390244
0 0.6978500405844156 0.8073094512195121 0.003248782467532468 0.008521341463414635
0 0.6874898538961038 0.8077073170731708 0.002820616883116883 0.008097560975609756
0 0.657072849025974 0.8076631097560977 0.0028632305194805194 0.008009146341463415
0 0.6908015422077922 0.807625 0.002950487012987013 0.008542682926829269
0 0.654637784090909 0.8076387195121951 0.0024573863636363634 0.008570121951219513
0 0.694140625 0.8079618902439024 0.0031351461038961036 0.008606707317073171
0 0.660505275974026 0.8078094512195121 0.002828733766233766 0.008301829268292683
0 0.6661444805194806 0.8080228658536586 0.003149350649350649 0.008728658536585365
0 0.6629048295454546 0.8082073170731707 0.0027577110389610388 0.008487804878048781
0 0.5130813717532468 0.8085853658536585 0.005870535714285714 0.00375609756097561
0 0.747435064935065 0.8087759146341463 0.0029870129870129872 0.00840548780487805
0 0.7361241883116882 0.8089542682926829 0.002686688311688312 0.008152439024390244
0 0.7426927759740259 0.8088277439024391 0.002025162337662338 0.00911890243902439
1 0.7332650162337663 0.809234756097561 0.002650162337662338 0.008103658536585366
0 0.7388555194805194 0.8094618902439024 0.0024675324675324677 0.009167682926829268
0 0.5128196022727273 0.8119512195121951 0.005346996753246754 0.003780487804878049
0 0.5130083198051948 0.8153231707317073 0.004912743506493507 0.0032073170731707315
0 0.5129728084415585 0.8188658536585366 0.005653409090909091 0.0035853658536585367
0 0.6462002840909091 0.8195838414634147 0.011962256493506494 0.01782621951219512
0 0.512932224025974 0.822185975609756 0.005166396103896104 0.004128048780487804
2 0.4158948863636364 0.19969817073170731 0.007926136363636364 0.006103658536585366
0 0.41023031655844155 0.20090548780487805 0.003090503246753247 0.00851829268292683
1 0.4166446834415584 0.20411280487804878 0.005773133116883117 0.003347560975609756
0 0.5843648538961039 0.2055548780487805 0.003145292207792208 0.008060975609756098
1 0.5868039772727273 0.20578506097560975 0.002341720779220779 0.008521341463414635
1 0.5893060064935065 0.20581707317073172 0.0024756493506493506 0.007975609756097561
0 0.41158989448051947 0.207125 0.004592126623376623 0.00449390243902439
1 0.41692370129870127 0.20772560975609758 0.00551948051948052 0.0032560975609756096
0 0.5216933847402598 0.20805335365853658 0.020659496753246753 0.033789634146341466
0 0.4114458198051948 0.2106432926829268 0.005115665584415585 0.003603658536585366
0 0.5417867288961039 0.2111356707317073 0.017826704545454545 0.032027439024390245
1 0.4167177353896104 0.2113246951219512 0.005107548701298701 0.003746951219512195
0 0.5990584415584416 0.21386432926829269 0.002094155844155844 0.0076067073170731705
0 0.41143262987012985 0.2147317073170732 0.00549512987012987 0.0038536585365853662
1 0.41679890422077925 0.21543445121951219 0.005269886363636364 0.0040396341463414635
0 0.5814072646103896 0.21915396341463417 0.004941152597402598 0.004161585365853659
1 0.5762084009740259 0.21921036585365852 0.005095373376623377 0.0042743902439024385
2 0.4917177353896104 0.2198734756097561 0.021178977272727273 0.046454268292682926
1 0.6025852272727272 0.22164634146341464 0.0018425324675324676 0.007926829268292683
1 0.6047067775974025 0.22185365853658534 0.003244724025974026 0.008341463414634147
1 0.6002059659090909 0.2220579268292683 0.0023599837662337665 0.008140243902439025
0 0.5533603896103896 0.22260365853658537 0.005665584415584416 0.004353658536585365
0 0.5620637175324675 0.2229405487804878 0.005620941558441559 0.004417682926829269
1 0.576268262987013 0.22309451219512194 0.004809253246753247 0.0041158536585365856
0 0.5702637987012987 0.22285975609756098 0.005787337662337662 0.00425609756097561
0 0.5812144886363636 0.2233125 0.004961444805194805 0.003942073170731707
1 0.4704078733766234 0.22385975609756098 0.0025040584415584417 0.008085365853658537
0 0.7069835633116883 0.24045731707317075 0.004470373376623377 0.004695121951219512
1 0.6353987418831168 0.2423765243902439 0.006592938311688312 0.0030457317073170733
1 0.6703287337662338 0.24278810975609758 0.006241883116883117 0.0044786585365853655
0 0.6886860795454545 0.24540548780487803 0.0015604707792207793 0.009103658536585365
1 0.6350933441558441 0.24551981707317072 0.00476461038961039 0.003844512195121951
1 0.7069409496753246 0.24575762195121953 0.004385146103896104 0.003100609756097561
0 0.656148538961039 0.24803810975609758 0.01765422077922078 0.02534451219512195
1 0.7566436688311687 0.2482332317073171 0.0035470779220779223 0.01110060975609756
1 0.7607822646103897 0.24904115853658537 0.004113230519480519 0.012106707317073171
1 0.706958198051948 0.24976067073170732 0.004825487012987013 0.0037896341463414633
1 0.49777901785714285 0.2509969512195122 0.0028632305194805194 0.008701219512195121
0 0.5000446428571428 0.251 0.002524350649350649 0.008097560975609756
0 0.5070484983766234 0.2514085365853659 0.00557426948051948 0.004646341463414634
0 0.7182842938311688 0.2535609756097561 0.0035328733766233768 0.008951219512195121
1 0.7336231737012987 0.255469512195122 0.0029606331168831167 0.007890243902439024
0 0.6885125811688311 0.25736737804878046 0.0016193181818181818 0.008637195121951219
1 0.6293942775974026 0.2590655487804878 0.0055418019480519476 0.003496951219512195
1 0.6688961038961039 0.2627286585365854 0.005405844155844156 0.00350609756097561
1 0.6294206574675324 0.2624817073170732 0.0060004058441558445 0.004231707317073171
1 0.7335450487012987 0.2635076219512195 0.002804383116883117 0.007503048780487805
1 0.6235186688311688 0.2660945121951219 0.005154220779220779 0.004140243902439025
1 0.6690969967532467 0.2661448170731707 0.00580762987012987 0.004240853658536586
0 0.6539326298701299 0.26678353658536585 0.005917207792207792 0.0042987804878048775
1 0.6295951704545455 0.2669923780487805 0.00513189935064935 0.004106707317073171
0 0.6186810064935065 0.26884451219512195 0.0027840909090909092 0.008420731707317074
1 0.5143496347402597 0.27040853658536584 0.0027252435064935064 0.007890243902439024
0 0.4606300730519481 0.2711280487804878 0.015821834415584414 0.03128048780487805
1 0.7384090909090909 0.27190853658536585 0.005633116883116883 0.004182926829268293
0 0.43946022727272727 0.2727362804878049 0.018125 0.027789634146341464
1 0.7384638798701298 0.27590091463414634 0.005742694805194805 0.004240853658536586
0 0.7137266639610389 0.27734756097560975 0.005375405844155844 0.004695121951219512
0 0.6392491883116883 0.27897256097560974 0.002930194805194805 0.008554878048780487
0 0.5143861607142857 0.27977134146341465 0.0027982954545454543 0.008323170731707318
0 0.6883471996753248 0.28028658536585366 0.0016943993506493506 0.008134146341463415
1 0.6235105519480519 0.28041158536585364 0.005543831168831169 0.00350609756097561
0 0.6231909496753247 0.2837118902439025 0.005310470779220779 0.004009146341463415
1 0.7638555194805196 0.2850594512195122 0.00336038961038961 0.008533536585365853
0 0.7582934253246753 0.28530030487804875 0.002788149350649351 0.00840548780487805
1 0.7610450487012986 0.28533231707317075 0.002609577922077922 0.008469512195121952
1 0.47534192370129874 0.28624390243902437 0.0034435876623376623 0.01151219512195122
0 0.7149178165584416 0.2905625 0.002887581168831169 0.008564024390243903
1 0.6688839285714286 0.29170121951219513 0.00497564935064935 0.004134146341463415
1 0.6687094155844157 0.29592987804878046 0.005438311688311688 0.004054878048780488
1 0.4742826704545454 0.2960015243902439 0.005383522727272727 0.003588414634146341
1 0.4876349431818182 0.29743445121951223 0.002867288961038961 0.008283536585365854
1 0.4905093344155844 0.29775 0.002122564935064935 0.008304878048780487
0 0.6581361607142857 0.2980442073170732 0.005395698051948052 0.004625
1 0.7628469967532467 0.29840091463414636 0.002560876623376623 0.007777439024390245
1 0.7652566964285714 0.2984435975609756 0.002510146103896104 0.00786280487804878
0 0.7153429383116883 0.3015 0.005767045454545455 0.004829268292682927
1 0.49782366071428574 0.3018399390243902 0.002952516233766234 0.007948170731707317
1 0.5002252435064936 0.301890243902439 0.0028855519480519482 0.008048780487804878
0 0.4756371753246753 0.3021676829268293 0.0028165584415584415 0.00799390243902439
