2 0.7872596153846154 0.3701923076923077 0.026442307692307692 0.057692307692307696
1 0.4483173076923077 0.3485576923076923 0.007211538461538462 0.009615384615384616
2 0.7788461538461539 0.42427884615384615 0.004807692307692308 0.01201923076923077
1 0.7668269230769231 0.4387019230769231 0.009615384615384616 0.01201923076923077
1 0.8689903846153846 0.45913461538461536 0.007211538461538462 0.009615384615384616
1 0.44350961538461536 0.38461538461538464 0.007211538461538462 0.009615384615384616
1 0.8737980769230769 0.47115384615384615 0.007211538461538462 0.009615384615384616
1 0.49759615384615385 0.5 0.009615384615384616 0.009615384615384616
1 0.39663461538461536 0.48677884615384615 0.009615384615384616 0.01201923076923077
1 0.36899038461538464 0.5096153846153846 0.007211538461538462 0.009615384615384616
1 0.36658653846153844 0.5192307692307693 0.007211538461538462 0.009615384615384616
1 0.4723557692307692 0.5432692307692307 0.007211538461538462 0.009615384615384616
1 0.4963942307692308 0.5793269230769231 0.007211538461538462 0.009615384615384616
1 0.5012019230769231 0.5841346153846154 0.007211538461538462 0.009615384615384616
1 0.7560096153846154 0.6538461538461539 0.007211538461538462 0.009615384615384616
1 0.7391826923076923 0.6514423076923077 0.007211538461538462 0.009615384615384616
1 0.7463942307692307 0.6514423076923077 0.007211538461538462 0.009615384615384616
1 0.7319711538461539 0.6490384615384616 0.007211538461538462 0.009615384615384616
1 0.7175480769230769 0.6466346153846154 0.007211538461538462 0.009615384615384616
1 0.6790865384615384 0.640625 0.007211538461538462 0.01201923076923077
1 0.671875 0.6418269230769231 0.007211538461538462 0.014423076923076924
1 0.7103365384615384 0.6466346153846154 0.007211538461538462 0.009615384615384616
1 0.6911057692307693 0.6442307692307693 0.007211538461538462 0.009615384615384616
1 0.6670673076923077 0.6394230769230769 0.007211538461538462 0.014423076923076924
1 0.6370192307692307 0.6346153846153846 0.009615384615384616 0.009615384615384616
1 0.6430288461538461 0.6346153846153846 0.007211538461538462 0.009615384615384616
1 0.6598557692307693 0.6394230769230769 0.007211538461538462 0.014423076923076924
1 0.625 0.6334134615384616 0.009615384615384616 0.01201923076923077
1 0.6165865384615384 0.6322115384615384 0.007211538461538462 0.009615384615384616
1 0.6033653846153846 0.6322115384615384 0.009615384615384616 0.014423076923076924
1 0.5216346153846154 0.6346153846153846 0.009615384615384616 0.009615384615384616
1 0.5120192307692307 0.6346153846153846 0.009615384615384616 0.009615384615384616
1 0.5192307692307693 0.6442307692307693 0.009615384615384616 0.009615384615384616
1 0.4891826923076923 0.6394230769230769 0.007211538461538462 0.009615384615384616
0 0.5084134615384616 0.6442307692307693 0.007211538461538462 0.009615384615384616
1 0.5012019230769231 0.6466346153846154 0.007211538461538462 0.009615384615384616
0 0.5180288461538461 0.6514423076923077 0.007211538461538462 0.009615384615384616
0 0.5084134615384616 0.6538461538461539 0.007211538461538462 0.009615384615384616
1 0.4891826923076923 0.6490384615384616 0.007211538461538462 0.009615384615384616
1 0.5 0.65625 0.009615384615384616 0.009615384615384616
1 0.7800480769230769 0.7548076923076923 0.007211538461538462 0.009615384615384616
1 0.7848557692307693 0.7572115384615384 0.007211538461538462 0.009615384615384616
1 0.7920673076923077 0.7572115384615384 0.007211538461538462 0.009615384615384616
1 0.765625 0.7548076923076923 0.007211538461538462 0.009615384615384616
1 0.7740384615384616 0.7560096153846154 0.004807692307692308 0.007211538461538462
1 0.7608173076923077 0.7548076923076923 0.007211538461538462 0.009615384615384616
1 0.7487980769230769 0.7524038461538461 0.007211538461538462 0.009615384615384616
1 0.7415865384615384 0.75 0.007211538461538462 0.009615384615384616
1 0.7295673076923077 0.7475961538461539 0.007211538461538462 0.009615384615384616
1 0.7367788461538461 0.75 0.007211538461538462 0.009615384615384616
1 0.7235576923076923 0.7487980769230769 0.004807692307692308 0.007211538461538462
1 0.7175480769230769 0.7475961538461539 0.007211538461538462 0.009615384615384616
1 0.7091346153846154 0.7451923076923077 0.009615384615384616 0.009615384615384616
1 0.703125 0.7451923076923077 0.007211538461538462 0.009615384615384616
1 0.6742788461538461 0.7403846153846154 0.007211538461538462 0.009615384615384616
1 0.6670673076923077 0.7403846153846154 0.007211538461538462 0.009615384615384616
1 0.6923076923076923 0.7451923076923077 0.009615384615384616 0.009615384615384616
1 0.6490384615384616 0.7355769230769231 0.009615384615384616 0.009615384615384616
1 0.6430288461538461 0.7355769230769231 0.007211538461538462 0.009615384615384616
1 0.6550480769230769 0.7379807692307693 0.007211538461538462 0.009615384615384616
1 0.6237980769230769 0.7331730769230769 0.007211538461538462 0.009615384615384616
1 0.6358173076923077 0.7355769230769231 0.007211538461538462 0.009615384615384616
1 0.6622596153846154 0.7379807692307693 0.007211538461538462 0.009615384615384616
1 0.6165865384615384 0.7307692307692307 0.007211538461538462 0.009615384615384616
1 0.609375 0.7307692307692307 0.007211538461538462 0.004807692307692308
1 0.6298076923076923 0.7355769230769231 0.009615384615384616 0.009615384615384616
1 0.5949519230769231 0.7283653846153846 0.007211538461538462 0.009615384615384616
1 0.5997596153846154 0.7283653846153846 0.007211538461538462 0.009615384615384616
0 0.7572115384615384 0.765625 0.004807692307692308 0.007211538461538462
0 0.7367788461538461 0.7644230769230769 0.007211538461538462 0.009615384615384616
0 0.7776442307692307 0.7716346153846154 0.007211538461538462 0.009615384615384616
0 0.7175480769230769 0.7644230769230769 0.007211538461538462 0.009615384615384616
0 0.7079326923076923 0.7620192307692307 0.007211538461538462 0.009615384615384616
0 0.7271634615384616 0.7644230769230769 0.007211538461538462 0.009615384615384616
0 0.7007211538461539 0.7596153846153846 0.007211538461538462 0.009615384615384616
0 0.6502403846153846 0.7548076923076923 0.007211538461538462 0.009615384615384616
0 0.6237980769230769 0.75 0.007211538461538462 0.009615384615384616
0 0.640625 0.7524038461538461 0.007211538461538462 0.009615384615384616
0 0.6334134615384616 0.75 0.007211538461538462 0.009615384615384616
0 0.6141826923076923 0.7475961538461539 0.007211538461538462 0.009615384615384616
0 0.5949519230769231 0.7451923076923077 0.007211538461538462 0.009615384615384616
0 0.6045673076923077 0.7475961538461539 0.007211538461538462 0.009615384615384616
1 0.5084134615384616 0.7548076923076923 0.007211538461538462 0.009615384615384616
1 0.5 0.7572115384615384 0.009615384615384616 0.009615384615384616
1 0.5060096153846154 0.7620192307692307 0.007211538461538462 0.009615384615384616
1 0.4987980769230769 0.7692307692307693 0.007211538461538462 0.009615384615384616
1 0.49278846153846156 0.7740384615384616 0.009615384615384616 0.009615384615384616
1 0.47716346153846156 0.7716346153846154 0.007211538461538462 0.009615384615384616
1 0.4567307692307692 0.7668269230769231 0.009615384615384616 0.009615384615384616
1 0.45072115384615385 0.7668269230769231 0.007211538461538462 0.009615384615384616
1 0.4855769230769231 0.7728365384615384 0.009615384615384616 0.01201923076923077
1 0.4651442307692308 0.7692307692307693 0.007211538461538462 0.009615384615384616
1 0.4735576923076923 0.78125 0.009615384615384616 0.009615384615384616
1 0.46634615384615385 0.78125 0.009615384615384616 0.009615384615384616
1 0.45072115384615385 0.7788461538461539 0.007211538461538462 0.009615384615384616
1 0.4579326923076923 0.78125 0.007211538461538462 0.009615384615384616
2 0.6538461538461539 0.8317307692307693 0.004807692307692308 0.004807692307692308
0 0.8389423076923077 0.27884615384615385 0.009615384615384616 0.009615384615384616
0 0.7307692307692307 0.2620192307692308 0.009615384615384616 0.009615384615384616
0 0.7295673076923077 0.27403846153846156 0.007211538461538462 0.009615384615384616
0 0.9014423076923077 0.30528846153846156 0.009615384615384616 0.009615384615384616
1 0.8088942307692307 0.2932692307692308 0.007211538461538462 0.009615384615384616
0 0.8016826923076923 0.2932692307692308 0.007211538461538462 0.009615384615384616
1 0.7728365384615384 0.28846153846153844 0.007211538461538462 0.014423076923076924
1 0.7944711538461539 0.29086538461538464 0.007211538461538462 0.009615384615384616
1 0.765625 0.28725961538461536 0.007211538461538462 0.01201923076923077
1 0.7872596153846154 0.29086538461538464 0.007211538461538462 0.009615384615384616
1 0.7487980769230769 0.2848557692307692 0.01201923076923077 0.01201923076923077
0 0.7584134615384616 0.28725961538461536 0.007211538461538462 0.01201923076923077
0 0.7415865384615384 0.28365384615384615 0.007211538461538462 0.009615384615384616
0 0.7800480769230769 0.29086538461538464 0.007211538461538462 0.009615384615384616
1 0.6935096153846154 0.2764423076923077 0.007211538461538462 0.009615384615384616
1 0.6814903846153846 0.2764423076923077 0.007211538461538462 0.009615384615384616
1 0.6754807692307693 0.27524038461538464 0.004807692307692308 0.007211538461538462
1 0.6862980769230769 0.2764423076923077 0.007211538461538462 0.009615384615384616
1 0.9002403846153846 0.31490384615384615 0.007211538461538462 0.009615384615384616
1 0.8930288461538461 0.31490384615384615 0.007211538461538462 0.009615384615384616
1 0.7331730769230769 0.28846153846153844 0.009615384615384616 0.009615384615384616
0 0.8725961538461539 0.32091346153846156 0.004807692307692308 0.007211538461538462
2 0.7884615384615384 0.3161057692307692 0.02403846153846154 0.04567307692307692
