1 0.7932692307692307 0.3269230769230769 0.004807692307692308 0.009615384615384616
1 0.8004807692307693 0.3269230769230769 0.004807692307692308 0.009615384615384616
1 0.8064903846153846 0.3269230769230769 0.002403846153846154 0.009615384615384616
1 0.7980769230769231 0.3389423076923077 0.004807692307692308 0.009615384615384616
1 0.7932692307692307 0.3389423076923077 0.004807692307692308 0.009615384615384616
0 0.4855769230769231 0.34134615384615385 0.004807692307692308 0.009615384615384616
0 0.48677884615384615 0.35216346153846156 0.007211538461538462 0.01201923076923077
1 0.49759615384615385 0.40384615384615385 0.004807692307692308 0.009615384615384616
1 0.49759615384615385 0.41586538461538464 0.004807692307692308 0.009615384615384616
2 0.4807692307692308 0.4182692307692308 0.009615384615384616 0.004807692307692308
1 0.4951923076923077 0.43028846153846156 0.004807692307692308 0.009615384615384616
1 0.4855769230769231 0.4387019230769231 0.004807692307692308 0.01201923076923077
1 0.4831730769230769 0.45913461538461536 0.004807692307692308 0.009615384615384616
1 0.71875 0.5757211538461539 0.004807692307692308 0.01201923076923077
0 0.7259615384615384 0.5877403846153846 0.004807692307692308 0.01201923076923077
1 0.7163461538461539 0.5877403846153846 0.004807692307692308 0.01201923076923077
1 0.6959134615384616 0.5961538461538461 0.007211538461538462 0.009615384615384616
0 0.6947115384615384 0.6057692307692307 0.009615384615384616 0.009615384615384616
1 0.7223557692307693 0.625 0.007211538461538462 0.009615384615384616
1 0.7007211538461539 0.625 0.007211538461538462 0.009615384615384616
1 0.7127403846153846 0.6274038461538461 0.007211538461538462 0.009615384615384616
1 0.734375 0.6298076923076923 0.007211538461538462 0.009615384615384616
1 0.7043269230769231 0.6370192307692307 0.009615384615384616 0.009615384615384616
1 0.7151442307692307 0.6442307692307693 0.007211538461538462 0.009615384615384616
1 0.7247596153846154 0.6442307692307693 0.007211538461538462 0.009615384615384616
1 0.7319711538461539 0.6466346153846154 0.007211538461538462 0.009615384615384616
1 0.7247596153846154 0.6646634615384616 0.007211538461538462 0.01201923076923077
1 0.7415865384615384 0.671875 0.007211538461538462 0.01201923076923077
1 0.5324519230769231 0.6682692307692307 0.007211538461538462 0.009615384615384616
1 0.5396634615384616 0.6706730769230769 0.007211538461538462 0.009615384615384616
1 0.5132211538461539 0.6682692307692307 0.007211538461538462 0.009615384615384616
1 0.7463942307692307 0.7007211538461539 0.007211538461538462 0.01201923076923077
1 0.7560096153846154 0.7055288461538461 0.007211538461538462 0.01201923076923077
1 0.734375 0.7163461538461539 0.007211538461538462 0.014423076923076924
1 0.7524038461538461 0.7211538461538461 0.004807692307692308 0.009615384615384616
1 0.765625 0.7223557692307693 0.007211538461538462 0.01201923076923077
0 0.6466346153846154 0.7271634615384616 0.004807692307692308 0.01201923076923077
0 0.6382211538461539 0.7247596153846154 0.007211538461538462 0.01201923076923077
2 0.47716346153846156 0.7163461538461539 0.016826923076923076 0.04326923076923077
1 0.7896634615384616 0.7403846153846154 0.007211538461538462 0.009615384615384616
1 0.6923076923076923 0.7439903846153846 0.004807692307692308 0.01201923076923077
1 0.6622596153846154 0.7415865384615384 0.007211538461538462 0.01201923076923077
0 0.6466346153846154 0.7427884615384616 0.009615384615384616 0.009615384615384616
1 0.6742788461538461 0.7451923076923077 0.007211538461538462 0.009615384615384616
1 0.7103365384615384 0.7475961538461539 0.007211538461538462 0.009615384615384616
1 0.6466346153846154 0.7524038461538461 0.009615384615384616 0.009615384615384616
1 0.7283653846153846 0.7620192307692307 0.009615384615384616 0.009615384615384616
1 0.7199519230769231 0.7644230769230769 0.007211538461538462 0.009615384615384616
1 0.7079326923076923 0.7644230769230769 0.007211538461538462 0.009615384615384616
1 0.7692307692307693 0.78125 0.004807692307692308 0.009615384615384616
1 0.7475961538461539 0.78125 0.004807692307692308 0.009615384615384616
1 0.7548076923076923 0.7836538461538461 0.004807692307692308 0.014423076923076924
1 0.5745192307692307 0.7740384615384616 0.004807692307692308 0.009615384615384616
2 0.4723557692307692 0.7704326923076923 0.016826923076923076 0.040865384615384616
1 0.7091346153846154 0.7944711538461539 0.004807692307692308 0.01201923076923077
1 0.7091346153846154 0.7944711538461539 0.004807692307692308 0.01201923076923077
1 0.7980769230769231 0.8209134615384616 0.004807692307692308 0.01201923076923077
1 0.8052884615384616 0.8221153846153846 0.004807692307692308 0.009615384615384616
1 0.7704326923076923 0.8209134615384616 0.007211538461538462 0.01201923076923077
1 0.7560096153846154 0.8197115384615384 0.007211538461538462 0.009615384615384616
1 0.7475961538461539 0.8197115384615384 0.009615384615384616 0.009615384615384616
1 0.734375 0.8185096153846154 0.007211538461538462 0.007211538461538462
1 0.7007211538461539 0.8173076923076923 0.007211538461538462 0.009615384615384616
1 0.6658653846153846 0.8533653846153846 0.009615384615384616 0.009615384615384616
1 0.7427884615384616 0.8617788461538461 0.004807692307692308 0.01201923076923077
1 0.7283653846153846 0.8617788461538461 0.004807692307692308 0.01201923076923077
2 0.6875 0.8822115384615384 0.009615384615384616 0.004807692307692308
0 0.6706730769230769 0.890625 0.004807692307692308 0.01201923076923077
1 0.6778846153846154 0.890625 0.004807692307692308 0.01201923076923077
2 0.4963942307692308 0.1201923076923077 0.007211538461538462 0.004807692307692308
2 0.7055288461538461 0.13942307692307693 0.016826923076923076 0.038461538461538464
2 0.4963942307692308 0.12980769230769232 0.007211538461538462 0.004807692307692308
2 0.5564903846153846 0.1346153846153846 0.021634615384615384 0.052884615384615384
1 0.8088942307692307 0.15625 0.007211538461538462 0.009615384615384616
2 0.4951923076923077 0.13701923076923078 0.004807692307692308 0.004807692307692308
1 0.5805288461538461 0.1778846153846154 0.007211538461538462 0.009615384615384616
1 0.5877403846153846 0.1778846153846154 0.007211538461538462 0.009615384615384616
1 0.5733173076923077 0.1778846153846154 0.007211538461538462 0.009615384615384616
1 0.6213942307692307 0.18269230769230768 0.007211538461538462 0.009615384615384616
1 0.6141826923076923 0.18269230769230768 0.007211538461538462 0.009615384615384616
1 0.5024038461538461 0.1935096153846154 0.004807692307692308 0.01201923076923077
2 0.5120192307692307 0.19471153846153846 0.004807692307692308 0.014423076923076924
1 0.53125 0.20673076923076922 0.004807692307692308 0.009615384615384616
1 0.8016826923076923 0.23076923076923078 0.007211538461538462 0.009615384615384616
1 0.5288461538461539 0.22596153846153846 0.004807692307692308 0.009615384615384616
2 0.7007211538461539 0.2512019230769231 0.026442307692307692 0.026442307692307692
0 0.49038461538461536 0.23677884615384615 0.004807692307692308 0.01201923076923077
1 0.8100961538461539 0.27163461538461536 0.004807692307692308 0.009615384615384616
0 0.49038461538461536 0.2512019230769231 0.004807692307692308 0.01201923076923077
1 0.8100961538461539 0.28125 0.004807692307692308 0.009615384615384616
1 0.8004807692307693 0.3004807692307692 0.004807692307692308 0.009615384615384616
1 0.7932692307692307 0.30288461538461536 0.004807692307692308 0.009615384615384616
1 0.8004807692307693 0.31490384615384615 0.004807692307692308 0.009615384615384616
1 0.7932692307692307 0.31490384615384615 0.004807692307692308 0.009615384615384616
1 0.5168269230769231 0.296875 0.004807692307692308 0.01201923076923077
1 0.5264423076923077 0.2956730769230769 0.004807692307692308 0.009615384615384616
