1 0.3173076923076923 0.5733173076923077 0.009615384615384616 0.007211538461538462
1 0.31971153846153844 0.4651442307692308 0.009615384615384616 0.007211538461538462
1 0.31009615384615385 0.17908653846153846 0.009615384615384616 0.007211538461538462
2 0.328125 0.40024038461538464 0.03125 0.03125
2 0.3293269230769231 0.3112980769230769 0.04807692307692308 0.021634615384615384
1 0.3245192307692308 0.19831730769230768 0.009615384615384616 0.007211538461538462
1 0.3269230769230769 0.24158653846153846 0.009615384615384616 0.007211538461538462
1 0.35336538461538464 0.46875 0.009615384615384616 0.004807692307692308
2 0.3798076923076923 0.3076923076923077 0.057692307692307696 0.02403846153846154
2 0.44350961538461536 0.30408653846153844 0.04567307692307692 0.026442307692307692
2 0.49038461538461536 0.2692307692307692 0.004807692307692308 0.004807692307692308
2 0.5024038461538461 0.2692307692307692 0.004807692307692308 0.004807692307692308
1 0.5336538461538461 0.5324519230769231 0.009615384615384616 0.007211538461538462
1 0.5408653846153846 0.6021634615384616 0.009615384615384616 0.007211538461538462
2 0.5612980769230769 0.5108173076923077 0.007211538461538462 0.002403846153846154
1 0.5721153846153846 0.6334134615384616 0.009615384615384616 0.007211538461538462
1 0.6322115384615384 0.5456730769230769 0.009615384615384616 0.004807692307692308
2 0.6274038461538461 0.46153846153846156 0.009615384615384616 0.004807692307692308
1 0.6418269230769231 0.546875 0.009615384615384616 0.007211538461538462
2 0.6394230769230769 0.46634615384615385 0.004807692307692308 0.004807692307692308
1 0.6466346153846154 0.5384615384615384 0.009615384615384616 0.004807692307692308
2 0.6442307692307693 0.46634615384615385 0.004807692307692308 0.004807692307692308
1 0.6538461538461539 0.546875 0.009615384615384616 0.007211538461538462
1 0.6442307692307693 0.21754807692307693 0.009615384615384616 0.007211538461538462
1 0.6442307692307693 0.19951923076923078 0.009615384615384616 0.004807692307692308
1 0.6418269230769231 0.17427884615384615 0.009615384615384616 0.007211538461538462
1 0.6442307692307693 0.20793269230769232 0.009615384615384616 0.007211538461538462
1 0.6442307692307693 0.2247596153846154 0.009615384615384616 0.007211538461538462
1 0.6490384615384616 0.32091346153846156 0.009615384615384616 0.007211538461538462
1 0.6490384615384616 0.25721153846153844 0.009615384615384616 0.004807692307692308
1 0.6466346153846154 0.2403846153846154 0.009615384615384616 0.004807692307692308
1 0.6514423076923077 0.34134615384615385 0.009615384615384616 0.004807692307692308
1 0.6538461538461539 0.3485576923076923 0.009615384615384616 0.004807692307692308
1 0.6514423076923077 0.33413461538461536 0.009615384615384616 0.004807692307692308
1 0.6514423076923077 0.30649038461538464 0.009615384615384616 0.007211538461538462
1 0.6442307692307693 0.18509615384615385 0.009615384615384616 0.004807692307692308
1 0.6538461538461539 0.36538461538461536 0.009615384615384616 0.004807692307692308
1 0.65625 0.37259615384615385 0.009615384615384616 0.004807692307692308
2 0.6899038461538461 0.625 0.004807692307692308 0.009615384615384616
1 0.6947115384615384 0.421875 0.009615384615384616 0.007211538461538462
2 0.7139423076923077 0.6225961538461539 0.004807692307692308 0.004807692307692308
1 0.7091346153846154 0.5084134615384616 0.009615384615384616 0.007211538461538462
1 0.7067307692307693 0.5024038461538461 0.009615384615384616 0.004807692307692308
1 0.7043269230769231 0.42427884615384615 0.009615384615384616 0.007211538461538462
2 0.71875 0.6225961538461539 0.004807692307692308 0.004807692307692308
2 0.7235576923076923 0.6201923076923077 0.004807692307692308 0.004807692307692308
2 0.7211538461538461 0.5420673076923077 0.009615384615384616 0.002403846153846154
2 0.7283653846153846 0.6201923076923077 0.004807692307692308 0.004807692307692308
1 0.7211538461538461 0.421875 0.009615384615384616 0.007211538461538462
1 0.7307692307692307 0.4266826923076923 0.009615384615384616 0.007211538461538462
1 0.7403846153846154 0.4254807692307692 0.009615384615384616 0.004807692307692308
1 0.7524038461538461 0.42788461538461536 0.009615384615384616 0.004807692307692308
1 0.7668269230769231 0.4254807692307692 0.009615384615384616 0.004807692307692308
1 0.7620192307692307 0.16706730769230768 0.009615384615384616 0.007211538461538462
1 0.7620192307692307 0.17427884615384615 0.009615384615384616 0.007211538461538462
1 0.7620192307692307 0.1622596153846154 0.009615384615384616 0.007211538461538462
1 0.7620192307692307 0.1814903846153846 0.009615384615384616 0.007211538461538462
1 0.7620192307692307 0.18870192307692307 0.009615384615384616 0.007211538461538462
1 0.7644230769230769 0.19591346153846154 0.009615384615384616 0.007211538461538462
1 0.7644230769230769 0.22235576923076922 0.009615384615384616 0.007211538461538462
1 0.7644230769230769 0.20793269230769232 0.009615384615384616 0.007211538461538462
1 0.7668269230769231 0.24158653846153846 0.009615384615384616 0.007211538461538462
1 0.7644230769230769 0.20072115384615385 0.009615384615384616 0.007211538461538462
1 0.7668269230769231 0.234375 0.009615384615384616 0.007211538461538462
1 0.7644230769230769 0.21514423076923078 0.009615384615384616 0.007211538461538462
1 0.7644230769230769 0.22956730769230768 0.009615384615384616 0.007211538461538462
1 0.7668269230769231 0.24879807692307693 0.009615384615384616 0.007211538461538462
1 0.7668269230769231 0.25600961538461536 0.009615384615384616 0.007211538461538462
1 0.7668269230769231 0.26802884615384615 0.009615384615384616 0.007211538461538462
1 0.7668269230769231 0.26322115384615385 0.009615384615384616 0.007211538461538462
1 0.7692307692307693 0.30649038461538464 0.009615384615384616 0.007211538461538462
1 0.7692307692307693 0.27884615384615385 0.009615384615384616 0.004807692307692308
1 0.7692307692307693 0.29927884615384615 0.009615384615384616 0.007211538461538462
1 0.7692307692307693 0.28725961538461536 0.009615384615384616 0.007211538461538462
1 0.7692307692307693 0.2920673076923077 0.009615384615384616 0.007211538461538462
1 0.7716346153846154 0.3137019230769231 0.009615384615384616 0.007211538461538462
1 0.7728365384615384 0.3473557692307692 0.01201923076923077 0.007211538461538462
1 0.7716346153846154 0.328125 0.009615384615384616 0.007211538461538462
1 0.7740384615384616 0.3545673076923077 0.009615384615384616 0.007211538461538462
1 0.7704326923076923 0.32091346153846156 0.01201923076923077 0.007211538461538462
1 0.7716346153846154 0.3401442307692308 0.009615384615384616 0.007211538461538462
1 0.7740384615384616 0.359375 0.009615384615384616 0.007211538461538462
1 0.7716346153846154 0.3329326923076923 0.009615384615384616 0.007211538461538462
1 0.796875 0.4362980769230769 0.01201923076923077 0.007211538461538462
1 0.8076923076923077 0.4362980769230769 0.009615384615384616 0.007211538461538462
1 0.8100961538461539 0.4050480769230769 0.009615384615384616 0.007211538461538462
1 0.8100961538461539 0.3918269230769231 0.009615384615384616 0.004807692307692308
1 0.8052884615384616 0.2512019230769231 0.009615384615384616 0.007211538461538462
1 0.8221153846153846 0.390625 0.009615384615384616 0.007211538461538462
1 0.8269230769230769 0.41346153846153844 0.009615384615384616 0.004807692307692308
1 0.8245192307692307 0.4026442307692308 0.009615384615384616 0.007211538461538462
1 0.8365384615384616 0.4110576923076923 0.009615384615384616 0.004807692307692308
2 0.23317307692307693 0.47596153846153844 0.004807692307692308 0.004807692307692308
1 0.24519230769230768 0.6201923076923077 0.009615384615384616 0.004807692307692308
2 0.23557692307692307 0.4423076923076923 0.004807692307692308 0.004807692307692308
2 0.2403846153846154 0.4411057692307692 0.004807692307692308 0.007211538461538462
2 0.24759615384615385 0.4411057692307692 0.004807692307692308 0.007211538461538462
2 0.25240384615384615 0.4411057692307692 0.004807692307692308 0.007211538461538462
2 0.2644230769230769 0.5697115384615384 0.004807692307692308 0.004807692307692308
2 0.25721153846153844 0.4411057692307692 0.004807692307692308 0.007211538461538462
1 0.25 0.19831730769230768 0.009615384615384616 0.007211538461538462
2 0.27403846153846156 0.5649038461538461 0.004807692307692308 0.004807692307692308
2 0.2548076923076923 0.1466346153846154 0.014423076923076924 0.004807692307692308
2 0.25961538461538464 0.18990384615384615 0.009615384615384616 0.004807692307692308
2 0.25961538461538464 0.19471153846153846 0.009615384615384616 0.004807692307692308
2 0.25961538461538464 0.1971153846153846 0.009615384615384616 0.004807692307692308
2 0.25961538461538464 0.20192307692307693 0.009615384615384616 0.004807692307692308
2 0.27884615384615385 0.5649038461538461 0.004807692307692308 0.004807692307692308
2 0.27403846153846156 0.44711538461538464 0.004807692307692308 0.004807692307692308
2 0.28846153846153844 0.6538461538461539 0.004807692307692308 0.004807692307692308
2 0.29086538461538464 0.6598557692307693 0.004807692307692308 0.007211538461538462
2 0.2644230769230769 0.16105769230769232 0.009615384615384616 0.004807692307692308
2 0.2644230769230769 0.15625 0.009615384615384616 0.004807692307692308
2 0.2644230769230769 0.1658653846153846 0.009615384615384616 0.004807692307692308
2 0.2644230769230769 0.15865384615384615 0.009615384615384616 0.004807692307692308
2 0.27884615384615385 0.44711538461538464 0.004807692307692308 0.004807692307692308
2 0.27884615384615385 0.3629807692307692 0.009615384615384616 0.004807692307692308
2 0.27884615384615385 0.3629807692307692 0.009615384615384616 0.004807692307692308
1 0.2668269230769231 0.14783653846153846 0.009615384615384616 0.007211538461538462
2 0.2704326923076923 0.17067307692307693 0.01201923076923077 0.004807692307692308
1 0.27403846153846156 0.20793269230769232 0.009615384615384616 0.007211538461538462
1 0.2980769230769231 0.5769230769230769 0.009615384615384616 0.004807692307692308
1 0.29086538461538464 0.36899038461538464 0.009615384615384616 0.007211538461538462
1 0.31009615384615385 0.5733173076923077 0.009615384615384616 0.007211538461538462
