1 0.27283653846153844 0.34134615384615385 0.007211538461538462 0.009615384615384616
1 0.2848557692307692 0.34134615384615385 0.007211538461538462 0.009615384615384616
1 0.296875 0.34375 0.007211538461538462 0.009615384615384616
1 0.3473557692307692 0.3545673076923077 0.007211538461538462 0.01201923076923077
1 0.3473557692307692 0.3737980769230769 0.007211538461538462 0.01201923076923077
1 0.3473557692307692 0.390625 0.007211538461538462 0.01201923076923077
1 0.3473557692307692 0.4074519230769231 0.007211538461538462 0.01201923076923077
1 0.3473557692307692 0.4266826923076923 0.007211538461538462 0.01201923076923077
1 0.3473557692307692 0.44350961538461536 0.007211538461538462 0.01201923076923077
1 0.3485576923076923 0.5612980769230769 0.004807692307692308 0.01201923076923077
1 0.1346153846153846 0.5673076923076923 0.014423076923076924 0.019230769230769232
1 0.3485576923076923 0.5805288461538461 0.004807692307692308 0.01201923076923077
1 0.1346153846153846 0.5901442307692307 0.014423076923076924 0.021634615384615384
1 0.3473557692307692 0.5973557692307693 0.007211538461538462 0.01201923076923077
1 0.3485576923076923 0.6141826923076923 0.004807692307692308 0.01201923076923077
1 0.3473557692307692 0.6334134615384616 0.007211538461538462 0.01201923076923077
1 0.3473557692307692 0.6478365384615384 0.007211538461538462 0.01201923076923077
