1 0.7728365384615384 0.34975961538461536 0.01201923076923077 0.021634615384615384
1 0.7764423076923077 0.38100961538461536 0.014423076923076924 0.021634615384615384
1 0.7728365384615384 0.40865384615384615 0.01201923076923077 0.019230769230769232
1 0.7728365384615384 0.43149038461538464 0.01201923076923077 0.021634615384615384
2 0.8665865384615384 0.5456730769230769 0.01201923076923077 0.028846153846153848
1 0.16826923076923078 0.5997596153846154 0.014423076923076924 0.021634615384615384
2 0.10817307692307693 0.6225961538461539 0.014423076923076924 0.028846153846153848
2 0.7644230769230769 0.671875 0.019230769230769232 0.016826923076923076
2 0.7427884615384616 0.6826923076923077 0.019230769230769232 0.04326923076923077
2 0.13221153846153846 0.7043269230769231 0.014423076923076924 0.028846153846153848
1 0.08173076923076923 0.8521634615384616 0.014423076923076924 0.021634615384615384
2 0.21634615384615385 0.13701923076923078 0.014423076923076924 0.028846153846153848
2 0.17548076923076922 0.17668269230769232 0.04326923076923077 0.0889423076923077
